0 0.31147 0.0394958 0.00377973
1 0.31147 0.018748 0.0013488
2 0.31147 0.0208916 0.00193286
3 0.31147 0.0315275 0.00382616
4 0.31147 0.0312881 0.00289255
5 0.31147 0.0237936 0.00211286
6 0.31147 0.0264206 0.00283755
7 0.31147 0.0323098 0.0033972
8 0.31147 0.0283489 0.00256956
9 0.32 0.0352511 0.00459139
10 0.32 0.0304834 0.00364621
11 0.32 0.0382581 0.00372063
12 0.32 0.0355943 0.00385441
13 0.32 0.0325022 0.00356887
14 0.32 0.0381236 0.00413752
15 0.32 0.0309662 0.00305195
16 0.32 0.0311931 0.00317586
17 0.32 0.0376848 0.00407018
18 0.32 0.0337578 0.00359521
19 0.35742 0.0408968 0.00479669
20 0.35742 0.0403732 0.00387507
21 0.35742 0.0310652 0.00336071
22 0.35742 0.0462909 0.00488195
23 0.35742 0.0369482 0.00355357
24 0.35742 0.0393352 0.00402159
25 0.35742 0.0305531 0.00340911
26 0.35742 0.0429045 0.00411385
27 0.35742 0.0435692 0.00530017
28 0.35742 0.0372192 0.00398831
29 0.35742 0.0363572 0.00371942
30 0.35742 0.0426354 0.00478269
31 0.35742 0.0423952 0.00430882
32 0.35742 0.0347069 0.00368655
33 0.35742 0.0338604 0.00363214
34 0.35742 0.0365615 0.00391576
35 0.35742 0.0376195 0.00372507
36 0.35742 0.0358086 0.00414057
37 0.35742 0.0312774 0.00311118
38 0.35742 0.0352087 0.00340547
39 0.35742 0.0330553 0.00391473
40 0.35742 0.0417627 0.00487076
41 0.35742 0.0377643 0.00406708
42 0.35742 0.0362916 0.00424258
43 0.35742 0.0376786 0.00374637
44 0.35742 0.0368133 0.00456695
45 0.35742 0.0301536 0.00298449
46 0.35742 0.0393338 0.00400594
47 0.35742 0.0390195 0.00387065
48 0.35742 0.0356937 0.00408267
49 0.35742 0.0365062 0.00382306
50 0.35742 0.0404526 0.00411721
51 0.35742 0.0421167 0.00444755
52 0.35742 0.0356933 0.0041789
53 0.35742 0.04084 0.00419953
54 0.35742 0.0449063 0.00491865
55 0.35742 0.0370833 0.00397596
56 0.35742 0.036847 0.00348406
57 0.35742 0.0316765 0.00357641
58 0.35921 0.0394245 0.0041132
59 0.35921 0.0347327 0.00358703
60 0.35921 0.0358363 0.00369426
61 0.35921 0.030733 0.00339348
62 0.35921 0.0424669 0.00419389
63 0.35921 0.0303802 0.00302649
64 0.35921 0.0433507 0.00495459
65 0.35921 0.0333537 0.00358446
66 0.35921 0.0356824 0.00352011
67 0.35921 0.0369653 0.00365047
68 0.35921 0.033557 0.00330349
69 0.35921 0.0364466 0.00398
70 0.35921 0.0422784 0.00410114
71 0.35921 0.0404655 0.00449244
72 0.36779 0.0542457 0.00595404
73 0.36779 0.0322766 0.00300956
74 0.36779 0.0452602 0.00511862
75 0.36779 0.0413647 0.00451019
76 0.36779 0.0373402 0.00379976
77 0.36779 0.0424432 0.00494433
78 0.36779 0.0430952 0.00437246
79 0.36779 0.0435918 0.00449636
80 0.36779 0.0398443 0.00404247
81 0.36779 0.0387095 0.00396872
82 0.36779 0.0373148 0.00372589
83 0.36779 0.0398247 0.00449615
84 0.36779 0.0427118 0.00457524
85 0.36779 0.0386256 0.00435189
86 0.36779 0.0390341 0.00411894
87 0.36779 0.0379508 0.00426929
88 0.36779 0.0407926 0.00456191
89 0.36779 0.0423585 0.00511902
90 0.41653 0.0374312 0.00438958
91 0.41653 0.0451086 0.00499211
92 0.41653 0.0362664 0.00400969
93 0.41653 0.0335991 0.00352292
94 0.41653 0.0404931 0.00449782
95 0.41653 0.0354235 0.00383302
96 0.41653 0.0427574 0.00420281
97 0.41653 0.0332159 0.00383653
98 0.41653 0.0419491 0.00428589
99 0.41653 0.0425304 0.00450723
100 0.41653 0.0394367 0.00473101
101 0.41653 0.0352179 0.00342097
102 0.41653 0.0341982 0.00374091
103 0.41653 0.042495 0.0049643
104 0.41653 0.043981 0.00492994
105 0.41653 0.0388202 0.00394496
106 0.41653 0.0439228 0.00484385
107 0.41653 0.0446522 0.00454982
108 0.41653 0.0415947 0.00459207
109 0.41653 0.0390943 0.00446941
110 0.41653 0.0427896 0.00525643
111 0.41653 0.0397964 0.00428238
112 0.41653 0.0322633 0.00328542
113 0.41653 0.0336481 0.00357684
114 0.41653 0.0392935 0.00425795
115 0.41653 0.0418852 0.00416408
116 0.41653 0.0419809 0.00450956
117 0.41653 0.0501338 0.0060548
118 0.41653 0.0412321 0.00491492
119 0.41653 0.0427649 0.00497119
120 0.4762 0.0322296 0.00408793
121 0.4762 0.0423265 0.00539488
122 0.4762 0.0474565 0.00686969
123 0.4762 0.0452934 0.00598396
124 0.4762 0.0477119 0.00833203
125 0.4762 0.049445 0.00754268
126 0.4762 0.0517466 0.00792967
127 0.4762 0.0535494 0.00866549
128 0.50403 0.0488064 0.00884088
129 0.50403 0.0472914 0.0069601
130 0.50403 0.0542426 0.00849614
131 0.50403 0.0476895 0.00671298
132 0.50403 0.0536487 0.00806538
133 0.50403 0.0616198 0.0118872
134 0.50403 0.0558288 0.0092561
135 0.50403 0.0543771 0.00845208
136 0.50403 0.0591703 0.00871034
137 0.50403 0.0429522 0.0066339
138 0.50403 0.0486999 0.00783717
139 0.50403 0.0458697 0.00757167
140 0.50403 0.0573351 0.0100272
141 0.50403 0.0616795 0.0111945
142 0.50403 0.0573459 0.00956877
143 0.50403 0.0582513 0.00925074
144 0.50403 0.0577765 0.00840258
145 0.50403 0.056381 0.00924855
146 0.50403 0.043989 0.00650067
147 0.50403 0.0464052 0.00664698
148 0.50403 0.052018 0.00757686
149 0.50403 0.0533095 0.009372
150 0.50403 0.0456013 0.00731097
151 0.50403 0.0569876 0.00948839
152 0.50403 0.0539784 0.00727807
153 0.50403 0.0486807 0.00769989
154 0.50403 0.0522971 0.00784913
155 0.50403 0.0516168 0.00941422
156 0.50403 0.0501618 0.00926545
157 0.50403 0.0441491 0.00644413
158 0.50403 0.0507528 0.00893749
159 0.50403 0.0599767 0.0110314
160 0.50403 0.0624904 0.0111165
161 0.50403 0.0564659 0.0107303
162 0.50403 0.0567107 0.0109999
163 0.50403 0.0631826 0.00829319
164 0.50403 0.058085 0.0099118
165 0.50403 0.0457741 0.00645866
166 0.50403 0.0637633 0.0097879
167 0.50403 0.0511803 0.00830232
168 0.553 0.0621297 0.0121797
169 0.553 0.0460446 0.00865292
170 0.553 0.0466532 0.00782
171 0.553 0.0586049 0.00943412
172 0.553 0.0526111 0.00927359
173 0.553 0.0479914 0.00788166
174 0.553 0.0392092 0.00692274
175 0.553 0.0545909 0.00934086
176 0.553 0.0493829 0.00824349
177 0.553 0.0483084 0.00687644
178 0.553 0.0385294 0.00550273
179 0.553 0.0524563 0.00838823
180 0.553 0.0613865 0.0114236
181 0.553 0.0545649 0.00766511
182 0.553 0.0548442 0.00805608
183 0.553 0.0521571 0.00850784
184 0.57455 0.0621869 0.0132466
185 0.57455 0.0581578 0.0102375
186 0.57455 0.0566792 0.0107282
187 0.57455 0.0602303 0.0109394
188 0.57455 0.0541235 0.00760199
189 0.57455 0.0593763 0.010177
190 0.57455 0.0494021 0.00925806
191 0.57455 0.0642809 0.0119867
192 0.57455 0.0594365 0.0122286
193 0.57455 0.0571994 0.0106955
194 0.57455 0.0641188 0.012006
195 0.57455 0.0524137 0.00866699
196 0.57455 0.0501243 0.00797377
197 0.57455 0.0554333 0.00897878
198 0.57455 0.0626894 0.0116147
199 0.57455 0.0659664 0.0101636
200 0.57455 0.050751 0.00827353
201 0.57455 0.0541807 0.00904072
202 0.58143 0.051302 0.00934516
203 0.58143 0.0434162 0.00696016
204 0.58143 0.049824 0.00761154
205 0.58143 0.05988 0.00926695
206 0.58143 0.0552982 0.0101694
207 0.58143 0.0652164 0.0120355
208 0.58143 0.0552513 0.00842498
209 0.58143 0.0571336 0.0106519
210 0.58143 0.056594 0.00883931
211 0.58143 0.0550013 0.00935685
212 0.58143 0.0455329 0.00802026
213 0.58143 0.0539259 0.00885435
214 0.58143 0.0436502 0.00605495
215 0.58143 0.0454901 0.00624411
216 0.58143 0.0534586 0.00850511
217 0.58143 0.0419193 0.00644607
218 0.58143 0.0496271 0.0070251
219 0.58143 0.0584895 0.0122397
220 0.58143 0.0584407 0.0106871
221 0.58143 0.0508657 0.00949699
222 0.58143 0.0540967 0.00927429
223 0.58143 0.0592408 0.0101907
224 0.58143 0.0621366 0.0106245
225 0.58143 0.0532532 0.00838464
226 0.58143 0.0620091 0.0113046
227 0.58143 0.0522843 0.00747617
228 0.58143 0.0557943 0.00959293
229 0.58143 0.0619163 0.00940238
230 0.58143 0.0508293 0.0082114
231 0.58143 0.05839 0.00858865
232 0.58143 0.05848 0.00942381
233 0.58143 0.0633261 0.0104739
234 0.58143 0.0555964 0.0104464
235 0.58143 0.0561721 0.0108168
236 0.63596 0.0480435 0.00816278
237 0.63596 0.0501988 0.009031
238 0.63596 0.0755501 0.0129457
239 0.63596 0.0690367 0.0114355
240 0.63596 0.0721797 0.0141045
241 0.63596 0.0659021 0.0115442
242 0.63596 0.0638219 0.0117911
243 0.63596 0.0680655 0.01354
244 0.63596 0.0670412 0.0122861
245 0.63596 0.0600225 0.0107029
246 0.63596 0.0676292 0.0126785
247 0.63596 0.0601943 0.0107394
248 0.63596 0.0613751 0.0110379
249 0.63596 0.0652504 0.0116482
250 0.63596 0.0707484 0.0129326
251 0.63596 0.0549388 0.00966442
252 0.63596 0.0504821 0.00845992
253 0.63596 0.0516836 0.00837755
254 0.63596 0.0665028 0.0113133
255 0.63596 0.0613347 0.0110554
256 0.63596 0.0569479 0.00901847
257 0.63596 0.066097 0.0127644
258 0.63596 0.0597454 0.0100568
259 0.63596 0.0532464 0.0108587
260 0.63596 0.059549 0.0093729
261 0.63596 0.0565065 0.00919191
262 0.63596 0.0657744 0.0122539
263 0.63596 0.0585609 0.00826148
264 0.63596 0.0676761 0.0111805
265 0.63596 0.0631676 0.011752
266 0.63596 0.0541638 0.00944461
267 0.63596 0.0459597 0.0071471
268 0.63596 0.0502313 0.00762211
269 0.63596 0.058886 0.00938412
270 0.63596 0.0517008 0.00967557
271 0.63596 0.0610141 0.00994864
272 0.63596 0.0643883 0.0109291
273 0.63596 0.0570437 0.0101638
274 0.63596 0.0616056 0.0108262
275 0.63596 0.0619627 0.0100603
276 0.63596 0.0573852 0.0107185
277 0.63596 0.0616701 0.0105983
278 0.63596 0.0521473 0.00913325
279 0.63596 0.0536738 0.00866552
280 0.63596 0.0493097 0.00779338
281 0.63596 0.0620992 0.0103066
282 0.63596 0.0476146 0.00693948
283 0.63596 0.0692973 0.0111344
284 0.63596 0.0683349 0.0114747
285 0.63596 0.0481385 0.00844954
286 0.63596 0.0564105 0.0102112
287 0.63596 0.0769382 0.0137368
288 0.63596 0.056723 0.0102762
289 0.63596 0.0591866 0.00914935
290 0.63596 0.0621194 0.00986577
291 0.63596 0.0614324 0.0113408
292 0.63596 0.0598641 0.0108435
293 0.63596 0.0605353 0.011437
294 0.63596 0.0621179 0.0105552
295 0.63596 0.0587621 0.0104921
296 0.63596 0.0545464 0.00809207
297 0.63596 0.0646153 0.00996731
298 0.63596 0.0528297 0.0090286
299 0.63596 0.0541244 0.0103489
300 0.63596 0.0643445 0.0111817
301 0.63596 0.0677183 0.013503
302 0.63596 0.0591092 0.011531
303 0.63596 0.0483544 0.0076613
304 0.63596 0.0624108 0.00999244
305 0.63596 0.0555625 0.01006
306 0.63596 0.0583782 0.00965202
307 0.63596 0.0531137 0.00920304
308 0.63596 0.049482 0.00944686
309 0.63596 0.0616268 0.0120687
310 0.63596 0.0575873 0.0103837
311 0.63596 0.0506813 0.00861544
312 0.63596 0.0576481 0.0117099
313 0.63596 0.0483174 0.00769719
314 0.63596 0.0547711 0.00853012
315 0.63596 0.0692788 0.0121843
316 0.63596 0.0656383 0.0138652
317 0.63596 0.0598742 0.011005
318 0.63596 0.0548037 0.010712
319 0.63596 0.0501904 0.00861854
320 0.63596 0.0581598 0.00933692
321 0.63596 0.059057 0.0102912
322 0.63596 0.0549354 0.0107006
323 0.63596 0.0578329 0.0109749
324 0.63596 0.0531064 0.00973351
325 0.63596 0.0608406 0.0103336
326 0.63596 0.0593395 0.0099318
327 0.63596 0.0709421 0.0155912
328 0.63596 0.0583456 0.0116845
329 0.63596 0.0578923 0.0115699
330 0.63596 0.0450328 0.00748107
331 0.63596 0.0527887 0.00962512
332 0.63596 0.054607 0.00820966
333 0.63596 0.055845 0.00889243
334 0.63596 0.0612828 0.0113968
335 0.63596 0.0636728 0.0132575
336 0.63596 0.0586274 0.0118432
337 0.63596 0.0634586 0.0130633
338 0.63596 0.059834 0.0104942
339 0.65343 0.0571941 0.0119191
340 0.65343 0.0410024 0.00651217
341 0.65343 0.0521333 0.00787627
342 0.65343 0.0596361 0.00981633
343 0.65343 0.0564976 0.00850496
344 0.65343 0.0515392 0.00807145
345 0.65343 0.0631821 0.0111888
346 0.65343 0.0581214 0.0108711
347 0.66667 0.0587255 0.0113616
348 0.66667 0.0459997 0.00730699
349 0.66667 0.0600276 0.0107063
350 0.66667 0.0600752 0.010311
351 0.66667 0.055871 0.0112464
352 0.66667 0.0487206 0.00809671
353 0.66667 0.0521387 0.0112233
354 0.66667 0.0527231 0.00926235
355 0.66667 0.0531417 0.00896571
356 0.66667 0.060292 0.0104599
357 0.66667 0.0465016 0.00614644
358 0.66667 0.050166 0.00930693
359 0.66667 0.0561938 0.011082
360 0.66667 0.048101 0.00680219
361 0.66667 0.0514921 0.00874666
362 0.66667 0.0404657 0.00554583
363 0.66667 0.0471261 0.0100783
364 0.66667 0.046473 0.00769632
365 0.66667 0.0506984 0.00911559
366 0.66667 0.0468658 0.00741102
367 0.66667 0.0505736 0.00913747
368 0.66667 0.052787 0.0083803
369 0.66667 0.0359226 0.0046531
370 0.66667 0.0428454 0.00601314
371 0.66667 0.0459071 0.00941883
372 0.66667 0.0472733 0.00689608
373 0.66667 0.0551273 0.0119189
374 0.66667 0.0415507 0.00713705
375 0.66667 0.0451964 0.00954714
376 0.66667 0.05328 0.0102278
377 0.66667 0.0529812 0.0102534
378 0.66667 0.0624467 0.0114028
379 0.66667 0.0512072 0.00856737
380 0.66667 0.0506433 0.01004
381 0.66667 0.0536086 0.00960941
382 0.66667 0.0508093 0.00943585
383 0.66667 0.0521784 0.00889375
384 0.66667 0.0492861 0.00868049
385 0.66667 0.0435557 0.00653172
386 0.66667 0.0495316 0.00985191
387 0.66667 0.0432774 0.00807843
388 0.66667 0.0540368 0.00924233
389 0.66667 0.0570157 0.0112071
390 0.66667 0.0503333 0.00969581
391 0.66667 0.0519226 0.0109837
392 0.66667 0.0452034 0.00731995
393 0.66667 0.0452313 0.00766737
394 0.66667 0.0446028 0.00791046
395 0.66667 0.0574539 0.00921448
396 0.66667 0.0461707 0.00745792
397 0.66667 0.0556568 0.00982035
398 0.66667 0.0549055 0.0113097
399 0.66667 0.0472747 0.00934853
400 0.66667 0.0487054 0.00939772
401 0.66667 0.0470368 0.00890376
402 0.66667 0.0522315 0.00886638
403 0.66667 0.0511459 0.00868362
404 0.66667 0.063724 0.0126398
405 0.66667 0.0570077 0.0114866
406 0.66667 0.0434962 0.00737436
407 0.66667 0.0507866 0.00922078
408 0.66667 0.0560104 0.0101353
409 0.66667 0.0654281 0.0137054
410 0.66667 0.0487757 0.00880973
411 0.66667 0.0696597 0.01133
412 0.66667 0.0561541 0.0116705
413 0.66667 0.0570873 0.0103849
414 0.66667 0.0489147 0.00854998
415 0.66667 0.0547049 0.00838512
416 0.66667 0.0623902 0.0109692
417 0.66667 0.0498371 0.00959181
418 0.66667 0.0609571 0.0100815
419 0.66667 0.0527688 0.0108702
420 0.66667 0.0478841 0.00852316
421 0.66667 0.0585285 0.0116286
422 0.66667 0.0515762 0.00922602
423 0.66667 0.061309 0.0138288
424 0.66667 0.0543219 0.00990822
425 0.66667 0.0550262 0.00969276
426 0.66667 0.0586757 0.0112786
427 0.66667 0.0472878 0.00806587
428 0.66667 0.0565633 0.0112243
429 0.66667 0.0592536 0.0116162
430 0.66667 0.0661788 0.0123598
431 0.66667 0.0566614 0.0106655
432 0.66667 0.0640564 0.0119431
433 0.66667 0.0492185 0.00882308
434 0.66667 0.0553428 0.0094233
435 0.66667 0.06304 0.0109801
436 0.66667 0.0555658 0.010241
437 0.66667 0.0594715 0.0123168
438 0.66667 0.0560203 0.0123146
439 0.66667 0.0628705 0.0133032
440 0.66667 0.0585669 0.0113042
441 0.69254 0.0619167 0.0145382
442 0.69254 0.0592631 0.0132037
443 0.69254 0.063669 0.0114926
444 0.69254 0.0464827 0.00843931
445 0.69254 0.0540099 0.00890707
446 0.69254 0.0517725 0.0077672
447 0.69254 0.0479525 0.00839727
448 0.69254 0.0410022 0.00799876
449 0.69254 0.063228 0.012189
450 0.69254 0.0472575 0.00797307
451 0.69254 0.0665489 0.0138025
452 0.69254 0.0611994 0.0115522
453 0.69254 0.0619315 0.0132303
454 0.69254 0.0585378 0.0107103
455 0.69254 0.0522534 0.0109816
456 0.69254 0.0642625 0.013314
457 0.69254 0.0646273 0.0136122
458 0.69254 0.0638985 0.013582
459 0.69254 0.0624144 0.0124932
460 0.69254 0.0549722 0.0112244
461 0.69254 0.0721942 0.014087
462 0.69254 0.0625092 0.0136437
463 0.69254 0.0626568 0.0133804
464 0.69254 0.0544839 0.0102909
465 0.69254 0.048152 0.0086824
466 0.69254 0.0577058 0.013609
467 0.69254 0.0570477 0.011645
468 0.69254 0.0572012 0.0109281
469 0.69254 0.0577648 0.0104598
470 0.69254 0.0625292 0.012345
471 0.69254 0.0646774 0.013359
472 0.69254 0.0606098 0.0114116
473 0.69254 0.0497373 0.00797364
474 0.69254 0.0562274 0.011298
475 0.69254 0.0541525 0.00986348
476 0.69254 0.0637746 0.0119051
477 0.69254 0.0671259 0.0137075
478 0.69254 0.0588835 0.0112944
479 0.69254 0.0493049 0.00881704
480 0.69254 0.0568682 0.00963542
481 0.69254 0.0432455 0.00668248
482 0.69254 0.0508088 0.00851149
483 0.69254 0.0473112 0.00630207
484 0.69254 0.0473146 0.00703542
485 0.69254 0.0528699 0.00940438
486 0.69254 0.0487805 0.00892134
487 0.69254 0.0494125 0.0086123
488 0.69254 0.0569838 0.0108035
489 0.69254 0.0451755 0.00792095
490 0.69254 0.0586641 0.0112496
491 0.69254 0.0391592 0.00794227
492 0.69254 0.0512998 0.00999476
493 0.69254 0.0615633 0.012396
494 0.69254 0.0487792 0.0104007
495 0.69254 0.0515157 0.00944224
496 0.69254 0.0563519 0.0113739
497 0.69254 0.0582923 0.0108291
498 0.69254 0.0421653 0.00753974
499 0.69254 0.0603582 0.0127433
500 0.69254 0.0574973 0.0112891
501 0.69254 0.0470755 0.00803159
502 0.69254 0.0526076 0.00965181
503 0.69254 0.0525332 0.00990154
504 0.69254 0.0465701 0.00794382
505 0.69254 0.0546809 0.0101724
506 0.69254 0.0529302 0.00862439
507 0.69254 0.0524343 0.0110483
508 0.69254 0.0566935 0.0104678
509 0.69254 0.0584497 0.0105248
510 0.69254 0.0624799 0.0123348
511 0.69254 0.0546822 0.00998736
512 0.69254 0.0631935 0.0119478
513 0.69254 0.0520989 0.0082826
514 0.69254 0.0534083 0.0094392
515 0.69254 0.0549533 0.0104658
516 0.69254 0.0483739 0.00902354
517 0.69254 0.0488497 0.00881876
518 0.69254 0.0444226 0.0064213
519 0.69254 0.0455943 0.0099339
520 0.69254 0.0534207 0.0105847
521 0.69254 0.0565352 0.0108445
522 0.69254 0.0478476 0.00932354
523 0.69254 0.0448969 0.00764171
524 0.69254 0.068565 0.0133355
525 0.69254 0.0474576 0.00904583
526 0.69254 0.0446969 0.00877966
527 0.69254 0.0468778 0.00848638
528 0.69254 0.0492832 0.00825683
529 0.69254 0.0489564 0.00826922
530 0.69254 0.0518508 0.00965095
531 0.69254 0.0453503 0.00869192
532 0.69254 0.0473171 0.00877963
533 0.69254 0.0456413 0.00956085
534 0.69254 0.0431067 0.00683763
535 0.69254 0.055517 0.0102983
536 0.69254 0.0437184 0.00709547
537 0.69254 0.056699 0.011405
538 0.69254 0.0570126 0.0112096
539 0.69254 0.0571332 0.00936874
540 0.69254 0.0379218 0.00559311
541 0.69254 0.0497969 0.00823587
542 0.69254 0.0466129 0.00710874
543 0.69254 0.0467029 0.00645124
544 0.69254 0.0478573 0.00771181
545 0.69254 0.0478586 0.00972137
546 0.69254 0.0504301 0.0092238
547 0.69254 0.0522563 0.00978402
548 0.69254 0.0417854 0.00702942
549 0.69254 0.05539 0.0108267
550 0.69254 0.0461773 0.00911512
551 0.69254 0.0495731 0.0103311
552 0.69254 0.055109 0.0103644
553 0.69254 0.0602849 0.0110015
554 0.69254 0.0502691 0.00900688
555 0.69254 0.0449169 0.00770575
556 0.69254 0.0461372 0.00876796
557 0.69254 0.0501324 0.00947039
558 0.69254 0.0615063 0.0115952
559 0.69254 0.0530452 0.00991698
560 0.69254 0.0433658 0.00859296
561 0.69254 0.0531948 0.0114911
562 0.69254 0.0526781 0.0104067
563 0.69254 0.0502221 0.00996299
564 0.69254 0.0532941 0.0114291
565 0.69254 0.0511795 0.0114553
566 0.69254 0.047156 0.0077377
567 0.69254 0.0493452 0.00920662
568 0.69254 0.0574382 0.0100178
569 0.69254 0.0530099 0.0106781
570 0.90865 0.0658583 0.0161122
571 0.90865 0.0512831 0.0107039
572 0.90865 0.0546159 0.0101147
573 0.90865 0.0572969 0.011887
574 0.90865 0.0497534 0.00944306
575 0.90865 0.0550365 0.0106506
576 0.90865 0.0502591 0.00839062
577 0.90865 0.050503 0.00810661
578 0.90865 0.0492954 0.00673723
579 0.90865 0.0513096 0.00844863
580 0.90865 0.0433722 0.00731868
581 0.90865 0.0588712 0.0121546
582 0.90865 0.0427269 0.00849974
583 0.90865 0.0426228 0.0060323
584 0.90865 0.0469147 0.00866134
585 0.90865 0.0561044 0.0096653
586 0.90865 0.0497542 0.00794204
587 0.90865 0.0459805 0.00691901
588 0.90865 0.0627633 0.0126195
589 0.90865 0.0564832 0.0101493
590 0.90865 0.0518106 0.00955079
591 0.90865 0.0488923 0.00890228
592 0.90865 0.0641927 0.0119201
593 0.90865 0.0636571 0.0120648
594 0.90865 0.0444271 0.00702033
595 0.90865 0.0587018 0.00994441
596 0.90865 0.0490934 0.00828423
597 0.90865 0.0518419 0.00818785
598 0.90865 0.0602654 0.00978888
599 0.90865 0.0577596 0.0114018
600 0.90865 0.0450546 0.00647176
601 0.90865 0.0502137 0.00876462
602 0.90865 0.0589838 0.0103236
603 0.90865 0.0538952 0.00868141
604 0.90865 0.0429971 0.00589929
605 0.90865 0.0564265 0.00810978
606 0.90865 0.0529833 0.00752035
607 0.90865 0.0526439 0.00864168
608 1 0.052104 0.0112473
608 0.46445 0.0581949 0.0093668
609 0.46445 0.0415737 0.0069574
610 0.52381 0.0597082 0.0109494
611 0.52381 0.0542279 0.00892914
612 0.52381 0.0553877 0.00886324
613 0.52381 0.059826 0.00999917
614 0.52381 0.0471347 0.00906605
615 1.01 0.0614234 0.0146793
615 0.37909 0.0507146 0.00735289
616 0.4862 0.0555452 0.0103376
617 0.4862 0.0616076 0.011825
618 0.4862 0.0582403 0.00888777
619 0.4862 0.0545902 0.00803523
620 0.4862 0.0581955 0.00948799
621 0.55758 0.0609722 0.00962282
622 0.55758 0.0537801 0.00945345
623 0.55758 0.0484125 0.0084102
624 0.55758 0.0514626 0.00906351
625 0.55758 0.0450672 0.00604567
626 0.55758 0.0427834 0.00746038
627 0.55758 0.0482937 0.00775157
628 0.55758 0.0521951 0.0084352
629 0.55758 0.0529741 0.0101096
630 0.55758 0.0505949 0.00790875
631 0.55758 0.0582408 0.0104728
632 0.55758 0.0515256 0.00829098
633 0.55758 0.0427824 0.00706662
634 0.55758 0.051904 0.00952428
635 0.55758 0.059038 0.0115272
636 0.55758 0.0588344 0.0107067
637 0.55758 0.0464009 0.00762379
638 0.55758 0.0520847 0.0104596
639 0.55758 0.0507804 0.00754152
640 0.55758 0.0510184 0.00927156
641 0.55758 0.0599963 0.00900142
642 0.55758 0.052694 0.00937846
643 0.55758 0.0610884 0.0108557
644 0.55758 0.0595761 0.0116601
645 0.55758 0.0549539 0.00865603
646 0.55758 0.06903 0.0117613
647 0.55758 0.0542339 0.0096061
648 0.55758 0.0514484 0.0102684
649 0.55758 0.0493563 0.00972135
650 0.55758 0.0529928 0.00991327
651 0.55758 0.0564316 0.00965232
652 0.55758 0.0454069 0.00572314
653 0.55758 0.048082 0.00821248
654 0.55758 0.0568943 0.00859618
655 0.55758 0.0601775 0.0108945
656 0.55758 0.0510564 0.00850052
657 0.55758 0.0558095 0.0104878
658 0.55758 0.0474367 0.00903006
659 0.55758 0.0558752 0.0103028
660 0.55758 0.0531892 0.0104713
661 0.55758 0.0470067 0.0090485
662 0.55758 0.0673697 0.0151644
663 0.55758 0.0533551 0.00974492
664 0.72043 0.0570164 0.0122411
665 0.72043 0.0570134 0.0126504
666 0.72043 0.0516457 0.010222
667 0.72043 0.062512 0.0126079
668 0.72043 0.0514384 0.00924073
669 0.72043 0.044498 0.00758577
670 0.72043 0.0547443 0.00832239
671 0.72043 0.0522932 0.0105191
672 0.72043 0.0587691 0.0106164
673 0.72043 0.0462768 0.009479
674 0.72043 0.0667108 0.013619
675 0.72043 0.0656609 0.0116284
676 0.72043 0.0603163 0.0107914
677 0.72043 0.0520717 0.00795933
678 0.72043 0.0517792 0.00861084
679 0.72043 0.0508818 0.00781964
680 0.72043 0.0523368 0.0079148
681 0.72043 0.0473169 0.00744546
682 0.72043 0.0649692 0.0104092
683 0.72043 0.0518517 0.00913868
684 0.72043 0.054473 0.00917507
685 0.72043 0.0601311 0.0116865
686 0.72043 0.0543458 0.00934092
687 0.72043 0.0568827 0.0107957
688 0.72043 0.0452436 0.00744829
689 0.72043 0.0523658 0.0099126
690 0.72043 0.0621277 0.0104719
691 0.72043 0.0709875 0.0140263
692 0.72043 0.0569809 0.0118939
693 0.72043 0.0527466 0.0113977
694 0.72043 0.0481743 0.00724587
695 0.72043 0.0502613 0.00755148
696 0.72043 0.0578263 0.0108911
697 0.72043 0.0525372 0.0119939
698 0.72043 0.0713958 0.013653
699 0.72043 0.0483395 0.00946453
700 0.72043 0.0511847 0.0100678
701 0.72043 0.0508457 0.00885111
702 0.72043 0.0460219 0.00855749
703 0.72043 0.0598471 0.0125075
704 0.72043 0.0498981 0.00983607
705 0.72043 0.0522323 0.00896035
706 0.72043 0.0581313 0.0119415
707 0.72043 0.0622145 0.0129362
708 0.72043 0.048388 0.0092092
709 0.72043 0.0655208 0.0129155
710 0.72043 0.0484045 0.0102514
711 0.72043 0.0524186 0.0110199
712 0.72043 0.0501541 0.00964735
713 0.72043 0.0417786 0.00690756
714 0.72043 0.0543761 0.0100123
715 0.72043 0.0473403 0.00816092
716 0.72043 0.0546795 0.0115374
717 0.72043 0.0468492 0.00838508
718 0.72043 0.0497913 0.00987301
719 0.72043 0.0559564 0.0112607
720 0.72043 0.0500224 0.00997613
721 0.72043 0.044839 0.00856499
722 0.72043 0.0694446 0.0159022
723 0.72043 0.0577058 0.0124335
724 0.72043 0.065747 0.0131408
725 0.72043 0.0528105 0.0107928
726 0.72043 0.0506023 0.0105548
727 0.72043 0.0626656 0.0116842
728 0.72043 0.0656796 0.0124426
729 0.72043 0.0540889 0.00884378
730 0.72043 0.0577773 0.0107876
731 0.72043 0.0566164 0.00978571
732 0.72043 0.0455958 0.00694949
733 0.72043 0.052388 0.00777065
734 0.72043 0.0506793 0.00889011
735 0.72043 0.0509358 0.00727726
736 0.72043 0.0429594 0.00742045
737 0.72043 0.0501901 0.0108521
738 0.72043 0.0617487 0.0121483
739 0.72043 0.0394657 0.00693867
740 0.72043 0.0429723 0.00807715
741 0.72043 0.0418032 0.00681887
742 0.72043 0.0574633 0.00992079
743 0.72043 0.0451421 0.00606703
744 0.72043 0.0488484 0.00910782
745 0.72043 0.0546605 0.0100878
746 0.72043 0.0468477 0.00752878
747 0.72043 0.0434616 0.00573049
748 0.72043 0.0493209 0.0068445
749 0.72043 0.0507584 0.00814712
750 0.72043 0.0513932 0.00899054
751 0.72043 0.064521 0.0130182
752 0.72043 0.0593659 0.0108501
753 0.72043 0.0517375 0.00904271
754 0.72043 0.0563967 0.00841034
755 0.72043 0.0461065 0.00768407
756 0.72043 0.0458203 0.0075616
757 0.72043 0.0615491 0.0119965
758 0.72043 0.0502974 0.00904043
759 0.72043 0.0496585 0.00782474
760 0.72043 0.0535327 0.00918969
761 0.72043 0.049233 0.00880582
762 0.72043 0.0504037 0.0106319
763 0.72043 0.0522936 0.0117653
764 0.72043 0.0551493 0.00886383
765 0.72043 0.0526271 0.0101276
766 0.72043 0.059635 0.0115878
767 0.72043 0.0605186 0.0115408
768 0.72043 0.0586335 0.0109865
769 0.72043 0.063943 0.0117235
770 0.72043 0.0598386 0.0122862
771 0.72043 0.0530255 0.0091899
772 0.72043 0.0490517 0.00962807
773 0.72043 0.0374826 0.00483348
774 0.72043 0.0435975 0.00632365
775 0.72043 0.047211 0.00699259
776 0.72043 0.0491545 0.00760752
777 0.72043 0.0461759 0.0083154
778 0.72043 0.0427058 0.00647563
779 0.72043 0.0527065 0.00970748
780 0.72043 0.0602284 0.0114189
781 0.72043 0.061451 0.011983
782 0.72043 0.0633849 0.0125648
783 0.72043 0.0520248 0.00911768
784 0.72043 0.0561333 0.0111771
785 0.72043 0.0475158 0.00849163
786 0.72043 0.05333 0.00871612
787 0.72043 0.0491041 0.00850404
788 0.72043 0.0435412 0.00585069
789 0.72043 0.0486279 0.00733785
790 0.72043 0.0511774 0.00873207
791 0.72043 0.0486984 0.00801388
792 0.72043 0.0432996 0.00643566
793 0.72043 0.0498385 0.00836848
794 0.72043 0.0444521 0.00718819
795 0.72043 0.0563329 0.00983244
796 0.72043 0.0550066 0.0101153
797 0.72043 0.0552758 0.0107478
798 0.72043 0.0560843 0.0087781
799 0.72043 0.0571792 0.0104992
800 0.72043 0.0575527 0.0101068
801 0.72043 0.0572605 0.0113406
802 0.72043 0.0376901 0.00592248
803 0.72043 0.053164 0.00868828
804 0.72043 0.0446851 0.00722412
805 0.72043 0.0541574 0.0083222
806 0.72043 0.0538708 0.00949568
807 0.72043 0.0542598 0.0103624
808 0.72043 0.0541409 0.008756
809 0.72043 0.0436714 0.00611069
810 0.72043 0.0536422 0.00875257
811 0.72043 0.0539426 0.00977934
812 0.72043 0.0554221 0.00990979
813 0.72043 0.0586106 0.0123998
814 0.72043 0.0600711 0.0121159
815 0.72043 0.0487274 0.00967864
816 0.72043 0.0512961 0.00815638
817 0.72043 0.0525397 0.00870726
818 0.72043 0.0736379 0.0132091
819 0.72043 0.0461555 0.008175
820 0.72043 0.0426495 0.00854942
821 0.72043 0.0476292 0.00850547
822 0.72043 0.0602993 0.0109723
823 0.72043 0.0463977 0.00840439
824 0.72043 0.0530987 0.0112321
825 0.72043 0.0562101 0.0118112
826 0.72043 0.0492656 0.00780921
827 0.72043 0.0560083 0.010855
828 0.72043 0.0513231 0.00963543
829 0.72043 0.0611781 0.0122634
830 0.72043 0.0623591 0.0129974
831 0.72043 0.0444987 0.00713501
832 0.72043 0.04373 0.00793776
833 0.72043 0.0471829 0.00722235
834 0.72043 0.0400489 0.00730097
835 0.72043 0.0528981 0.00989225
836 0.72043 0.0589868 0.0111728
837 0.72043 0.0674024 0.012716
838 0.72043 0.0589145 0.00984267
839 0.72043 0.048994 0.0106527
840 0.72043 0.0491055 0.00817645
841 0.72043 0.0543202 0.0108003
842 0.72043 0.056708 0.0109393
843 0.72043 0.0467253 0.00786945
844 0.72043 0.0511626 0.00998185
845 0.72043 0.0506444 0.00939043
846 0.72043 0.0482317 0.00829317
847 0.72043 0.0528861 0.0102688
848 0.72043 0.0646106 0.013029
849 0.72043 0.0604785 0.0119634
850 0.72043 0.0629391 0.0125761
851 0.72043 0.0523786 0.010127
852 0.72043 0.064225 0.0132242
853 0.72043 0.0741762 0.0130877
854 0.72043 0.0551175 0.01006
855 0.72043 0.060469 0.0114384
856 0.72043 0.0480836 0.00864395
857 0.72043 0.0635532 0.0122093
858 0.72043 0.0594336 0.0123087
859 0.72043 0.0474162 0.00940587
860 0.72043 0.0599769 0.0132174
861 0.72043 0.05225 0.0110052
862 0.72043 0.0510349 0.00889885
863 0.72043 0.0448849 0.00689556
864 0.72043 0.0501695 0.0106843
865 0.72043 0.0606978 0.0121922
866 0.72043 0.0538667 0.0109472
867 0.72043 0.0596634 0.0136737
868 0.72043 0.0636435 0.0130482
869 0.72043 0.0760582 0.0171423
870 0.72043 0.066374 0.0144288
871 0.72043 0.0667297 0.0128123
872 0.72043 0.0526466 0.00969646
873 0.72043 0.0590452 0.0115838
874 0.72043 0.0546266 0.0113925
875 0.72043 0.0509924 0.00920156
876 0.72043 0.0494264 0.00953174
877 0.72043 0.054244 0.00967515
878 0.72043 0.0547219 0.0108812
879 0.72043 0.0417317 0.00677149
880 0.72043 0.0471195 0.00704998
881 0.72043 0.0450657 0.00682878
882 0.72043 0.0616237 0.0112379
883 0.72043 0.0504805 0.00920864
884 0.72043 0.0474667 0.00841163
885 0.72043 0.0475243 0.00911285
886 0.72043 0.0441244 0.00784097
887 0.72043 0.0395261 0.00734198
888 0.72043 0.0443242 0.00769096
889 0.72043 0.0381186 0.00612074
890 0.72043 0.0442865 0.007906
891 0.72043 0.0420612 0.00806398
892 0.72043 0.0411128 0.00631836
893 0.72043 0.04086 0.00641157
894 0.72043 0.0455431 0.0070754
895 0.72043 0.0450066 0.00639697
896 0.72043 0.0360571 0.00578593
897 0.72043 0.0407515 0.00677292
898 0.72043 0.043175 0.00670593
899 0.72043 0.0484101 0.0080733
900 0.72043 0.0423072 0.00596123
901 0.72043 0.0430172 0.00787574
902 0.72043 0.0523204 0.00961622
903 0.72043 0.0597509 0.0109576
904 0.72043 0.055665 0.0116608
905 0.72043 0.0470316 0.00786902
906 0.72043 0.063306 0.0142928
907 0.72043 0.0636328 0.0124053
908 0.72043 0.0533629 0.0130457
909 0.72043 0.0636496 0.0149269
910 0.72043 0.0622994 0.0135684
911 0.72043 0.0683501 0.0151215
912 0.72043 0.0550653 0.0120195
913 0.72043 0.0587591 0.0112567
914 0.72043 0.0546014 0.0108465
915 0.72043 0.0607176 0.01089
916 0.72043 0.0563492 0.011455
917 0.72043 0.0606561 0.0112113
918 0.72043 0.0501895 0.0103931
919 0.72043 0.04941 0.00784834
920 0.72043 0.075248 0.0146983
921 0.72043 0.0502895 0.00791033
922 0.72043 0.0584349 0.0104117
923 0.72043 0.0584746 0.0120444
924 0.72043 0.0619628 0.0111185
925 0.72043 0.0626221 0.011558
926 0.72043 0.0616787 0.0123443
927 0.72043 0.0544601 0.00915669
928 0.72043 0.054667 0.00997783
929 0.72043 0.0630447 0.0125796
930 0.72043 0.0511582 0.0113479
931 0.72043 0.0559385 0.0105444
932 0.72043 0.0535615 0.0114299
933 0.72043 0.0550544 0.0127255
934 0.72043 0.0633571 0.0116636
935 0.72043 0.0600567 0.014596
936 1 0.0642382 0.0154469
936 0.90889 0.0594565 0.0143089
937 0.90889 0.0584316 0.012524
938 0.90889 0.0510869 0.00823954
939 0.90889 0.053902 0.0105411
940 0.90889 0.0466188 0.00899974
941 0.90889 0.0598954 0.0132021
942 0.90889 0.0518837 0.0107838
943 0.90889 0.0484368 0.009339
944 0.90889 0.0557659 0.0107093
945 0.90889 0.0569693 0.0122478
946 0.90889 0.0524328 0.0104163
947 0.90889 0.0523316 0.0114024
948 0.90889 0.0460116 0.00929558
949 0.90889 0.0445289 0.00873264
950 0.90889 0.0592496 0.0156999
951 0.90889 0.0569255 0.01251
952 0.90889 0.0605134 0.0127935
953 0.90889 0.0569846 0.0128308
954 0.90889 0.0608927 0.0136754
955 0.90889 0.0669298 0.0148493
956 0.90889 0.0541891 0.0118018
957 0.90889 0.0624915 0.0130684
958 0.90889 0.0683807 0.0146972
959 0.90889 0.069404 0.0155142
960 0.90889 0.0605749 0.0131332
961 0.90889 0.0609169 0.0136692
962 0.90889 0.0486233 0.00932922
963 0.90889 0.0555274 0.0128625
964 0.90889 0.0592124 0.0119084
965 0.90889 0.0613283 0.011786
966 0.90889 0.0463412 0.00867863
967 0.90889 0.0519287 0.0107932
968 0.90889 0.0543209 0.0115335
969 0.90889 0.0598124 0.0119946
970 0.90889 0.0500132 0.00854613
971 0.90889 0.0544171 0.00977895
972 0.90889 0.0542931 0.00873648
973 0.90889 0.0385606 0.00764213
974 0.90889 0.0491003 0.00920655
975 0.90889 0.0478371 0.00816749
976 0.90889 0.0388178 0.00804972
977 0.90889 0.0598908 0.0124013
978 0.90889 0.0593532 0.00989016
979 0.90889 0.0598018 0.0130642
980 0.90889 0.0582427 0.0113632
981 0.90889 0.0642437 0.0125889
982 0.90889 0.0516894 0.00958509
983 0.90889 0.0624348 0.0108727
984 0.90889 0.0548861 0.0111044
985 0.90889 0.0509912 0.00998748
986 0.90889 0.0453276 0.00843869
987 0.90889 0.0549923 0.0120628
988 0.90889 0.0704941 0.0128788
989 0.90889 0.0457613 0.00681832
990 0.90889 0.0651188 0.0118516
991 0.90889 0.0542284 0.00974004
992 0.90889 0.0556172 0.00901767
993 0.90889 0.053665 0.00738598
994 0.90889 0.0529152 0.0103114
995 0.90889 0.0562286 0.00886279
996 0.90889 0.0578562 0.0109092
997 0.90889 0.0572141 0.0125263
998 0.90889 0.0551938 0.0118285
999 0.90889 0.0610491 0.0126079
1000 0.90889 0.0545753 0.00900954
1000 0.4762 0.0605562 0.0116964
1000 0.4762 0.0450374 0.00764077
1000 0.4762 0.0532862 0.0100282
1000 0.4762 0.04488 0.00829896
1000 0.4762 0.0559211 0.0118066
1000 0.49207 0.0625893 0.0137664
1000 0.4762 0.0446276 0.00926333
