0 0.23771 0.040976 0.00363339
1 0.23771 0.0229425 0.0020832
2 0.26435 0.0209227 0.00208429
3 0.31073 0.0458559 0.00524783
4 0.31073 0.0291639 0.0022961
5 0.3118 0.0324555 0.00334891
6 0.3118 0.0239596 0.00228758
7 0.3118 0.028396 0.00294451
8 0.3118 0.0314591 0.00309935
9 0.3118 0.0286282 0.00269777
10 0.31482 0.0363548 0.00378421
11 0.33635 0.039092 0.00462449
12 0.33635 0.0374232 0.00453039
13 0.33635 0.0311393 0.00369626
14 0.33635 0.0313315 0.00331607
15 0.33635 0.0324733 0.00342899
16 0.33635 0.0392818 0.00411367
17 0.3411 0.0355015 0.00421954
18 0.3411 0.0366497 0.00419757
19 0.3411 0.03398 0.00381053
20 0.3411 0.0354975 0.00348869
21 0.3411 0.0344472 0.00369992
22 0.3411 0.0406061 0.00401873
23 0.3411 0.0325003 0.00326977
24 0.3411 0.0428887 0.00412363
25 0.3411 0.0291503 0.00304997
26 0.3411 0.0398856 0.00400102
27 0.3411 0.0291388 0.00271222
28 0.3411 0.0363958 0.00365942
29 0.3411 0.0387337 0.00439298
30 0.3411 0.0453969 0.00471848
31 0.3411 0.0403347 0.00444899
32 0.3411 0.0374817 0.00367004
33 0.3411 0.0321091 0.00329633
34 0.3411 0.0341777 0.00357389
35 0.3411 0.0352809 0.00413224
36 0.3411 0.0405949 0.00417736
37 0.3411 0.0423526 0.0043458
38 0.3411 0.0373408 0.00360739
39 0.38954 0.0388377 0.0047894
40 0.38954 0.0357837 0.00382195
41 0.38954 0.0477151 0.00588239
42 0.38954 0.04026 0.00463171
43 0.38954 0.0431161 0.00447947
44 0.38954 0.0386053 0.0043961
45 0.38954 0.036883 0.00389248
46 0.38954 0.0426777 0.00484763
47 0.38954 0.036596 0.00401092
48 0.38954 0.0389076 0.00458109
49 0.38954 0.0374558 0.00435977
50 0.38954 0.0356382 0.00384124
51 0.38954 0.0452736 0.00470158
52 0.38954 0.0389042 0.00439048
53 0.38954 0.0355589 0.00381382
54 0.38954 0.039172 0.0042552
55 0.38954 0.0425972 0.00426341
56 0.38954 0.0358605 0.00336337
57 0.38954 0.0383705 0.00383825
58 0.38954 0.0495978 0.00545385
59 0.38954 0.0390351 0.00387845
60 0.38954 0.0392148 0.00444724
61 0.38954 0.0385485 0.003999
62 0.38954 0.0395846 0.00433286
63 0.38954 0.0406281 0.00404664
64 0.38954 0.0369502 0.00424272
65 0.38954 0.0393901 0.00423938
66 0.38954 0.0334729 0.00355408
67 0.38954 0.0342485 0.0039115
68 0.38954 0.0430391 0.00473383
69 0.38954 0.0445502 0.00499511
70 0.38954 0.0357617 0.00435613
71 0.38954 0.0339778 0.0035728
72 0.38954 0.0418608 0.00417015
73 0.38954 0.0502465 0.00548602
74 0.44184 0.0375049 0.00510959
75 0.44184 0.0381084 0.00422448
76 0.44184 0.0359169 0.00396251
77 0.4694 0.0445028 0.00537438
78 0.4694 0.0483525 0.00534956
79 0.4694 0.0392259 0.00419455
80 0.4762 0.0431024 0.0057582
81 0.4762 0.0401162 0.00457011
82 0.4762 0.0602361 0.00674615
83 0.49207 0.0497393 0.00700606
84 0.49207 0.0493445 0.00662571
85 0.49207 0.0447539 0.00634153
86 0.49207 0.0539019 0.00763054
87 0.49207 0.0613083 0.00875089
88 0.5084 0.0667868 0.0118295
89 0.5084 0.0492869 0.00797205
90 0.5084 0.0602653 0.0104585
91 0.5084 0.0507646 0.00673274
92 0.5084 0.056625 0.00919211
93 0.5084 0.0408539 0.00576665
94 0.5084 0.0633771 0.010255
95 0.5084 0.0475241 0.00777524
96 0.5084 0.0452369 0.00707857
97 0.5084 0.052759 0.00881697
98 0.5084 0.0596137 0.00972551
99 0.5084 0.0527991 0.00949272
100 0.5084 0.053979 0.00833877
101 0.5084 0.0565802 0.00915752
102 0.5084 0.0668831 0.010996
103 0.5084 0.0594928 0.00999613
104 0.5084 0.0673297 0.0136493
105 0.5084 0.0627683 0.0130962
106 0.5084 0.0570766 0.00956049
107 0.5084 0.0621709 0.0100564
108 0.5084 0.0599419 0.0125501
109 0.5084 0.0568288 0.00870721
110 0.5084 0.055282 0.00815198
111 0.5084 0.052082 0.00915588
112 0.5084 0.0483881 0.00737654
113 0.5084 0.0466385 0.00764563
114 0.5084 0.0407672 0.00624323
115 0.5084 0.0552009 0.00796842
116 0.5084 0.0548487 0.00877233
117 0.5084 0.052144 0.00812715
118 0.5084 0.0510281 0.00881224
119 0.5084 0.0503268 0.00860438
120 0.5084 0.0628018 0.0104859
121 0.5084 0.0657353 0.0122609
122 0.5084 0.0534888 0.00814994
123 0.5084 0.0507589 0.00879708
124 0.5084 0.0548018 0.0094923
125 0.5084 0.0557435 0.00828859
126 0.5084 0.0530184 0.00926518
127 0.5084 0.0573306 0.00941947
128 0.5084 0.0566906 0.00985501
129 0.5084 0.065011 0.0102992
130 0.5153 0.0625978 0.012183
131 0.5153 0.0558038 0.0079851
132 0.5153 0.0470749 0.00667226
133 0.5153 0.0521636 0.00833795
134 0.5153 0.050182 0.00664286
135 0.5153 0.0527458 0.00950703
136 0.5153 0.0549792 0.00903406
137 0.5153 0.0573093 0.0106766
138 0.5153 0.0582247 0.00981775
139 0.5153 0.0614957 0.00995222
140 0.58143 0.0512711 0.00831671
141 0.58143 0.0535271 0.00973534
142 0.58143 0.0470165 0.00746545
143 0.58143 0.0636212 0.0113734
144 0.58143 0.0525538 0.00810854
145 0.58143 0.0519029 0.00809536
146 0.58143 0.0608125 0.0101809
147 0.58143 0.0592827 0.00851599
148 0.58143 0.0533944 0.00909389
149 0.58143 0.053215 0.00804215
150 0.58143 0.0516152 0.00802516
151 0.58143 0.0607114 0.0100402
152 0.69254 0.0443035 0.00836997
153 0.69254 0.0553848 0.0101962
154 0.69254 0.0723255 0.0140284
155 0.69254 0.0676625 0.0141368
156 0.69254 0.0628982 0.0109657
157 0.69254 0.0567752 0.00990917
158 0.69254 0.0463516 0.00805849
159 0.69254 0.0447299 0.00819589
160 0.69254 0.0572629 0.0124984
161 0.69254 0.0497502 0.0101149
162 0.69254 0.059026 0.0132137
163 0.69254 0.0638903 0.00994858
164 0.69254 0.0495279 0.00989737
165 0.69254 0.0572608 0.00998295
166 0.69254 0.0572512 0.0117925
167 0.69254 0.0575591 0.010896
168 0.69254 0.0547602 0.0101954
169 0.69254 0.0547322 0.0105004
170 0.69254 0.0563141 0.00910341
171 0.69254 0.0516177 0.0099883
172 0.69254 0.0568208 0.00988732
173 0.69254 0.0558906 0.0101924
174 0.69254 0.0478255 0.00867406
175 0.69254 0.0595497 0.0108671
176 0.69254 0.0655889 0.0132696
177 0.69254 0.0570957 0.0121655
178 0.69254 0.0580545 0.0121176
179 0.69254 0.0462789 0.0097029
180 0.69254 0.0640534 0.011972
181 0.69254 0.0628554 0.013982
182 0.69254 0.0800696 0.0146673
183 0.69254 0.0564458 0.0104601
184 0.69254 0.05186 0.00958444
185 0.69254 0.0591555 0.0125482
186 0.69254 0.0657766 0.0119304
187 0.69254 0.0656757 0.0129223
188 0.69254 0.0648855 0.0139381
189 0.69254 0.0577985 0.0118546
190 0.69254 0.061925 0.0126277
191 0.69254 0.0510367 0.00813289
192 0.69254 0.0629451 0.0102269
193 0.69254 0.0514714 0.00917764
194 0.69254 0.0553895 0.0109838
195 0.69254 0.0588178 0.01012
196 0.69254 0.0593077 0.0114107
197 0.69254 0.0597035 0.00984662
198 0.69254 0.0499137 0.00935004
199 0.69254 0.0437589 0.00894162
200 0.69254 0.0580541 0.0121152
201 0.69254 0.051219 0.00953851
202 0.69254 0.0508831 0.0100051
203 0.69254 0.0535288 0.0093412
204 0.69254 0.0638714 0.0131683
205 0.69254 0.0491572 0.0108085
206 0.69254 0.0612825 0.0130651
207 0.69254 0.0523987 0.00990482
208 0.69254 0.0497773 0.00990044
209 0.69254 0.0548154 0.0109331
210 0.69254 0.0505308 0.010793
211 0.69254 0.0708356 0.0160726
212 0.69254 0.0590185 0.0115662
213 0.69254 0.0599376 0.0124624
214 0.69254 0.0424646 0.00876141
215 0.69254 0.05998 0.0102329
216 0.69254 0.0530794 0.00847769
217 0.69254 0.0470256 0.00847929
218 0.69254 0.0531909 0.00870177
219 0.69254 0.051556 0.00967556
220 0.69254 0.066603 0.0124007
221 0.69254 0.0561528 0.00989527
222 0.69254 0.0482541 0.00891626
223 0.69254 0.053347 0.0110284
224 0.69254 0.057128 0.0104006
225 0.69254 0.0573845 0.0124868
226 0.69254 0.0609617 0.0112857
227 0.69254 0.0575733 0.0117784
228 0.69254 0.0533404 0.0105084
229 0.69254 0.0486539 0.00747793
230 0.69254 0.0535568 0.00823593
231 0.69254 0.0611684 0.010297
232 0.69254 0.056867 0.0114803
233 0.69254 0.0581043 0.0105558
234 0.69254 0.0494211 0.0079235
235 0.69254 0.0476293 0.00788928
236 0.69254 0.0498917 0.00800742
237 0.69254 0.0491854 0.00815024
238 0.69254 0.0519787 0.0110234
239 0.69254 0.0524098 0.00872972
240 0.69254 0.0569099 0.00980174
241 0.69254 0.0643061 0.0109614
242 0.69254 0.0545873 0.0113833
243 0.69254 0.057594 0.010693
244 0.69254 0.0494522 0.00817929
245 0.69254 0.0530118 0.00755094
246 0.69254 0.0485738 0.00860002
247 0.69254 0.0563711 0.00892199
248 0.69254 0.0465612 0.00924339
249 0.69254 0.0411848 0.00664693
250 0.69254 0.0569239 0.00994322
251 0.69254 0.0474907 0.0078267
252 0.69254 0.0607198 0.0116209
253 0.69254 0.0450088 0.00753956
254 0.69254 0.0492522 0.00782115
255 0.69254 0.0513823 0.00979285
256 0.69254 0.0512564 0.00912355
257 0.69254 0.0576618 0.0111176
258 0.69254 0.0540991 0.0105598
259 0.69254 0.0432867 0.00706051
260 0.69254 0.0617878 0.0137166
261 0.69254 0.0611415 0.0147201
262 0.69254 0.0577783 0.0132505
263 0.69254 0.0585918 0.0112556
264 0.69254 0.0544431 0.0112873
265 0.69254 0.0570791 0.0111442
266 0.69254 0.0629575 0.0128403
267 0.69254 0.0649096 0.0128098
268 0.69254 0.0527005 0.0100557
269 0.69254 0.0575574 0.0123671
270 0.69254 0.0632518 0.0124366
271 0.69254 0.0593558 0.0125183
272 0.69254 0.058761 0.011982
273 0.69254 0.0641514 0.0113555
274 0.69254 0.0633384 0.0128384
275 0.69254 0.0665324 0.0154392
276 0.69254 0.0684238 0.0162941
277 0.69254 0.0556446 0.0115388
278 0.69254 0.0631289 0.0133315
279 0.69254 0.0550401 0.0114214
280 0.69254 0.0663394 0.0136379
281 0.69254 0.0553593 0.010859
282 0.69254 0.0549285 0.0122565
283 0.69254 0.0537748 0.0104217
284 0.69254 0.0476098 0.00973367
285 0.69254 0.0547546 0.0102339
286 0.69254 0.0700984 0.0129257
287 0.69254 0.0680103 0.0151236
288 0.69254 0.0636452 0.0122848
289 0.69254 0.0605616 0.0126512
290 0.69254 0.0450647 0.00688458
291 0.69254 0.0563324 0.0117519
292 0.69254 0.0613797 0.010751
293 0.69254 0.0532581 0.00974464
294 0.69254 0.0709364 0.0147155
295 0.69254 0.0682353 0.0134673
296 0.69254 0.0657818 0.0127595
297 0.69254 0.0531498 0.0107387
298 0.69254 0.0610583 0.0112651
299 0.69254 0.0526118 0.00816656
300 0.69254 0.0517203 0.00848209
301 0.69254 0.0566652 0.0108951
302 0.69254 0.0587592 0.0106677
303 0.69254 0.0655821 0.0117661
304 0.69254 0.0610614 0.0134209
305 0.69254 0.0637228 0.0133788
306 0.69254 0.0571768 0.0117021
307 0.69254 0.0514133 0.0102492
308 0.69254 0.0761612 0.0172352
309 0.69254 0.0609897 0.0119422
310 0.69254 0.0582935 0.012319
311 0.69254 0.0551879 0.0107197
312 0.69254 0.0427993 0.00677889
313 0.69254 0.0535811 0.0100313
314 0.69254 0.062978 0.0129783
315 0.69254 0.0669262 0.0139557
316 0.69254 0.0526735 0.00958355
317 0.69254 0.0598965 0.0118786
318 0.69254 0.0673692 0.0139941
319 0.69254 0.0627394 0.0132913
320 0.69254 0.065412 0.0146679
321 0.69254 0.0525618 0.00854984
322 0.69254 0.0582223 0.0111718
323 0.69254 0.0710867 0.0149054
324 0.69254 0.065931 0.0123479
325 0.69254 0.0624564 0.0107889
326 0.69254 0.0618261 0.0116665
327 0.69254 0.0591717 0.00950053
328 0.69254 0.0580623 0.0109345
329 0.69254 0.0627838 0.0138676
330 0.69254 0.0583073 0.0114973
331 0.69254 0.0533416 0.00968413
332 0.69254 0.0536913 0.0104962
333 0.69254 0.054981 0.00971312
334 0.69254 0.0643719 0.0101361
335 0.69254 0.0592261 0.0115677
336 0.69254 0.0737315 0.0151367
337 0.69254 0.0617961 0.0142718
338 0.69254 0.0772155 0.0171014
339 0.69254 0.0730429 0.0159948
340 0.69254 0.0605471 0.0134229
341 0.69254 0.0602242 0.0130266
342 0.69254 0.0751642 0.0158426
343 0.69254 0.0550165 0.0107904
344 0.69254 0.0550561 0.0117095
345 0.69254 0.0629824 0.0127852
346 0.69254 0.0632418 0.0131696
347 0.69254 0.0630621 0.011614
348 0.69254 0.072027 0.0136447
349 0.69254 0.055357 0.0114856
350 0.69254 0.0580157 0.00971768
351 0.69254 0.0506841 0.00987845
352 0.69254 0.0522514 0.00930948
353 0.69254 0.0633438 0.0112423
354 0.69254 0.0637564 0.0120245
355 0.69254 0.0505906 0.0085579
356 0.69254 0.0473314 0.00818728
357 0.91477 0.0559186 0.0146653
358 1 0.0644216 0.0175203
358 1 0.0596152 0.0146445
358 0.50794 0.0556165 0.00966766
359 0.56556 0.0515835 0.00934303
360 0.56556 0.0590955 0.0125493
361 0.56556 0.0551547 0.011566
362 0.56556 0.0547457 0.0103319
363 0.56556 0.0538037 0.0109707
364 0.56556 0.0625772 0.0142928
365 0.56556 0.0557524 0.0114337
366 0.56556 0.0505528 0.0106596
367 0.56556 0.0471319 0.00911738
368 0.68259 0.0591266 0.012508
369 0.68259 0.0580229 0.0113816
370 0.68259 0.0544406 0.0113692
371 0.69111 0.0503908 0.0107309
372 0.69111 0.0616831 0.0107308
373 0.69111 0.0559103 0.0111493
374 0.69111 0.0642296 0.0129369
375 0.69111 0.0670906 0.0151107
376 0.69111 0.0615553 0.0126024
377 0.69111 0.0453934 0.00964978
378 0.69111 0.0568308 0.0118161
379 0.69111 0.0605511 0.0120263
380 0.69111 0.0646359 0.0136467
381 0.69111 0.0570511 0.0110615
382 0.69111 0.0613453 0.011708
383 0.69111 0.0682072 0.0123662
384 0.69111 0.0586999 0.01289
385 0.69111 0.0579475 0.00995708
386 0.69111 0.053643 0.0110855
387 0.69111 0.0568893 0.0105933
388 0.69111 0.0616738 0.0126017
389 0.69111 0.0506223 0.0105976
390 0.69111 0.0584632 0.0108397
391 0.69111 0.0620794 0.0106509
392 0.69111 0.0529422 0.0109125
393 0.69111 0.0573203 0.00962878
394 0.69111 0.0545618 0.0101379
395 0.69111 0.0712618 0.0142196
396 0.69111 0.0636485 0.0134639
397 0.69111 0.0661574 0.012469
398 0.69111 0.0568307 0.011671
399 0.69111 0.0590259 0.0107353
400 0.69111 0.0597065 0.0100083
401 0.69111 0.0594791 0.0118963
402 0.69111 0.0696444 0.0133859
403 0.69111 0.052649 0.00893042
404 0.69111 0.0692454 0.0129333
405 0.69111 0.057434 0.00992512
406 0.69111 0.0513535 0.0111462
407 0.69111 0.0539165 0.0100297
408 0.69111 0.0558186 0.0117564
409 0.69111 0.0679648 0.01299
410 0.69111 0.0542016 0.0108324
411 0.69111 0.0620019 0.0112471
412 0.69111 0.0570549 0.0115655
413 0.69111 0.0654965 0.00929028
414 0.69111 0.0691076 0.0155401
415 0.69111 0.0779375 0.0144164
416 0.69111 0.0686228 0.0138104
417 0.69111 0.0653825 0.0108594
418 0.69111 0.0702555 0.014053
419 0.69111 0.0730469 0.0159687
420 0.69111 0.0646129 0.0134882
421 0.69111 0.0700054 0.0136911
422 0.69111 0.0646185 0.0134967
423 0.69111 0.0853575 0.0186018
424 0.69111 0.0666188 0.0134043
425 0.69111 0.0591324 0.0136969
426 0.69111 0.0590416 0.0122984
427 0.69111 0.0761984 0.0168372
428 0.69111 0.0617543 0.0147853
429 0.69111 0.0670258 0.0162865
430 0.69111 0.0654766 0.0139183
431 0.69111 0.0616217 0.0104708
432 0.69111 0.0659137 0.0148062
433 0.69111 0.0668127 0.0142414
434 0.69111 0.0618516 0.0116966
435 0.69111 0.0653987 0.0120342
436 0.69111 0.0757405 0.0160604
437 0.69111 0.0653882 0.0118182
438 0.69111 0.0676408 0.0133358
439 0.69111 0.0717046 0.0145247
440 0.69111 0.0637322 0.0151918
441 0.69111 0.0606316 0.0112041
442 0.69111 0.0702524 0.0145422
443 0.69111 0.0674966 0.0124548
444 0.69111 0.0617573 0.00960374
445 0.69111 0.0555569 0.00997848
446 0.69111 0.0559166 0.00875067
447 0.69111 0.055923 0.008425
448 0.69111 0.0637999 0.0101907
449 0.69111 0.0614877 0.0109443
450 0.69111 0.0515008 0.0094576
451 0.69111 0.0606545 0.0124043
452 0.69111 0.0586144 0.0108595
453 0.69111 0.0591679 0.0117766
454 0.69111 0.0535445 0.0103881
455 0.69111 0.0502979 0.00934436
456 0.69111 0.0546378 0.0114714
457 0.69111 0.0555939 0.0125181
458 0.69111 0.0557474 0.0118752
459 0.69111 0.0557279 0.0123418
460 0.69111 0.0685145 0.0142685
461 0.69111 0.0673983 0.0151292
462 0.69111 0.0561703 0.0109531
463 0.69111 0.0556198 0.0101246
464 0.69111 0.0627689 0.0115247
465 0.69111 0.0688699 0.0153077
466 0.69111 0.0621995 0.0127553
467 0.69111 0.0568003 0.0104133
468 0.69111 0.0532183 0.0103535
469 0.69111 0.0604368 0.0116116
470 0.69111 0.0777045 0.015009
471 0.69111 0.0708257 0.013335
472 0.69111 0.0763101 0.0149751
473 0.69111 0.0625944 0.0130424
474 0.69111 0.0756074 0.0144573
475 0.69111 0.0543714 0.010003
476 0.69111 0.0620786 0.0119381
477 0.69111 0.0685553 0.0146503
478 0.69111 0.0572418 0.00976551
479 0.69111 0.0693109 0.0125341
480 0.69111 0.073715 0.0156225
481 0.69111 0.0670046 0.0122415
482 0.69111 0.0464982 0.00846578
483 0.69111 0.0598853 0.0116494
484 0.69111 0.0639017 0.0127382
485 0.69111 0.0533862 0.0110576
486 0.69111 0.0524319 0.00892024
487 0.69111 0.0559128 0.0101517
488 0.69111 0.0658108 0.0129439
489 0.69111 0.0622669 0.0114184
490 0.69111 0.0626183 0.0121197
491 0.69111 0.054741 0.00918224
492 0.69111 0.0568331 0.0110224
493 0.69111 0.0459587 0.00828421
494 0.69111 0.0542776 0.0102688
495 0.69111 0.0491052 0.00795467
496 0.69111 0.0560515 0.00971456
497 0.69111 0.0475417 0.00818785
498 0.69111 0.059773 0.0111681
499 0.69111 0.0558684 0.0103635
500 0.69111 0.051664 0.00964082
501 0.69111 0.047489 0.00846647
502 0.69111 0.0548919 0.00968431
503 0.69111 0.0558346 0.010435
504 0.69111 0.0566362 0.00955791
505 0.69111 0.04506 0.0069097
506 0.69111 0.0632485 0.011453
507 0.69111 0.0544168 0.00969339
508 0.69111 0.0558146 0.0093601
509 0.69111 0.0541946 0.0111807
510 0.69111 0.0629207 0.0106694
511 0.69111 0.0607693 0.00955104
512 0.69111 0.0621752 0.0100772
513 0.69111 0.0505895 0.00849966
514 0.69111 0.0659282 0.0104848
515 0.69111 0.0559049 0.0112812
516 0.69111 0.0527373 0.00807692
517 0.69111 0.0616488 0.0103508
518 0.69111 0.0593069 0.00895523
519 0.69111 0.0645009 0.0120708
520 0.69111 0.0566061 0.00790062
521 0.69111 0.0511591 0.00899356
522 0.69111 0.0560271 0.00951268
523 0.69111 0.0534813 0.00775995
524 0.69111 0.058612 0.0102446
525 0.69111 0.0655947 0.0115527
526 0.69111 0.0524197 0.00975658
527 0.69111 0.0585046 0.0100974
528 0.69111 0.053741 0.00978403
529 0.69111 0.0591572 0.00947647
530 0.69111 0.0565964 0.00867525
531 0.69111 0.0518239 0.00748162
532 0.69111 0.0539702 0.00948811
533 0.69111 0.0602285 0.00950443
534 0.69111 0.0546661 0.00989978
535 0.69111 0.0656267 0.0109585
536 0.69111 0.0631526 0.0104328
537 0.69111 0.0680836 0.011064
538 0.69111 0.0588749 0.00838969
539 0.69111 0.0540129 0.00778969
540 0.69111 0.0581324 0.00960291
541 0.69111 0.0570169 0.00811753
542 0.69111 0.0579907 0.00981725
543 0.69111 0.0546132 0.00925038
544 0.69111 0.0462832 0.00632691
545 0.69111 0.055389 0.00855252
546 0.69111 0.0542411 0.00751655
547 0.69111 0.0558203 0.00887449
548 0.69111 0.0605998 0.00997629
549 0.69111 0.0606182 0.00928715
550 0.69111 0.0539447 0.00912226
551 0.69111 0.0612558 0.00974041
552 0.69111 0.0603988 0.0102309
553 0.69111 0.0464986 0.00653132
554 0.69111 0.0552351 0.00946674
555 0.69111 0.0590284 0.00981178
556 0.69111 0.0510938 0.00884657
557 0.69111 0.051503 0.00862066
558 0.69111 0.046812 0.00702409
559 0.69111 0.055233 0.00803932
560 0.69111 0.0478629 0.00665862
561 0.69111 0.0479101 0.00606282
562 0.69111 0.0499848 0.00628072
563 0.69111 0.0540719 0.00866102
564 0.69111 0.048914 0.00676855
565 0.69111 0.051025 0.00832557
566 0.69111 0.0470487 0.00622857
567 0.69111 0.0520687 0.00810803
568 0.69111 0.0565624 0.00869586
569 0.69111 0.0510858 0.00827774
570 0.69111 0.053313 0.00813833
571 0.69111 0.0496198 0.00656851
572 0.69111 0.0455542 0.00705644
573 0.69111 0.0547024 0.00800123
574 0.69111 0.0511921 0.00902731
575 0.69111 0.057506 0.0100009
576 0.69111 0.0573384 0.00835333
577 0.69111 0.0579547 0.00991182
578 0.69111 0.0557073 0.00904791
579 0.69111 0.0473724 0.00874968
580 0.69111 0.0608466 0.010141
581 0.69111 0.0455241 0.00733362
582 0.69111 0.047425 0.00860259
583 0.69111 0.0525167 0.00970644
584 0.69111 0.0531034 0.00893807
585 0.69111 0.054473 0.00813933
586 0.69111 0.0593457 0.010877
587 0.69111 0.0471477 0.00779006
588 0.69111 0.05357 0.00922288
589 0.69111 0.0510879 0.00658522
590 0.69111 0.0530864 0.008073
591 0.69111 0.0411671 0.00633715
592 0.69111 0.058649 0.00958763
593 0.69111 0.0573528 0.00888925
594 0.69111 0.0432735 0.005811
595 0.69111 0.0502618 0.00797441
596 0.69111 0.0430792 0.00671713
597 0.69111 0.0439928 0.00568116
598 0.69111 0.0630183 0.0107462
599 0.69111 0.0390978 0.0060023
600 0.69111 0.0577926 0.00926484
601 0.69111 0.0543393 0.00848408
602 0.69111 0.0525594 0.00807285
603 0.69111 0.0476678 0.00657065
604 0.69111 0.0502 0.00832751
605 0.69111 0.0601106 0.00975853
606 0.69111 0.048998 0.00715656
607 0.69111 0.0691199 0.0112032
608 0.69111 0.0597983 0.011083
609 0.69111 0.0608199 0.0106591
610 0.69111 0.0467086 0.00823717
611 0.69111 0.0528378 0.00993303
612 0.69111 0.0557416 0.00975161
613 0.69111 0.0604088 0.0113907
614 0.69111 0.0468556 0.00721669
615 0.69111 0.0507759 0.00918281
616 0.69111 0.0561768 0.00913855
617 0.69111 0.0489748 0.00917375
618 0.69111 0.0413833 0.00724071
619 0.69111 0.0547814 0.00890545
620 0.69111 0.0665552 0.0119398
621 0.69111 0.0605199 0.0118108
622 0.69111 0.0561072 0.00821118
623 0.69111 0.0678012 0.0112198
624 0.69111 0.0568381 0.0112966
625 0.69111 0.0618856 0.0126139
626 0.69111 0.0695578 0.0148024
627 0.69111 0.0586104 0.011002
628 0.69111 0.0587995 0.0102923
629 0.69111 0.0668671 0.0127359
630 0.69111 0.0611513 0.0131953
631 0.69111 0.0619098 0.0127828
632 0.69111 0.0641112 0.0131149
633 0.69111 0.0644434 0.0110468
634 0.69111 0.0627351 0.0121887
635 0.69111 0.0579859 0.00925195
636 0.69111 0.0548315 0.008486
637 0.69111 0.0549027 0.0103684
638 0.69111 0.0609695 0.00995311
639 0.69111 0.0696199 0.0122188
640 0.69111 0.0548633 0.00898614
641 0.69111 0.0631448 0.0129022
642 0.69111 0.0562771 0.0101739
643 0.69111 0.0622471 0.0121251
644 0.69111 0.0574921 0.0109625
645 0.69111 0.0650751 0.0125247
646 0.69111 0.0606841 0.0134055
647 0.69111 0.0686929 0.0136853
648 0.69111 0.0522066 0.0111771
649 0.69111 0.0545772 0.00980006
650 0.69111 0.053072 0.0101199
651 0.69111 0.0563663 0.00953414
652 0.69111 0.0622369 0.0117948
653 0.69111 0.0538902 0.00966257
654 0.69111 0.0623118 0.0114225
655 0.69111 0.0472059 0.00801308
656 0.69111 0.0637125 0.0140189
657 0.69111 0.046647 0.00723618
658 0.69111 0.0547756 0.0089915
659 0.69111 0.0695118 0.0123796
660 0.69111 0.0614273 0.0119998
661 0.69111 0.0481854 0.00701885
662 0.69111 0.0543747 0.0092857
663 0.69111 0.0548112 0.0093438
664 0.69111 0.0583659 0.0108722
665 0.69111 0.0576525 0.0103804
666 0.69111 0.0667608 0.011379
667 0.69111 0.0681047 0.0121239
668 0.69111 0.0527421 0.00938099
669 0.69111 0.057696 0.0101119
670 0.69111 0.0678174 0.0128604
671 0.69111 0.0530417 0.00852462
672 0.69111 0.0535369 0.00828473
673 0.69111 0.0649828 0.0112966
674 0.69111 0.0490247 0.00764941
675 0.69111 0.0489527 0.00905046
676 0.69111 0.0442136 0.00596616
677 0.69111 0.0478913 0.00681548
678 0.69111 0.0424187 0.00587376
679 0.69111 0.048907 0.00785261
680 0.69111 0.0441438 0.00551805
681 0.69111 0.0541881 0.00900791
682 0.69111 0.056096 0.00971469
683 0.69111 0.0467083 0.00830504
684 0.69111 0.0560262 0.0102891
685 0.69111 0.0494109 0.0098759
686 0.69111 0.0646519 0.0135058
687 0.69111 0.0576987 0.0115479
688 0.69111 0.0599569 0.0115204
689 0.69111 0.0589469 0.0103708
690 0.69111 0.0527492 0.00898186
691 0.69111 0.0611674 0.0133832
692 0.69111 0.0416409 0.00721333
693 0.69111 0.0526841 0.00961102
694 0.69111 0.0480844 0.009603
695 0.69111 0.0498339 0.00833072
696 0.69111 0.0473763 0.00899842
697 0.69111 0.0542523 0.00964868
698 0.69111 0.0539642 0.00957827
699 0.69111 0.0395551 0.00616365
700 0.69111 0.0513316 0.00800751
701 0.69111 0.0566415 0.00897259
702 0.69111 0.0544978 0.00746049
703 0.69111 0.0399977 0.00580999
704 0.69111 0.0401504 0.00554094
705 0.69111 0.0459927 0.00700157
706 0.69111 0.0472501 0.00730666
707 0.69111 0.049285 0.00796694
708 0.69111 0.0575403 0.010108
709 0.69111 0.053058 0.00942776
710 0.69111 0.0489833 0.00773934
711 0.69111 0.0502027 0.00896459
712 0.69111 0.0538199 0.00866624
713 0.69111 0.0547478 0.0101174
714 0.69111 0.0531623 0.0104083
715 0.69111 0.0418782 0.00595376
716 0.69111 0.0636592 0.0117838
717 0.69111 0.0493963 0.0100832
718 0.69111 0.0579406 0.0110338
719 0.69111 0.0579087 0.0121739
720 0.69111 0.0532474 0.00932324
721 0.69111 0.0595607 0.0101886
722 0.69111 0.060568 0.0108889
723 0.69111 0.0710251 0.0134464
724 0.69111 0.0506913 0.00969926
725 0.69111 0.0666536 0.0129127
726 0.69111 0.0647627 0.0108365
727 0.69111 0.0537323 0.00864297
728 0.69111 0.059033 0.00869934
729 0.69254 0.0689462 0.0146095
730 0.69254 0.0592455 0.0106263
731 0.69254 0.0533766 0.00994476
732 0.69254 0.0606491 0.0106814
733 0.69254 0.0603375 0.00982101
734 0.69254 0.0596773 0.0117017
735 0.69254 0.0477779 0.00962069
736 0.69254 0.0575647 0.0103238
737 0.69254 0.0545639 0.0114479
738 0.69254 0.0626018 0.0137449
739 0.69254 0.0561932 0.0108532
740 0.69254 0.0721566 0.0133493
741 0.69254 0.070396 0.0139926
742 0.69254 0.0688444 0.0133342
743 0.69254 0.0585428 0.0131815
744 0.69254 0.0546035 0.0102581
745 0.69254 0.0657533 0.0122271
746 0.69254 0.0571479 0.0106356
747 0.69254 0.0565151 0.0117691
748 0.69254 0.0658796 0.0132979
749 0.69254 0.0627523 0.0118649
750 0.69254 0.0663363 0.0133114
751 0.69254 0.0764366 0.0142134
752 0.69254 0.067603 0.0132706
753 0.69254 0.0597826 0.0107882
754 0.69254 0.0610069 0.0112795
755 0.69254 0.0463596 0.00816483
756 0.69254 0.0585879 0.0101806
757 0.69254 0.0625192 0.0122925
758 0.69254 0.0563874 0.0105178
759 0.69254 0.0605288 0.00992021
760 0.69254 0.0562118 0.00952453
761 0.69254 0.0679496 0.0114615
762 0.69254 0.0591893 0.0120747
763 0.69254 0.0565764 0.0102786
764 0.69254 0.0544632 0.00945813
765 0.69254 0.0709371 0.0144275
766 0.69254 0.0707241 0.0142694
767 0.69254 0.058607 0.0116039
768 0.69254 0.0607786 0.0121665
769 0.69254 0.0635336 0.0122191
770 0.69254 0.0584795 0.0110095
771 0.69254 0.0614486 0.0127631
772 0.69254 0.0551898 0.00954332
773 0.69254 0.0546512 0.0112
774 0.69254 0.0673677 0.0143247
775 0.69254 0.0505372 0.0103108
776 0.69254 0.054586 0.0099163
777 0.69254 0.0614014 0.0116829
778 0.69254 0.0580178 0.0119533
779 0.69254 0.0538813 0.0110034
780 1 0.0605431 0.0138641
780 1.01 0.0648974 0.0163643
780 0.4762 0.068591 0.0128946
781 0.4762 0.0700311 0.013422
782 0.4762 0.0477743 0.00920686
783 0.55132 0.056566 0.0117349
784 0.55132 0.0508538 0.00890923
785 0.55132 0.0741537 0.0169348
786 0.55132 0.0590204 0.0126054
787 0.55132 0.0640589 0.0120875
788 0.55132 0.0650049 0.013657
789 0.55132 0.0519117 0.00987061
790 0.55132 0.0604557 0.0114881
791 1.01 0.063703 0.0165016
791 0.4762 0.0572883 0.00934635
792 0.4762 0.0555331 0.0109279
793 0.4762 0.0553748 0.0101684
794 0.4762 0.0648224 0.0109647
795 0.52365 0.0565243 0.0102167
796 0.52365 0.0529014 0.00877212
797 0.52365 0.0459524 0.00628633
798 0.52365 0.0626092 0.0117789
799 0.52365 0.0539015 0.0101413
800 0.52365 0.073521 0.0137764
801 0.52365 0.0622315 0.0105611
802 0.52365 0.0419121 0.00642698
803 0.52365 0.0560649 0.0104353
804 0.52365 0.0522662 0.00925176
805 0.52365 0.0570733 0.0112435
806 0.52365 0.0578156 0.01184
807 0.52365 0.062466 0.0117818
808 0.52365 0.0494911 0.00837278
809 0.52365 0.0511996 0.0092112
810 0.52365 0.0579253 0.00926794
811 0.52365 0.0453236 0.0070523
812 0.52365 0.0494358 0.00733479
813 0.52365 0.0483548 0.00742198
814 0.52365 0.0459971 0.00721733
815 0.52365 0.0497344 0.00764593
816 0.52365 0.0443415 0.00790773
817 0.52365 0.0568556 0.00901375
818 0.52365 0.0659115 0.0121648
819 0.52365 0.0612175 0.00985808
820 0.52365 0.0496339 0.00780549
821 0.52365 0.052121 0.00937458
822 0.52365 0.0528741 0.00905394
823 0.52365 0.0487501 0.00705883
824 0.52365 0.0434338 0.00683209
825 0.52365 0.0466213 0.00688729
826 0.52365 0.0469849 0.00674047
827 0.52365 0.0564443 0.0081311
828 0.63773 0.0595565 0.0113484
829 0.63773 0.0647684 0.0132063
830 0.63773 0.0523521 0.00869151
831 0.63773 0.0580574 0.00888148
832 0.63773 0.0574403 0.0107605
833 0.63773 0.0489706 0.0076758
834 0.63773 0.0495487 0.00878844
835 0.63773 0.0580137 0.0112442
836 0.63773 0.0550264 0.0096501
837 0.63773 0.0614792 0.0114013
838 0.63773 0.0585519 0.0107268
839 0.63773 0.0664223 0.0109303
840 0.63773 0.0596157 0.0119681
841 0.63773 0.0603671 0.0118769
842 0.63773 0.0632515 0.0129768
843 0.63773 0.0510995 0.00874814
844 0.63773 0.044173 0.00817026
845 0.63773 0.0596544 0.0119762
846 0.63773 0.052485 0.0103812
847 0.63773 0.0701394 0.0146281
848 0.63773 0.0500194 0.0094198
849 0.63773 0.0515241 0.0115605
850 0.63773 0.0464315 0.00974361
851 0.63773 0.0551589 0.0125958
852 0.63773 0.0493657 0.0088549
853 0.63773 0.0546676 0.0104277
854 0.63773 0.0508103 0.00992265
855 0.63773 0.0498275 0.00840088
856 0.63773 0.0519365 0.00856928
857 0.63773 0.0489226 0.00777194
858 0.63773 0.0464226 0.00783543
859 0.63773 0.0506562 0.00805559
860 0.63773 0.0651079 0.0121753
861 0.63773 0.0553076 0.010206
862 0.63773 0.0658697 0.0111031
863 0.63773 0.0627366 0.0126985
864 0.63773 0.049931 0.00968621
865 0.63773 0.0530884 0.010855
866 0.63773 0.0585225 0.0111925
867 0.63773 0.0499054 0.00853559
868 0.63773 0.0558537 0.0113857
869 0.63773 0.0594111 0.0126231
870 0.63773 0.0499026 0.00816021
871 0.63773 0.0491163 0.0100967
872 0.63773 0.0514393 0.00817356
873 0.63773 0.0530163 0.00871527
874 0.63773 0.0523286 0.0107007
875 0.63773 0.0491306 0.00911239
876 0.63773 0.033248 0.00613762
877 0.63773 0.0533901 0.0104823
878 0.63773 0.055936 0.0119113
879 0.63773 0.0627072 0.0136457
880 0.63773 0.0595918 0.0123135
881 0.63773 0.0605885 0.0127789
882 0.63773 0.064276 0.0141987
883 0.63773 0.0691763 0.0136195
884 0.63773 0.0800345 0.0169421
885 0.63773 0.0751091 0.0158544
886 0.63773 0.0624806 0.0116219
887 0.63773 0.0769593 0.0158041
888 0.63773 0.0588325 0.0113037
889 0.63773 0.063176 0.0139958
890 0.63773 0.0801492 0.0167836
891 0.63773 0.0468634 0.00846752
892 0.63773 0.0578278 0.0106322
893 0.63773 0.0541402 0.00907563
894 0.63773 0.0604333 0.011737
895 0.63773 0.0622406 0.0130771
896 0.63773 0.0728839 0.0131917
897 0.63773 0.0641941 0.0156661
898 0.63773 0.0511177 0.012205
899 0.63773 0.0544081 0.0108601
900 0.63773 0.0566301 0.0109149
901 0.63773 0.0661598 0.01381
902 0.63773 0.0585351 0.00946554
903 0.63773 0.0609848 0.0127574
904 0.63773 0.0593835 0.0112987
905 0.63773 0.0638065 0.0124049
906 0.63773 0.0659697 0.0126159
907 0.63773 0.0524476 0.0108833
908 0.63773 0.0655267 0.0129892
909 0.63773 0.0677432 0.0135403
910 0.63773 0.066092 0.0155041
911 0.63773 0.0491667 0.00972847
912 0.63773 0.0606463 0.0118638
913 0.63773 0.0682779 0.0144503
914 0.63773 0.0689146 0.0161113
915 0.63773 0.0589734 0.0108201
916 0.63773 0.0687625 0.0145548
917 0.63773 0.0750913 0.0177316
918 0.63773 0.062975 0.0107812
919 0.63773 0.0592062 0.0123142
920 0.63773 0.0531872 0.0113551
921 0.63773 0.0585012 0.0134432
922 0.63773 0.0698911 0.0144972
923 0.63773 0.05634 0.0102304
924 0.63773 0.0540756 0.011755
925 0.63773 0.0495736 0.00909481
926 0.63773 0.0594283 0.0108657
927 0.63773 0.049078 0.00876505
928 0.63773 0.0562297 0.0115763
929 0.63773 0.049503 0.00920257
930 0.63773 0.0489521 0.00961831
931 0.63773 0.0563678 0.00867164
932 0.63773 0.0615477 0.0122738
933 0.63773 0.0645256 0.0137089
934 0.63773 0.0499107 0.0116662
935 0.63773 0.072208 0.013698
936 0.63773 0.0641455 0.0131659
937 0.63773 0.069501 0.0147938
938 0.63773 0.0700048 0.0161077
939 0.63773 0.0620721 0.0123332
940 0.63773 0.0668448 0.0121711
941 0.63773 0.0652224 0.0131659
942 0.63773 0.0759737 0.0149148
943 0.63773 0.0620856 0.0121438
944 0.63773 0.0706204 0.0150339
945 0.63773 0.057027 0.0135385
946 0.63773 0.0605783 0.0112107
947 0.63773 0.0668164 0.0150653
948 0.63773 0.0664696 0.0137406
949 0.63773 0.0584235 0.0118031
950 0.63773 0.063777 0.0135006
951 0.63773 0.0657008 0.0127264
952 0.63773 0.075932 0.0155409
953 0.63773 0.0567279 0.012388
954 0.63773 0.0558362 0.0105397
955 0.63773 0.061196 0.0121293
956 0.63773 0.0526463 0.00986585
957 0.63773 0.0498334 0.00819099
958 0.63773 0.0506764 0.0105839
959 0.63773 0.0484604 0.00906591
960 0.63773 0.0532054 0.0103171
961 0.63773 0.0490902 0.0108864
962 0.63773 0.0690072 0.0124826
963 0.63773 0.0541481 0.0117667
964 0.63773 0.0571365 0.011057
965 0.63773 0.0611283 0.0111733
966 0.63773 0.049682 0.010256
967 0.63773 0.0567005 0.0118139
968 0.63773 0.0625447 0.0137458
969 0.63773 0.0638656 0.0129295
970 0.63773 0.0685545 0.0142243
971 0.63773 0.0585744 0.0119606
972 0.63773 0.0635809 0.0141735
973 0.63773 0.0697319 0.0144539
974 0.63773 0.0683139 0.01484
975 0.63773 0.0623984 0.0132068
976 0.63773 0.0606987 0.0115186
977 0.63773 0.0595468 0.0137319
978 0.63773 0.0640877 0.0114404
979 0.63773 0.0642325 0.0106559
980 0.63773 0.0568644 0.0113965
981 0.63773 0.0534374 0.00877462
982 0.63773 0.0416831 0.00508086
983 0.63773 0.0642031 0.0094911
984 0.63773 0.0534463 0.00952675
985 0.63773 0.063026 0.0126609
986 0.63773 0.0503247 0.00811173
987 0.63773 0.0556299 0.00951286
988 0.63773 0.0557113 0.0117035
989 0.63773 0.0637143 0.0134568
990 0.63773 0.0599073 0.0118154
991 0.63773 0.0401932 0.00659736
992 0.63773 0.0501335 0.00720847
993 0.63773 0.0601571 0.0142111
994 0.63773 0.0465525 0.00817357
995 0.63773 0.0500223 0.00775552
996 0.63773 0.0500587 0.00857018
997 0.63773 0.0569141 0.0121867
998 0.63773 0.0512574 0.00905241
999 0.63773 0.0500479 0.00832541
1000 0.63773 0.0569295 0.00992823
1000 0.4762 0.0548181 0.0111796
1000 0.4762 0.0491082 0.00830733
1000 0.4762 0.0531072 0.0097236
1000 0.4762 0.0522818 0.00854435
1000 0.4762 0.0581211 0.0121611
