0 0.20159 0.0404946 0.00321112
1 0.25804 0.0193363 0.00185521
2 0.26069 0.029879 0.00351413
3 0.32045 0.0420248 0.00513298
4 0.32045 0.0277384 0.00234656
5 0.32045 0.0304895 0.00300628
6 0.32045 0.0202033 0.00228066
7 0.32045 0.035974 0.00362804
8 0.32045 0.0366226 0.0042617
9 0.32045 0.0325928 0.00429436
10 0.39612 0.0286388 0.00322922
11 0.40663 0.038305 0.00456132
12 0.40663 0.0348813 0.003449
13 0.40663 0.0298909 0.00296168
14 0.40663 0.0400476 0.00448059
15 0.40663 0.0318755 0.00362665
16 0.40663 0.0271184 0.00253424
17 0.40663 0.0373155 0.00395169
18 0.40663 0.0394488 0.00415178
19 0.40663 0.0380694 0.00423371
20 0.40663 0.0395694 0.00505279
21 0.50644 0.0428297 0.00627566
22 0.50644 0.0364804 0.00399761
23 0.50644 0.0357798 0.00368476
24 0.50644 0.0407676 0.00497641
25 0.50644 0.0436284 0.005729
26 0.50644 0.0404343 0.00461377
27 0.50644 0.0384335 0.0045033
28 0.50644 0.034291 0.00415684
29 0.50644 0.0415085 0.00501994
30 0.50644 0.0372529 0.00484704
31 0.50644 0.0304662 0.00340727
32 0.50644 0.0411344 0.00398515
33 0.50644 0.0378111 0.00531425
34 0.50644 0.0404448 0.0046256
35 0.50644 0.0321193 0.003717
36 0.50644 0.0379031 0.00486695
37 0.50644 0.0408829 0.00497122
38 0.50644 0.0410716 0.00556528
39 0.50644 0.0416798 0.00531234
40 0.58161 0.0428232 0.00720592
41 0.58161 0.0450125 0.00697743
42 0.58161 0.0393438 0.0048745
43 0.58161 0.0414438 0.00593322
44 0.58161 0.0418899 0.00547911
45 0.58161 0.0313512 0.00542136
46 0.58161 0.0420287 0.00534056
47 0.58161 0.0480068 0.00605113
48 0.58161 0.0410363 0.00530647
49 0.58161 0.0446247 0.00516812
50 0.58161 0.0377538 0.00506613
51 0.58161 0.0423689 0.00559527
52 0.58161 0.0410824 0.0054824
53 0.58161 0.0566112 0.0086938
54 0.58161 0.0397056 0.00472995
55 0.58161 0.0520712 0.00727595
56 0.58161 0.040936 0.00584247
57 0.58161 0.0434964 0.00518141
58 0.58161 0.0374661 0.00444473
59 0.58161 0.0478241 0.00631534
60 0.58161 0.0469905 0.00609791
61 0.58161 0.0507113 0.00719505
62 0.58161 0.0485411 0.00595991
63 0.58161 0.049344 0.00752748
64 0.58161 0.0491446 0.00694734
65 0.58161 0.0461142 0.00698752
66 0.58161 0.0550347 0.00771351
67 0.58161 0.0462923 0.00679663
68 0.58161 0.0423304 0.00540476
69 0.58161 0.0459158 0.00813095
70 0.58161 0.0531344 0.00830273
71 0.58161 0.0424319 0.00518364
72 0.58161 0.0444685 0.00658396
73 0.58161 0.0424927 0.00609211
74 0.58161 0.0478469 0.00611063
75 0.58161 0.0442488 0.00588379
76 0.58161 0.0418208 0.00498042
77 0.58161 0.0406769 0.00536245
78 0.58161 0.0400993 0.00575198
79 0.58161 0.0412851 0.00605642
80 0.58161 0.0518803 0.00851657
81 0.58161 0.048793 0.00771895
82 0.58161 0.0484232 0.00587263
83 0.58161 0.0370802 0.00512029
84 0.58161 0.0457321 0.00653533
85 0.58161 0.0531191 0.00883096
86 0.58161 0.0551358 0.00849007
87 0.58161 0.0458466 0.00703752
88 0.58161 0.0407688 0.00566315
89 0.58161 0.0457941 0.00648546
90 0.58161 0.0517576 0.00650799
91 0.58161 0.0508552 0.00797754
92 0.58161 0.0503275 0.00840729
93 0.58161 0.0433734 0.00645119
94 0.58161 0.0529691 0.00636264
95 0.58161 0.0458029 0.00567889
96 0.58161 0.0474926 0.00767773
97 0.58161 0.0587184 0.00899645
98 0.58161 0.0510019 0.00656065
99 0.58161 0.045613 0.00640584
100 0.58161 0.0525327 0.0068749
101 0.58161 0.0466003 0.00595568
102 0.58161 0.0605053 0.00976816
103 0.58161 0.0530681 0.00786768
104 0.58161 0.0498944 0.00757697
105 0.58161 0.0489799 0.00690591
106 0.58161 0.0508345 0.00867887
107 0.58161 0.0598382 0.010086
108 0.58161 0.0540334 0.00715787
109 0.58161 0.0444043 0.00775574
110 0.58161 0.0587757 0.00893468
111 0.58161 0.0580727 0.0101508
112 0.58161 0.0531486 0.0082899
113 0.58161 0.052962 0.00820286
114 0.58161 0.0575075 0.00893695
115 0.58161 0.0609412 0.0114226
116 0.58161 0.0615523 0.0107696
117 0.58161 0.0532161 0.00847715
118 0.58161 0.0621248 0.00960827
119 0.58161 0.0492277 0.00684172
120 0.58161 0.0638475 0.011587
121 0.58161 0.0586268 0.00844212
122 0.58161 0.0481468 0.00657984
123 0.58161 0.051429 0.00790141
124 0.58161 0.0588942 0.00879868
125 0.58161 0.0557651 0.0100456
126 0.58161 0.0533535 0.00915723
127 0.58161 0.0694351 0.0114847
128 0.58161 0.0556624 0.00973559
129 0.58161 0.0568647 0.0108748
130 0.58161 0.0603005 0.0102067
131 0.58161 0.049411 0.00800395
132 0.58161 0.0506587 0.00808018
133 0.58161 0.0564509 0.010344
134 0.58161 0.0608027 0.0117263
135 0.58161 0.0530725 0.01055
136 0.58161 0.0690433 0.0132761
137 0.58161 0.0524507 0.0081925
138 0.58161 0.0572352 0.0110002
139 0.58161 0.045899 0.00761114
140 0.58161 0.0616658 0.0121211
141 0.58161 0.0578948 0.0100835
142 0.58161 0.0610193 0.0112458
143 0.58161 0.053629 0.00908794
144 0.58161 0.0537728 0.00878922
145 0.58161 0.0585007 0.0101222
146 0.58161 0.052078 0.00894071
147 0.58161 0.0746068 0.0138095
148 0.58161 0.0537335 0.00751597
149 0.58161 0.0643275 0.0119283
150 0.58161 0.0520332 0.00907499
151 0.58161 0.0607984 0.0105782
152 0.58161 0.0545977 0.00878474
153 0.58161 0.0603583 0.0113249
154 0.58161 0.0612369 0.0125093
155 0.58161 0.0683269 0.0117376
156 0.58161 0.055941 0.0106284
157 0.58161 0.0633832 0.0110968
158 0.58161 0.0633639 0.0109481
159 0.58161 0.0763576 0.015364
160 0.58161 0.0613013 0.0106234
161 0.58161 0.068493 0.0123366
162 0.58161 0.0649137 0.0132923
163 0.58161 0.0564153 0.0105703
164 0.58161 0.0580121 0.01047
165 0.58161 0.0647596 0.0131549
166 0.58161 0.0626354 0.0118605
167 0.58161 0.0657422 0.0123527
168 0.58161 0.0652275 0.0124957
169 0.58161 0.0618817 0.0109362
170 0.58161 0.0625942 0.0122175
171 0.58161 0.0529625 0.0100431
172 0.58161 0.048331 0.00702884
173 0.58161 0.0546991 0.00816709
174 0.58161 0.0480793 0.0074445
175 0.58161 0.0433312 0.00553354
176 0.58161 0.0541131 0.00909771
177 0.58161 0.0490802 0.00842444
178 0.58161 0.0441882 0.00656614
179 0.58161 0.0497051 0.00694888
180 0.58161 0.0421297 0.0055475
181 0.58161 0.0506791 0.00718398
182 0.58161 0.0457465 0.00673285
183 0.58161 0.0474247 0.00628868
184 0.58161 0.044321 0.00680589
185 0.58161 0.0547426 0.00854878
186 0.58161 0.0565879 0.0120834
187 0.58161 0.0525854 0.00920645
188 0.58161 0.0575159 0.011455
189 0.58161 0.056482 0.0113044
190 0.58161 0.066886 0.0115687
191 0.58161 0.0636738 0.0116747
192 0.58161 0.0500103 0.00989007
193 0.58161 0.0535143 0.00910416
194 0.58161 0.0651668 0.0122488
195 0.58161 0.0627515 0.0119232
196 0.58161 0.0513459 0.0104011
197 0.58161 0.058101 0.00872275
198 0.58161 0.0626821 0.0107121
199 0.58161 0.0691042 0.0134396
200 0.58161 0.0613007 0.00930163
201 0.58161 0.0609008 0.00977409
202 0.58161 0.0634257 0.0132229
203 0.58161 0.0598547 0.0114605
204 0.58161 0.0522091 0.00965704
205 0.58161 0.056056 0.0087625
206 0.58161 0.0515367 0.00866982
207 0.58161 0.060084 0.0117228
208 0.58161 0.0600396 0.0123214
209 0.58161 0.0640574 0.013735
210 0.58161 0.0602561 0.0124856
211 0.58161 0.0528357 0.00974625
212 0.58161 0.0578978 0.0122791
213 0.58161 0.0596366 0.0118986
214 0.58161 0.066632 0.0127889
215 0.58161 0.0549648 0.011469
216 0.58161 0.0511679 0.00868269
217 0.58161 0.0536223 0.00905561
218 0.58161 0.0597089 0.0105554
219 0.58161 0.0565446 0.0112474
220 0.58161 0.0501255 0.00970467
221 0.58161 0.0570961 0.0101677
222 0.58161 0.0570554 0.00833758
223 0.58161 0.0508867 0.00663228
224 0.58161 0.0562557 0.0101722
225 0.58161 0.0530102 0.00834703
226 0.58161 0.0469675 0.00671134
227 0.58161 0.0495332 0.00777507
228 0.58161 0.0630908 0.0125165
229 0.58161 0.0534732 0.0102171
230 0.58161 0.0543365 0.0110758
231 0.58161 0.0611998 0.0122546
232 0.58161 0.0449938 0.00806717
233 0.58161 0.0659915 0.0119938
234 0.58161 0.0496992 0.00791199
235 0.58161 0.0590353 0.0106087
236 0.58161 0.0666345 0.01292
237 0.58161 0.0580401 0.00968976
238 0.58161 0.0654682 0.0125849
239 0.58161 0.0649628 0.0138049
240 0.58161 0.06942 0.0139157
241 0.58161 0.0540445 0.00853303
242 0.58161 0.0650523 0.0121017
243 0.58161 0.0614952 0.0110613
244 0.58161 0.0568068 0.0115734
245 0.58161 0.0662247 0.0115442
246 0.58161 0.0555554 0.0113762
247 0.58161 0.0675267 0.0136139
248 0.58161 0.0620475 0.0119853
249 0.58161 0.0655385 0.0127881
250 0.58161 0.0638021 0.0114514
251 0.58161 0.0555892 0.0118202
252 0.58161 0.0594327 0.0114449
253 0.58161 0.0598085 0.0104656
254 0.58161 0.0518627 0.00990849
255 0.58161 0.0747344 0.0130046
256 0.58161 0.0686977 0.012314
257 0.58161 0.0681257 0.0144654
258 0.58161 0.0719177 0.0143574
259 0.58161 0.0751827 0.0138297
260 0.58161 0.0568745 0.0111437
261 0.58161 0.0549836 0.00904886
262 0.58161 0.0628865 0.0115559
263 0.58161 0.0568187 0.0103464
264 0.58161 0.057312 0.0105645
265 0.58161 0.0533193 0.00971599
266 0.58161 0.0611709 0.0110142
267 0.58161 0.0629033 0.0110826
268 0.58161 0.047814 0.00816436
269 0.58161 0.0613407 0.00996763
270 0.58161 0.0565377 0.011562
271 0.58161 0.0708057 0.0137999
272 0.58161 0.0625733 0.0115945
273 0.58161 0.0616509 0.0114485
274 0.58161 0.0657815 0.0120183
275 0.58161 0.0480251 0.00840942
276 0.58161 0.0603201 0.0105281
277 0.6608 0.0636743 0.0113171
278 0.6608 0.0535845 0.00894006
279 0.6608 0.0616339 0.00960904
280 0.6608 0.0638559 0.00880614
281 0.6608 0.0513944 0.00718097
282 0.6608 0.0499608 0.00856794
283 0.6608 0.0685466 0.0132424
284 0.6608 0.0644179 0.0109211
285 0.6608 0.0552177 0.0112446
286 0.6608 0.0594986 0.0102406
287 0.6608 0.0592005 0.0100715
288 0.6608 0.0625135 0.0102474
289 0.6608 0.0587948 0.0112148
290 0.6608 0.0675384 0.0119081
291 0.6608 0.0656673 0.0133655
292 0.6608 0.0644365 0.0124467
293 0.6608 0.0583611 0.00949895
294 0.6608 0.0518297 0.00741516
295 0.6608 0.0613847 0.0090818
296 0.6608 0.0557791 0.0106293
297 0.6608 0.0510767 0.00952708
298 0.6608 0.0476693 0.00826669
299 0.6608 0.0760348 0.0134456
300 0.6608 0.0624764 0.0114838
301 0.6608 0.0553691 0.0104088
302 0.6608 0.064886 0.0134854
303 0.6608 0.073879 0.0146317
304 0.6608 0.0690383 0.0152098
305 0.6608 0.0632735 0.0116948
306 0.6608 0.0657122 0.0128058
307 0.6608 0.0688122 0.0156128
308 0.98494 0.0658185 0.0156231
309 0.98494 0.0650123 0.0140611
310 0.98494 0.0757369 0.0157753
311 0.98494 0.0741489 0.0148496
312 0.98494 0.06122 0.0117148
313 0.98494 0.07262 0.0144938
314 0.98494 0.0640663 0.0134284
315 0.98494 0.0710553 0.0146717
316 0.98494 0.0572494 0.0116917
317 0.98494 0.0678478 0.0142181
318 0.98494 0.0640217 0.0131314
319 0.98494 0.0649675 0.0121809
320 0.98494 0.0573667 0.0128054
321 0.98494 0.0651742 0.0142733
322 0.98494 0.0703128 0.0149333
323 0.98494 0.0732607 0.0177735
324 0.98494 0.0651952 0.0127127
325 0.98494 0.0596318 0.0125681
326 0.98494 0.0618517 0.0116229
327 0.98494 0.0684442 0.0133029
328 0.98494 0.0776101 0.0162011
329 0.98494 0.068824 0.0148854
330 0.98494 0.0698673 0.0142222
331 0.98494 0.0737326 0.01311
332 0.98494 0.0715877 0.0151354
333 0.98494 0.0631276 0.0124662
334 0.98494 0.0589207 0.0121334
335 0.98494 0.0765779 0.0150652
336 0.98494 0.0653867 0.0126159
337 0.98494 0.0648193 0.0141183
338 0.98494 0.0516158 0.0102096
339 0.98494 0.0519489 0.009891
340 0.98494 0.0549594 0.0106078
341 0.98494 0.0599548 0.0107233
342 0.98494 0.0400733 0.00558829
343 0.98494 0.0521675 0.00792784
344 0.98494 0.0656282 0.011518
345 0.98494 0.0611477 0.0105833
346 0.98494 0.0669029 0.012438
347 0.98494 0.0595055 0.0127421
348 0.98494 0.0648975 0.0116925
349 0.98494 0.0618233 0.0117295
350 0.98494 0.071585 0.0144733
351 0.98494 0.0571448 0.00988876
352 0.98494 0.0671597 0.0132859
353 0.98494 0.053994 0.0101263
354 0.98494 0.0625929 0.0123369
355 0.98494 0.0494771 0.00911749
356 0.98494 0.0670658 0.0133163
357 0.98494 0.0643291 0.012968
358 0.98494 0.065778 0.0126455
359 0.98494 0.0544058 0.00867113
360 0.98494 0.0522072 0.00861095
361 0.98494 0.0612049 0.0112102
362 0.98494 0.0679407 0.0146625
363 0.98494 0.0685759 0.0145595
364 0.98494 0.0632668 0.0124394
365 0.98494 0.0641311 0.011899
366 0.98494 0.066565 0.0121679
367 0.98494 0.0640965 0.0125499
368 0.98494 0.0657309 0.0131249
369 0.98494 0.0578153 0.0103645
370 0.98494 0.0605822 0.010171
371 0.98494 0.0688153 0.015032
372 0.98494 0.0755848 0.0156561
373 0.98494 0.0643706 0.0125465
374 0.98494 0.0631182 0.0126799
375 0.98494 0.0742457 0.013961
376 0.98494 0.0726311 0.0148698
377 0.98494 0.0667635 0.0139515
378 0.98494 0.0595314 0.0112564
379 0.98494 0.0584461 0.0123647
380 0.98494 0.0546231 0.0110187
381 0.98494 0.0560531 0.0102639
382 0.98494 0.0565001 0.0121138
383 0.98494 0.0577674 0.014042
384 0.98494 0.0590449 0.0126247
385 0.98494 0.0621713 0.0105144
386 0.98494 0.0678732 0.0120013
387 0.98494 0.0655263 0.0137865
388 0.98494 0.0595425 0.0114575
389 0.98494 0.0613076 0.0115847
390 0.98494 0.0566213 0.0102072
391 0.98494 0.0581059 0.0103402
392 0.98494 0.0609473 0.0109718
393 0.98494 0.0601843 0.0115295
394 0.98494 0.0603675 0.0103835
395 0.98494 0.0579979 0.0098873
396 0.98494 0.0638934 0.01383
397 0.98494 0.055086 0.0102117
398 0.98494 0.0858581 0.0180061
399 0.98494 0.0702108 0.0161684
400 0.98494 0.0565652 0.010991
401 0.98494 0.0750554 0.0174236
402 0.98494 0.0588527 0.0102115
403 0.98494 0.0537639 0.00906487
404 0.98494 0.0512356 0.00902926
405 0.98494 0.0698127 0.0137084
406 0.98494 0.0620131 0.0109755
407 0.98494 0.0585552 0.0113674
408 0.98494 0.0703445 0.014819
409 0.98494 0.0567868 0.00983996
410 0.98494 0.0518616 0.00801184
411 0.98494 0.0580613 0.00985688
412 0.98494 0.0617842 0.0116747
413 0.98494 0.065644 0.0107522
414 0.98494 0.0651304 0.012755
415 0.98494 0.0706784 0.0134591
416 0.98494 0.054247 0.00912414
417 0.98494 0.05532 0.00884482
418 0.98494 0.0602847 0.0115994
419 0.98494 0.0528051 0.00936641
420 0.98494 0.0560122 0.00965358
421 0.98494 0.0584495 0.0101846
422 0.98494 0.0539515 0.00859637
423 0.98494 0.0541855 0.00846723
424 0.98494 0.0666608 0.0116302
425 0.98494 0.0554862 0.00871837
426 0.98494 0.0531801 0.00935737
427 0.98494 0.0567152 0.0106472
428 0.98494 0.0657676 0.0123421
429 0.98494 0.0567296 0.0109006
430 0.98494 0.0621314 0.0109077
431 0.98494 0.0617129 0.0125882
432 0.98494 0.0584868 0.0103191
433 0.98494 0.0593846 0.0121643
434 0.98494 0.0493592 0.00895332
435 0.98494 0.0521263 0.0085831
436 0.98494 0.0564049 0.00839902
437 0.98494 0.046574 0.0070915
438 0.98494 0.0517426 0.00836738
439 0.98494 0.0572295 0.00978149
440 0.98494 0.0526249 0.00838
441 0.98494 0.0462819 0.00788317
442 0.98494 0.059524 0.0108415
443 0.98494 0.0597369 0.0102703
444 0.98494 0.0533414 0.00885387
445 0.98494 0.0711796 0.0119227
446 0.98494 0.0570849 0.0114284
447 0.98494 0.0474842 0.00753702
448 0.98494 0.0506609 0.00832155
449 0.98494 0.0529126 0.00898938
450 0.98494 0.0517106 0.00778892
451 0.98494 0.0535451 0.00939917
452 0.98494 0.0440146 0.0074096
453 0.98494 0.0550461 0.0101993
454 0.98494 0.0580445 0.010681
455 0.98494 0.0422908 0.00720647
456 0.98494 0.0539696 0.0103778
457 0.98494 0.0633268 0.0149614
458 0.98494 0.0814273 0.0164851
459 0.98494 0.0571406 0.0124102
460 0.98494 0.0640787 0.0110804
461 0.98494 0.0621459 0.0139617
462 0.98494 0.0577002 0.0114402
463 0.98494 0.0697884 0.0140478
464 0.98494 0.0666458 0.0127498
465 0.98494 0.0587001 0.0121422
466 0.98494 0.057582 0.0120101
467 0.98494 0.0591341 0.012062
468 0.98494 0.059868 0.0127837
469 0.98494 0.0581375 0.0110672
470 0.98494 0.0607738 0.0135415
471 0.98494 0.0600806 0.0134861
472 0.98494 0.0624131 0.0125198
473 0.98494 0.0576208 0.0124819
474 0.98494 0.0665585 0.0133483
475 0.98494 0.0670571 0.0148822
476 0.98494 0.0641818 0.0129224
477 0.98494 0.0583204 0.0105539
478 0.98494 0.0688699 0.0152808
479 0.98494 0.0670242 0.0145356
480 0.98494 0.0513572 0.00806357
481 0.98494 0.05592 0.0109948
482 0.98494 0.0632174 0.0123571
483 0.98494 0.0657007 0.0136834
484 0.98494 0.0609458 0.0104478
485 0.98494 0.0606272 0.0124638
486 0.98494 0.0658882 0.0155738
487 0.98494 0.0633335 0.0127882
488 0.98494 0.0503113 0.00906596
489 0.98494 0.0641627 0.0124034
490 0.98494 0.0548232 0.0116549
491 0.98494 0.0496267 0.00750625
492 0.98494 0.0629206 0.0118456
493 0.98494 0.0542558 0.0104539
494 0.98494 0.070507 0.0136337
495 0.98494 0.0830187 0.0172957
496 0.98494 0.066189 0.0140541
497 0.98494 0.0617834 0.0105941
498 0.98494 0.0654335 0.0125656
499 0.98494 0.0802735 0.0144783
500 0.98494 0.0638497 0.0140043
501 0.98494 0.0784792 0.0147797
502 0.98494 0.0776611 0.0158321
503 0.98494 0.0680247 0.0147181
504 0.98494 0.0754736 0.0158194
505 0.98494 0.0629121 0.0106152
506 0.98494 0.0653156 0.013069
507 0.98494 0.0663287 0.0142823
508 0.98494 0.0801597 0.0170829
509 0.98494 0.0724927 0.0163317
510 0.98494 0.0529678 0.0101043
511 0.98494 0.0757672 0.0172044
512 0.98494 0.0773155 0.0161686
513 0.98494 0.0642802 0.0123387
514 0.98494 0.0608877 0.0121854
515 0.98494 0.0656412 0.0126582
516 0.98494 0.0513047 0.0102665
517 0.98494 0.0736104 0.0148118
518 0.98494 0.0623658 0.0120973
519 0.98494 0.0648881 0.0130593
520 0.98494 0.061663 0.0129778
521 0.98494 0.0695897 0.0152949
522 0.98494 0.0699816 0.0137142
523 0.98494 0.0696058 0.0138198
524 0.98494 0.0692315 0.0163917
525 0.98494 0.0787856 0.0159606
526 0.98494 0.0749618 0.0151492
527 0.98494 0.0587252 0.011186
528 0.98494 0.0618906 0.013417
529 0.98494 0.0532605 0.0101264
530 0.98494 0.0508374 0.00782037
531 0.98494 0.0569462 0.0109615
532 0.98494 0.0643142 0.0123413
533 0.98494 0.0610235 0.0112595
534 0.98494 0.067194 0.013005
535 0.98494 0.0616965 0.0127019
536 0.98494 0.0514322 0.0101558
537 0.98494 0.0560998 0.0106164
538 0.98494 0.0642555 0.0114517
539 0.98494 0.065251 0.0153249
540 0.98494 0.0647712 0.0138484
541 0.98494 0.0702658 0.01725
542 0.98494 0.0635697 0.0123489
543 0.98494 0.0645085 0.0152142
544 0.98494 0.0676489 0.0131453
545 0.98494 0.0584095 0.0132447
546 0.98494 0.0683119 0.0153569
547 0.98494 0.0553688 0.0120357
548 0.98494 0.0793709 0.0174813
549 0.98494 0.0733841 0.0169057
550 0.98494 0.0685938 0.0140064
551 0.98494 0.0752146 0.0171576
552 0.98494 0.07002 0.0149237
553 0.98494 0.0767805 0.0151256
554 0.98494 0.0698027 0.0147321
555 0.98494 0.0682253 0.0148474
556 0.98494 0.0812839 0.0176095
557 0.98494 0.0718235 0.0163159
558 0.98494 0.0627021 0.0124036
559 0.98494 0.0587281 0.0109016
560 0.98494 0.0557056 0.0115505
561 0.98494 0.0541732 0.00926674
562 0.98494 0.0650155 0.0112999
563 0.98494 0.0546777 0.00960987
564 0.98494 0.0661989 0.013336
565 0.98494 0.0668926 0.0108891
566 0.98494 0.064904 0.0124403
567 0.98494 0.0641406 0.0123108
568 0.98494 0.0567936 0.00911203
569 0.98494 0.0609828 0.010374
570 0.98494 0.0618258 0.0116463
571 0.98494 0.0536987 0.00901071
572 0.98494 0.0555821 0.0122933
573 0.98494 0.0534304 0.0105499
574 0.98494 0.0648066 0.0121401
575 0.98494 0.053074 0.00996446
576 0.98494 0.0578602 0.010692
577 0.98494 0.0666301 0.0132665
578 0.98494 0.0660193 0.0144728
579 0.98494 0.0529291 0.0115336
580 0.98494 0.0667487 0.0127028
581 0.98494 0.050275 0.00886905
582 0.98494 0.0617909 0.0117347
583 0.98494 0.0613259 0.0144571
584 0.98494 0.0491856 0.00940356
585 0.98494 0.0635544 0.0130472
586 0.98494 0.0556818 0.0111213
587 0.98494 0.0573626 0.0112948
588 0.98494 0.0587871 0.012149
589 0.98494 0.06408 0.0135045
590 0.98494 0.0667459 0.0144136
591 0.98494 0.0619713 0.0102504
592 0.98494 0.0716589 0.0153612
593 0.98494 0.0615094 0.0122982
594 0.98494 0.0673897 0.0114611
595 0.98494 0.0654172 0.0137755
596 0.98494 0.0660981 0.0124339
597 0.98494 0.0670256 0.0126897
598 0.98494 0.0698719 0.0154782
599 0.98494 0.0744156 0.0166104
600 0.98494 0.0752849 0.0156525
601 0.98494 0.0782574 0.0155441
602 0.98494 0.0680998 0.0134641
603 0.98494 0.0721168 0.0127959
604 0.98494 0.0662532 0.0135213
605 0.98494 0.0684305 0.0143672
606 0.98494 0.0706102 0.0155196
607 0.98494 0.0584055 0.0121747
608 0.98494 0.0656728 0.0136312
609 0.98494 0.0515253 0.0108252
610 0.98494 0.0529378 0.00998063
611 0.98494 0.0484872 0.00891596
612 0.98494 0.0597976 0.0126646
613 0.98494 0.0642521 0.0127791
614 0.98494 0.0582488 0.012204
615 0.98494 0.0447256 0.00832914
616 0.98494 0.0443989 0.00761252
617 0.98494 0.0560071 0.0106767
618 0.98494 0.0545427 0.0114878
619 0.98494 0.0554241 0.00972682
620 0.98494 0.0436563 0.00772469
621 0.98494 0.0569196 0.0102761
622 0.98494 0.0587768 0.0105565
623 0.98494 0.0525234 0.00957125
624 0.98494 0.0564554 0.00926882
625 0.98494 0.0505827 0.00927155
626 0.98494 0.0551921 0.0102274
627 0.98494 0.048373 0.00830942
628 0.98494 0.0484131 0.00863626
629 0.98494 0.0412 0.00696287
630 0.98494 0.0480088 0.00762336
631 0.98494 0.0520443 0.00875962
632 0.98494 0.0471415 0.00682698
633 0.98494 0.0589426 0.0108275
634 0.98494 0.0549537 0.00849125
635 0.98494 0.0590695 0.0087254
636 0.98494 0.0610092 0.0111807
637 0.98494 0.0601516 0.0115712
638 0.98494 0.0528282 0.00912395
639 0.98494 0.0577081 0.00910502
640 0.98494 0.0675297 0.0111801
641 0.98494 0.0609461 0.00968034
642 0.98494 0.056293 0.0105687
643 0.98494 0.0604305 0.0116199
644 0.98494 0.0707567 0.0128476
645 0.98494 0.058633 0.010787
646 0.98494 0.0599902 0.0121644
647 0.98494 0.057382 0.010445
648 0.98494 0.0686643 0.0160115
649 0.98494 0.0848147 0.0188998
650 0.98494 0.0467564 0.00760995
651 0.98494 0.0632619 0.0125829
652 0.98494 0.055507 0.00961162
653 0.98494 0.0617137 0.0105255
654 0.98494 0.0548216 0.0100232
655 0.98494 0.0614903 0.0123598
656 0.98494 0.063722 0.0102042
657 0.98494 0.0548258 0.00966283
658 0.98494 0.0572915 0.0110357
659 0.98494 0.0572465 0.00965678
660 0.98494 0.0598061 0.0120146
661 0.98494 0.0567609 0.00967937
662 0.98494 0.0596323 0.0117033
663 0.98494 0.0552888 0.00925367
664 0.98494 0.0708766 0.0143735
665 0.98494 0.0493916 0.00872569
666 0.98494 0.0599022 0.0102467
667 0.98494 0.0576138 0.0108464
668 0.98494 0.0716208 0.0137031
669 0.98494 0.0524315 0.00933826
670 0.98494 0.0522047 0.00964117
671 0.98494 0.0588087 0.0105479
672 0.98494 0.0476963 0.00779251
673 0.98494 0.062268 0.011691
674 0.98494 0.0649568 0.0125481
675 0.98494 0.0587885 0.0104677
676 0.98494 0.0700509 0.0143132
677 0.98494 0.0605965 0.0113103
678 0.98494 0.0699337 0.0118055
679 0.98494 0.0516761 0.0101419
680 0.98494 0.0607319 0.0113529
681 0.98494 0.0532364 0.0105154
682 0.98494 0.0632801 0.0130494
683 0.98494 0.055916 0.0120213
684 0.98494 0.0576279 0.01177
685 0.98494 0.0627536 0.0109241
686 0.98494 0.0500953 0.00934655
687 0.98494 0.0403749 0.00696486
688 0.98494 0.0504769 0.00832722
689 0.98494 0.0636295 0.0107811
690 0.98494 0.057486 0.0100355
691 0.98494 0.0408175 0.00769523
692 0.98494 0.0508862 0.00843059
693 0.98494 0.0571043 0.00827514
694 0.98494 0.0498507 0.00885674
695 0.98494 0.0465895 0.00628517
696 0.98494 0.0533747 0.0102889
697 0.98494 0.0508652 0.00835209
698 0.98494 0.0625487 0.0118859
699 0.98494 0.0574763 0.0107752
700 0.98494 0.0593506 0.0111031
701 0.98494 0.0579895 0.0130172
702 0.98494 0.0543005 0.0108368
703 0.98494 0.0649252 0.0125474
704 0.98494 0.0553208 0.0117221
705 0.98494 0.0478276 0.00907374
706 0.98494 0.0542449 0.00949073
707 0.98494 0.0675725 0.0147539
708 0.98494 0.0505042 0.00867589
709 0.98494 0.0525973 0.00816094
710 0.98494 0.0512757 0.00944324
711 0.98494 0.0500604 0.00861928
712 0.98494 0.060163 0.0126057
713 0.98494 0.0700318 0.0143247
714 0.98494 0.053485 0.0103024
715 0.98494 0.0659754 0.0132972
716 0.98494 0.0591698 0.0132969
717 0.98494 0.0710303 0.0144507
718 0.98494 0.056597 0.0123122
719 0.98494 0.0596227 0.01099
720 0.98494 0.0479279 0.00863156
721 0.98494 0.0591077 0.0120582
722 0.98494 0.0586947 0.0112518
723 0.98494 0.0588406 0.0108772
724 0.98494 0.0581717 0.0112846
725 0.98494 0.07012 0.0157979
726 0.98494 0.0625281 0.0146074
727 0.98494 0.0526103 0.00885202
728 0.98494 0.0674373 0.0128024
729 0.98494 0.0664547 0.0122196
730 0.98494 0.0643545 0.011579
731 0.98494 0.0580417 0.0130221
732 0.98494 0.0534594 0.0102909
733 0.98494 0.0503383 0.00830535
734 1.02 0.0584065 0.0139801
734 1.01 0.0532072 0.0127859
734 1.02 0.0479664 0.0133635
734 1.02 0.0539225 0.0129401
734 0.52381 0.0590043 0.0117313
735 1.01 0.0553605 0.0127093
735 0.53381 0.044564 0.0080724
736 0.53381 0.0524849 0.00968044
737 0.68667 0.0585089 0.012755
738 0.68667 0.0428096 0.00841914
739 1.01 0.0663374 0.0173114
739 1.01 0.0563382 0.0129422
739 0.49207 0.0544289 0.00982974
740 0.49207 0.0523741 0.00993757
741 1.01 0.0713747 0.016784
741 0.48536 0.0542889 0.0101099
742 0.54969 0.0562267 0.0121847
743 0.80366 0.0613756 0.0153039
744 1.01 0.0753378 0.0215037
744 0.54283 0.0505171 0.00960354
745 0.54283 0.0468221 0.0078796
746 0.54283 0.049013 0.00859553
747 0.54283 0.0551575 0.0115444
748 0.54922 0.0558318 0.010728
749 0.59441 0.0576819 0.0136603
750 0.59441 0.0508116 0.00889349
751 0.59441 0.0470967 0.00824688
752 0.59441 0.0538204 0.00860032
753 0.59441 0.0499963 0.00890102
754 0.59441 0.0489417 0.0085209
755 0.59441 0.0539222 0.0101416
756 0.59441 0.0627989 0.0132203
757 0.59441 0.0510185 0.00885043
758 0.59441 0.0485765 0.00933017
759 1 0.0599364 0.0145217
759 0.4762 0.0599145 0.0101835
760 0.4762 0.0614257 0.0132583
761 0.4762 0.0583849 0.0113396
762 0.4762 0.0520811 0.00821942
763 0.52381 0.0550899 0.0111668
764 0.52381 0.0449949 0.00794977
765 0.52381 0.056487 0.0116294
766 0.52381 0.0565675 0.0106201
767 0.52381 0.0678518 0.0147129
768 0.60318 0.0666986 0.0140499
769 0.60318 0.0595363 0.0105784
770 0.61905 0.0587475 0.0122825
771 0.61905 0.0449202 0.00850553
772 0.78778 0.0776921 0.0171741
773 0.78778 0.0615702 0.0135571
774 0.79778 0.0550847 0.0120307
775 1 0.0596588 0.0149552
776 1 0.0617907 0.0163933
777 1.01 0.0576973 0.0143997
778 1.01 0.0604575 0.0200172
779 1.01 0.0652945 0.0210868
780 1.01 0.0502783 0.0109546
781 1.01 0.056482 0.012996
782 1.01 0.0658716 0.0163342
783 1.01 0.0724648 0.0194275
784 1.01 0.0568854 0.0113736
785 1.01 0.0479374 0.00996838
786 1.01 0.0480458 0.00893415
787 1.01 0.0606014 0.0148344
788 1.01 0.0549351 0.0139122
789 1.01 0.0458934 0.00811102
790 1.01 0.0536265 0.0107254
791 1.01 0.0615326 0.0143343
792 1.01 0.0435798 0.00806476
793 1.01 0.0525332 0.0104164
794 1.01 0.0494663 0.00937104
795 1.01 0.0513815 0.00995305
796 1.01 0.0580767 0.0192091
797 1.01 0.0635385 0.0200367
798 1.01 0.0582104 0.0165852
799 1.01 0.0746112 0.0214321
800 1.01 0.0587358 0.0139432
801 1.01 0.0698386 0.0161961
802 1.02 0.0495219 0.0124133
803 1.02 0.0688381 0.0191243
804 1.02 0.0629079 0.0135851
805 1.02 0.0590524 0.00991188
806 1.02 0.0429589 0.00698539
807 1.02 0.0529072 0.010411
808 1.02 0.059993 0.00988107
809 1.02 0.0534967 0.010264
810 1.02 0.0672222 0.0126279
811 1.02 0.0601371 0.0114702
812 1.02 0.0520599 0.00927167
813 1.02 0.0515423 0.00895853
814 1.02 0.046727 0.00879301
815 1.02 0.0541091 0.00854058
816 1.02 0.0557928 0.00982796
817 1.02 0.0643693 0.0130038
818 1.02 0.0584727 0.0117226
819 1.02 0.0545567 0.00949102
820 1.02 0.0544102 0.0145944
821 1.02 0.0524993 0.00853223
822 1.02 0.0493834 0.00747208
823 1.02 0.0508099 0.00819355
824 1.02 0.0641866 0.0103025
825 1.02 0.0548778 0.00863663
826 1.02 0.0646826 0.0120958
827 1.02 0.0588798 0.0114955
828 1.02 0.0496134 0.00842578
829 1.02 0.0650662 0.0111749
830 1.02 0.0612621 0.0108166
831 1.02 0.0553377 0.0095508
832 1.02 0.0593936 0.0112583
833 1.02 0.04074 0.00774215
834 1.02 0.0622849 0.016088
835 1.02 0.0706291 0.0210548
836 1.02 0.0675353 0.01602
837 1.02 0.0689297 0.0164791
838 1.02 0.0510259 0.0125992
839 1.02 0.0533644 0.0101451
840 1.02 0.0691777 0.0193123
841 1.02 0.0656975 0.0160708
842 1.02 0.058949 0.0111796
843 1.02 0.0693809 0.0177077
844 1.02 0.0695515 0.0209881
845 1.02 0.0742922 0.0226059
846 1.02 0.0658478 0.0170601
847 1.02 0.0820717 0.0242291
848 1.02 0.0695958 0.0208169
849 1.02 0.0821271 0.0385293
850 1.02 0.0820944 0.0319155
851 1.02 0.0801472 0.0286371
852 1.02 0.0770227 0.0304622
853 1.02 0.0770605 0.0268833
854 1.02 0.0671615 0.0249583
855 1.02 0.0625191 0.0178886
856 1.02 0.0749749 0.0303105
857 1.02 0.0792518 0.0250648
858 1.02 0.0812325 0.0256608
859 1.02 0.0702382 0.0152893
860 1.02 0.0780132 0.0306015
861 1.02 0.0899552 0.0377577
862 1.02 0.075254 0.0268128
863 1.02 0.0767952 0.0271586
864 1.02 0.0850988 0.0325777
865 1.02 0.0704609 0.0256291
866 1.02 0.0587028 0.0144287
867 1.02 0.0764811 0.0221806
868 1.02 0.068852 0.0229121
869 1.02 0.0696192 0.0208427
870 1.02 0.084255 0.0345201
871 1.02 0.071241 0.0199573
872 1.02 0.0885277 0.0314187
873 1.02 0.057731 0.0146139
874 1.02 0.0715453 0.0224947
875 1.02 0.0772027 0.030031
876 1.02 0.0742802 0.0283273
877 1.02 0.0628514 0.0239491
878 1.02 0.0704813 0.0231572
879 1.02 0.0599889 0.0124947
880 1.02 0.063844 0.0164073
881 1.02 0.0587768 0.0127172
882 1.02 0.0655475 0.019144
883 1.02 0.0711202 0.0292918
884 1.02 0.0702839 0.0276637
885 1.02 0.0711456 0.0208793
886 1.02 0.0833812 0.0270454
887 1.02 0.0617096 0.0140473
888 1.02 0.0702511 0.0256856
889 1.02 0.0586059 0.0171254
890 1.02 0.0567231 0.0114546
891 1.02 0.0575512 0.0119184
892 1.02 0.0506622 0.00852197
893 1.02 0.0765565 0.0293245
894 1.02 0.0607334 0.0145818
895 1.02 0.0536933 0.0125116
896 1.02 0.0690326 0.0162618
897 1.02 0.0663111 0.0151006
898 1.02 0.0669286 0.0146322
899 1.02 0.0481629 0.00846563
900 1.02 0.065308 0.0184553
901 1.02 0.0740164 0.0202472
902 1.02 0.0615559 0.019352
903 1.02 0.0838414 0.0290523
904 1.02 0.0859232 0.0254864
905 1.02 0.0770201 0.0226618
906 1.02 0.0738256 0.0268153
907 1.02 0.094961 0.0416889
908 1.02 0.0800732 0.0278243
909 1.02 0.0614138 0.018809
910 1.02 0.0681102 0.0179505
911 1.02 0.0607049 0.0170632
912 1.02 0.0738975 0.01881
913 1.02 0.0810153 0.0302501
914 1.02 0.0775396 0.0233181
915 1.02 0.0674188 0.0213525
916 1.02 0.0912961 0.0384685
917 1.02 0.0820419 0.0294745
918 1.02 0.0651585 0.019977
919 1.02 0.0700349 0.0237662
920 1.02 0.075578 0.0352847
921 1.02 0.0528669 0.0143428
922 1.02 0.0689317 0.0216411
923 1.02 0.0746089 0.0354043
924 1.02 0.0805309 0.0369169
925 1.02 0.0629929 0.0244784
926 1.02 0.0581531 0.0203702
927 1.02 0.0754336 0.0332378
928 1.02 0.0727229 0.0282806
929 1.02 0.0708497 0.0312041
930 1.02 0.0707145 0.0311204
931 1.02 0.075116 0.0288139
932 1.02 0.0787857 0.0355581
933 1.02 0.0790679 0.0390405
934 1.02 0.0640624 0.0232601
935 1.02 0.0743928 0.0298717
936 1.02 0.0575522 0.0243433
937 1.02 0.0827214 0.0383383
938 1.02 0.0729706 0.0292774
939 1.02 0.0728336 0.0354414
940 1.02 0.0802847 0.0392361
941 1.02 0.0709264 0.0222871
942 1.02 0.0825067 0.0408744
943 1.02 0.10153 0.0488213
944 1.02 0.0979931 0.0465254
945 1.02 0.0821401 0.033509
946 1.02 0.0654401 0.0192494
947 1.02 0.089235 0.0394614
948 1.02 0.0918872 0.0406625
949 1.02 0.0722173 0.027059
950 1.02 0.0955007 0.0329451
951 1.02 0.0760199 0.0285981
952 1.02 0.0939985 0.0453623
953 1.02 0.0913437 0.0389604
954 1.02 0.081767 0.0348215
955 1.02 0.0789961 0.0356872
956 1.02 0.0903822 0.0466807
957 1.02 0.0866976 0.0375066
958 1.02 0.0961778 0.0467864
959 1.02 0.109649 0.0537336
960 1.02 0.112903 0.0588144
961 1.02 0.108973 0.0629274
962 1.02 0.0867747 0.0350809
963 1.02 0.0770208 0.0399966
964 1.02 0.0824436 0.0365427
965 1.02 0.0898793 0.0383889
966 1.02 0.0819443 0.0350638
967 1.02 0.0866674 0.0394945
968 1.02 0.0802736 0.0316994
969 1.02 0.0557076 0.0273682
970 1.02 0.0963961 0.0543936
971 1.02 0.0585884 0.026399
972 1.02 0.0766017 0.031161
973 1.02 0.0968745 0.0521062
974 1.02 0.0856387 0.0399148
975 1.02 0.103356 0.0562478
976 1.02 0.0961868 0.0371826
977 1.02 0.0894298 0.0393425
978 1.02 0.0995579 0.0406438
979 1.02 0.115288 0.0547671
980 1.02 0.0917577 0.0392182
981 1.02 0.113385 0.0594355
982 1.02 0.0962393 0.0356691
983 1.02 0.0690638 0.0179595
984 1.02 0.0916023 0.0374374
985 1.02 0.0888505 0.0351869
986 1.02 0.103518 0.0455301
987 1.02 0.111728 0.0501531
988 1.02 0.0814226 0.0310798
989 1.02 0.0814486 0.0305468
990 1.02 0.0841985 0.0324135
991 1.02 0.0857116 0.0348839
992 1.02 0.088036 0.0395676
993 1.02 0.0769918 0.035786
994 1.03 0.0705072 0.0241756
995 1.03 0.0714712 0.0230185
996 1.03 0.0912191 0.0375713
997 1.03 0.0653403 0.0213287
998 1.03 0.0914263 0.0349922
999 1.03 0.122945 0.0616604
1000 1.03 0.0963403 0.0403858
