0 0.23291 0.0434585 0.00376126
1 0.23291 0.0201985 0.00168857
2 0.34008 0.0302504 0.0034644
3 0.34008 0.0453973 0.0050199
4 0.34008 0.0270543 0.00251163
5 0.34008 0.0271478 0.00242105
6 0.34008 0.0316859 0.00372656
7 0.34008 0.0268223 0.00263839
8 0.34008 0.0303978 0.00302553
9 0.34008 0.0399967 0.00434045
10 0.34008 0.0354277 0.00354862
11 0.34008 0.0292173 0.00246615
12 0.34008 0.039963 0.00398972
13 0.34008 0.0330875 0.00402758
14 0.34008 0.0297688 0.00339516
15 0.34008 0.0276713 0.00259725
16 0.34008 0.0390392 0.00424675
17 0.34008 0.0362493 0.00396734
18 0.34008 0.0291206 0.00332869
19 0.34008 0.032991 0.0034674
20 0.34008 0.0328114 0.0032517
21 0.34008 0.0306426 0.00331448
22 0.34008 0.032312 0.00332186
23 0.34008 0.0352539 0.00334109
24 0.34008 0.0398493 0.00410577
25 0.34008 0.0376896 0.00376515
26 0.34008 0.0377469 0.00389772
27 0.34008 0.0322802 0.00345463
28 0.34008 0.0318842 0.00316542
29 0.34008 0.0394202 0.00426175
30 0.34008 0.0444631 0.00485853
31 0.34509 0.0324613 0.0038261
32 0.34509 0.0360018 0.00362036
33 0.34509 0.0362472 0.00400438
34 0.34509 0.0465444 0.00502649
35 0.34509 0.0316688 0.00364409
36 0.34509 0.0473932 0.00511803
37 0.34509 0.0337187 0.00351983
38 0.34509 0.0353892 0.00359329
39 0.34509 0.037733 0.0043651
40 0.34509 0.0414403 0.00431718
41 0.35814 0.0425716 0.00449244
42 0.35814 0.0397299 0.00447865
43 0.35814 0.040082 0.00464346
44 0.35814 0.0547737 0.00596854
45 0.35814 0.0300503 0.00301783
46 0.35814 0.0437286 0.00522627
47 0.35814 0.0370597 0.00428522
48 0.35814 0.0488844 0.00488674
49 0.35814 0.0441012 0.00454757
50 0.35814 0.0333674 0.00358069
51 0.35814 0.0335971 0.00397148
52 0.35814 0.0369074 0.00411815
53 0.35814 0.0459949 0.00469448
54 0.35814 0.038992 0.00469265
55 0.35814 0.0441499 0.00496527
56 0.35814 0.0481418 0.00621575
57 0.35814 0.0372431 0.00406029
58 0.35814 0.0394722 0.00417938
59 0.40146 0.0396548 0.00498018
60 0.40777 0.042056 0.00563805
61 0.40777 0.040075 0.00513175
62 0.40777 0.0475392 0.00540273
63 0.43652 0.044932 0.00575419
64 0.4762 0.0352447 0.00511099
65 0.4762 0.0524669 0.00644353
66 0.4762 0.0391237 0.00434704
67 0.4762 0.0465956 0.00611923
68 0.4762 0.0502064 0.00605602
69 0.4762 0.0422866 0.00465973
70 0.4762 0.0515499 0.00816483
71 0.4762 0.0452787 0.00592282
72 0.4762 0.0421164 0.00578741
73 0.4762 0.0443784 0.00557531
74 0.4762 0.0426707 0.00491304
75 0.4762 0.0499328 0.00575489
76 0.4762 0.0538275 0.00671144
77 0.4762 0.0417095 0.00643882
78 0.4762 0.0512203 0.00716689
79 0.4762 0.0490116 0.00656105
80 0.4762 0.0405933 0.00549621
81 0.4762 0.040577 0.00501088
82 0.4762 0.0400455 0.00500264
83 0.4762 0.0400878 0.00489236
84 0.4762 0.0412034 0.00555873
85 0.4762 0.0461584 0.00546617
86 0.4762 0.0537595 0.00669603
87 0.4762 0.043428 0.0052774
88 0.4762 0.0488401 0.00581464
89 0.4762 0.0530735 0.00636252
90 0.4762 0.0529792 0.00746869
91 0.4762 0.0473465 0.00689426
92 0.4762 0.0530338 0.00788506
93 0.4762 0.0535312 0.0100649
94 0.4762 0.0568355 0.0106875
95 0.4762 0.0513866 0.00805355
96 0.4762 0.0556022 0.00898672
97 0.51946 0.0398924 0.00672786
98 0.51946 0.0452266 0.00683425
99 0.51946 0.0531287 0.00907315
100 0.51946 0.0521401 0.00884511
101 0.55556 0.0519749 0.00904422
102 0.55556 0.0546899 0.00913527
103 0.55556 0.0499656 0.00777551
104 0.55556 0.0520772 0.00906575
105 0.55556 0.062702 0.00905428
106 0.55556 0.0594283 0.0106246
107 0.55556 0.0649774 0.0121687
108 0.55556 0.0526158 0.00888216
109 0.55556 0.0589117 0.0112003
110 0.55556 0.0645801 0.0130427
111 0.55556 0.0545554 0.0108431
112 0.55556 0.0586573 0.011709
113 0.55556 0.0525695 0.010621
114 0.55556 0.0613056 0.0103478
115 0.55556 0.0639275 0.0135163
116 0.55556 0.0551732 0.0107255
117 0.55556 0.0669267 0.0145758
118 0.55556 0.0604325 0.0140453
119 0.55556 0.056974 0.0122154
120 0.55556 0.0521163 0.0103611
121 0.55556 0.0615739 0.0125219
122 0.55556 0.0632101 0.0142386
123 0.55556 0.0476254 0.00875511
124 0.55556 0.0672888 0.0131557
125 0.55556 0.0537502 0.00986646
126 0.55556 0.0499066 0.0100942
127 0.55556 0.0641354 0.0110703
128 0.55556 0.0667177 0.0118447
129 0.55556 0.0692854 0.0127976
130 0.55556 0.0626863 0.0129491
131 0.55556 0.0456928 0.00736075
132 0.55556 0.0564233 0.00994968
133 0.55556 0.0701074 0.0124358
134 0.55556 0.0658973 0.0122404
135 0.55556 0.0506316 0.00872862
136 0.55556 0.0652496 0.0126055
137 0.55556 0.0574667 0.00993805
138 0.55556 0.0467924 0.00853393
139 0.55556 0.058695 0.0102393
140 0.55556 0.0518109 0.00964504
141 0.55556 0.0552895 0.0105003
142 0.55556 0.0525409 0.00798949
143 0.55556 0.0548627 0.00964551
144 0.55556 0.0496511 0.00870086
145 0.55556 0.0509738 0.00949413
146 0.55556 0.0632412 0.0111241
147 0.55556 0.0540228 0.00934173
148 0.55556 0.0552544 0.0111013
149 0.55556 0.060804 0.0115374
150 0.55556 0.054815 0.0110168
151 0.55556 0.0750542 0.0147256
152 0.55556 0.0709849 0.0133596
153 0.55556 0.0649121 0.0136872
154 0.55556 0.0615276 0.0112167
155 0.55556 0.0660386 0.012618
156 0.55556 0.057558 0.0106745
157 0.55556 0.0583076 0.011804
158 0.55556 0.0659203 0.0130025
159 0.55556 0.0607617 0.010127
160 0.55556 0.0586448 0.0104464
161 0.55556 0.0478968 0.00842965
162 0.55556 0.0527162 0.00771036
163 0.55556 0.056461 0.00824633
164 0.55556 0.0607742 0.0104848
165 0.55556 0.0630088 0.0112945
166 0.55556 0.0593643 0.0120024
167 0.55556 0.0539414 0.00948289
168 0.55556 0.0523274 0.00833892
169 0.55556 0.0538128 0.0110845
170 0.55556 0.0701108 0.0132353
171 0.55556 0.0665142 0.0124186
172 0.55556 0.0661875 0.013548
173 0.55556 0.0550035 0.0109345
174 0.55556 0.0462003 0.00773438
175 0.55556 0.0667604 0.0126905
176 0.55556 0.0587984 0.0123265
177 0.55556 0.0536741 0.0119529
178 0.55556 0.0569273 0.0116159
179 0.55556 0.0608557 0.0111575
180 0.55556 0.0522986 0.00831454
181 0.55556 0.0638184 0.0134942
182 0.55556 0.0472815 0.00930683
183 0.55556 0.0549621 0.0114299
184 0.55556 0.047897 0.00889513
185 0.55556 0.0565978 0.0104399
186 0.55556 0.0503477 0.00887842
187 0.55556 0.047453 0.00901706
188 0.55556 0.0591413 0.0115495
189 0.55556 0.0596998 0.0110569
190 0.55556 0.0422001 0.00652154
191 0.55556 0.0611739 0.0105822
192 0.55556 0.06098 0.0114345
193 0.55556 0.0597231 0.010709
194 0.55556 0.0570462 0.0130197
195 0.55556 0.0594087 0.010554
196 0.55556 0.0609848 0.012597
197 0.55556 0.0650743 0.0119643
198 0.55556 0.0696683 0.013672
199 0.55556 0.0588149 0.0106578
200 0.55556 0.050429 0.00906938
201 0.55556 0.0584703 0.011453
202 0.55556 0.064849 0.0112179
203 0.55556 0.0684097 0.0145447
204 0.55556 0.0745069 0.0156266
205 0.55556 0.0604038 0.0122635
206 0.55556 0.0708874 0.0136969
207 0.55556 0.0714097 0.0148205
208 0.55556 0.0591677 0.0131749
209 0.55556 0.061907 0.0121599
210 0.55556 0.0606791 0.0109842
211 0.55556 0.0622675 0.0121383
212 0.55556 0.0544452 0.00999435
213 0.55556 0.0555444 0.0101351
214 0.55556 0.0606773 0.0108157
215 0.55556 0.0652284 0.0104823
216 0.55556 0.0513869 0.00906083
217 0.55556 0.0664935 0.0110017
218 0.55556 0.0669426 0.0119293
219 0.55556 0.0637683 0.0114125
220 0.55556 0.0613404 0.0119948
221 0.55556 0.0773869 0.0162318
222 0.55556 0.0592368 0.0112203
223 0.55556 0.0690503 0.0129826
224 0.55556 0.0644659 0.0118728
225 0.55556 0.0670774 0.0108149
226 0.68667 0.0736712 0.0147787
227 0.68667 0.0629201 0.0118503
228 0.68667 0.0525885 0.00989468
229 0.68667 0.0640157 0.0126358
230 0.68667 0.0579205 0.0108117
231 0.68667 0.0473561 0.00825243
232 0.68667 0.0634507 0.0125331
233 0.68667 0.0535904 0.0097466
234 0.68667 0.0541872 0.00800457
235 0.68667 0.0494143 0.0085339
236 0.68667 0.0472553 0.00741252
237 0.68667 0.0488447 0.00921641
238 0.68667 0.0595105 0.0106641
239 0.68667 0.0553275 0.0106595
240 0.68667 0.0673223 0.0118695
241 0.68667 0.0569571 0.0111054
242 0.68667 0.0557381 0.010345
243 0.68667 0.0585459 0.0106836
244 0.68667 0.0592517 0.0131887
245 0.68667 0.0699779 0.0138981
246 0.68667 0.0590073 0.00991863
247 0.68667 0.0632919 0.0118952
248 0.68667 0.0497813 0.00819277
249 0.68667 0.0615038 0.0103087
250 0.68667 0.0589049 0.0109512
251 0.68667 0.0601958 0.0110661
252 0.68667 0.0634446 0.010855
253 0.68667 0.0515662 0.00892188
254 0.68667 0.0571167 0.00763379
255 0.68667 0.0607687 0.0100288
256 0.68667 0.0548305 0.0104675
257 0.68667 0.0627272 0.0110878
258 0.68667 0.0651693 0.0123102
259 0.68667 0.0578223 0.0101586
260 0.68667 0.0696885 0.0127887
261 0.68667 0.0550294 0.0102019
262 0.68667 0.056296 0.0119596
263 0.68667 0.0667557 0.0132815
264 0.68667 0.0465527 0.00727945
265 0.68667 0.0474991 0.00866471
266 0.68667 0.0544908 0.00911859
267 0.68667 0.068862 0.0138113
268 0.68667 0.049367 0.00995916
269 0.68667 0.0726887 0.0136322
270 0.68667 0.0700743 0.0148459
271 0.68667 0.0766246 0.0127253
272 0.68667 0.060512 0.0113433
273 0.68667 0.0684798 0.0126723
274 0.68667 0.0607097 0.0123261
275 0.68667 0.0698317 0.0140934
276 0.68667 0.0541667 0.0108441
277 0.68667 0.0593955 0.0118888
278 0.68667 0.0543707 0.00998245
279 0.68667 0.0492947 0.008319
280 0.68667 0.0650424 0.0119872
281 0.68667 0.0566359 0.010884
282 0.68667 0.0491244 0.00770398
283 0.68667 0.0617344 0.011205
284 0.68667 0.0609775 0.0099355
285 0.68667 0.0365304 0.00504953
286 0.68667 0.0482034 0.00859532
287 0.68667 0.0636591 0.0117471
288 0.68667 0.0536485 0.01139
289 0.68667 0.0522793 0.009348
290 0.68667 0.0586324 0.0108063
291 0.68667 0.0599292 0.0116107
292 0.68667 0.0512874 0.0117747
293 0.68667 0.0471321 0.00898648
294 0.68667 0.0611247 0.0121618
295 0.68667 0.0552396 0.0125898
296 0.68667 0.0543763 0.00968764
297 0.68667 0.0558154 0.00977287
298 0.68667 0.0622364 0.0113633
299 0.68667 0.04743 0.00950823
300 0.68667 0.0574967 0.00995771
301 0.68667 0.0509688 0.00955113
302 0.68667 0.050251 0.00942211
303 0.68667 0.0558591 0.0110582
304 0.68667 0.0655382 0.0133077
305 0.68667 0.065814 0.0138522
306 0.68667 0.0624285 0.0133733
307 0.68667 0.0496579 0.0111544
308 0.68667 0.0621867 0.014406
309 0.68667 0.0525044 0.00956082
310 0.68667 0.04792 0.00934918
311 0.68667 0.0662887 0.0142758
312 0.68667 0.0589057 0.0109713
313 0.68667 0.0504968 0.00921222
314 0.68667 0.0448061 0.00858009
315 0.68667 0.0604499 0.0108371
316 0.68667 0.058444 0.00943842
317 0.68667 0.0488572 0.00985709
318 0.68667 0.0654543 0.0120328
319 0.68667 0.0508944 0.00734622
320 0.68667 0.0619366 0.0129296
321 0.68667 0.0615028 0.0117733
322 0.68667 0.0643541 0.0119719
323 0.68667 0.0481344 0.00823692
324 0.68667 0.0541956 0.0104799
325 0.68667 0.0616158 0.0137851
326 0.68667 0.0427851 0.00834824
327 0.68667 0.0522909 0.010683
328 0.68667 0.0566625 0.0109057
329 0.68667 0.0429919 0.00776513
330 0.68667 0.0494394 0.00939637
331 0.68667 0.0395248 0.00634359
332 0.68667 0.0541948 0.00977168
333 0.68667 0.0705686 0.0131338
334 0.68667 0.050191 0.010405
335 0.68667 0.046928 0.00750538
336 0.68667 0.062009 0.0115901
337 0.68667 0.0614765 0.0122448
338 0.68667 0.0541088 0.0107077
339 0.68667 0.0577394 0.0110859
340 0.68667 0.0578421 0.0112205
341 0.68667 0.0583269 0.0115173
342 0.68667 0.0594814 0.0105522
343 0.68667 0.0577688 0.0118553
344 0.68667 0.0585957 0.0100813
345 0.68667 0.050096 0.00815148
346 0.68667 0.0626872 0.0121483
347 0.68667 0.064203 0.0118661
348 0.80366 0.0612251 0.012486
349 0.80366 0.0666999 0.0146928
350 0.80366 0.0524895 0.0095235
351 0.80366 0.0551995 0.0101143
352 0.80366 0.0632658 0.0142205
353 0.80366 0.0631583 0.0134734
354 0.80366 0.0624285 0.0141872
355 0.80366 0.0577969 0.0112903
356 0.80366 0.0610915 0.0137694
357 0.80366 0.0552089 0.0111552
358 0.80366 0.0562381 0.0106834
359 0.80366 0.0522619 0.011456
360 0.80366 0.0460437 0.00884337
361 0.80366 0.0547472 0.0102338
362 0.80366 0.0507267 0.00788323
363 0.80366 0.0491725 0.00930097
364 0.80366 0.0609724 0.0122954
365 0.80366 0.0615003 0.0100324
366 0.80366 0.0437539 0.0070362
367 0.80366 0.0559274 0.00847749
368 0.80366 0.0573971 0.0107209
369 0.80366 0.0490387 0.00733091
370 0.80366 0.055944 0.00864502
371 0.80366 0.0495316 0.00797747
372 0.80366 0.052106 0.00842841
373 0.80366 0.0537396 0.00970917
374 0.80366 0.0511755 0.00802828
375 0.80366 0.0580396 0.00941058
376 0.80366 0.0536774 0.00945418
377 0.80366 0.0551859 0.00884765
378 0.80366 0.0424113 0.00650218
379 0.80366 0.0596816 0.0103881
380 0.80366 0.0476099 0.00881232
381 0.80366 0.0600733 0.0102906
382 0.80366 0.042836 0.00553296
383 0.80366 0.052969 0.00802799
384 0.80366 0.0553737 0.00787598
385 0.80366 0.0624637 0.0111439
386 0.80366 0.0571348 0.00911972
387 0.80366 0.0532257 0.00860678
388 0.80366 0.0543059 0.00932686
389 0.80366 0.0534233 0.0099376
390 0.80366 0.0360743 0.00566735
391 0.80366 0.0585278 0.01273
392 0.80366 0.0590025 0.0114369
393 0.80366 0.0595059 0.011714
394 0.80366 0.0628959 0.0120664
395 0.80366 0.0645177 0.0122985
396 0.80366 0.0500635 0.00913205
397 0.80366 0.0497696 0.00925155
398 0.80366 0.0577073 0.0104736
399 0.80366 0.061965 0.011675
400 0.80366 0.0645598 0.0122102
401 0.80366 0.0607088 0.0119161
402 0.80366 0.0600154 0.0107532
403 0.80366 0.048295 0.00813671
404 0.80366 0.0471168 0.00790465
405 0.80366 0.0507052 0.00890862
406 0.80366 0.0501216 0.0089493
407 0.80366 0.0477892 0.00896017
408 0.80366 0.048267 0.00778058
409 0.80366 0.0501199 0.00780344
410 0.80366 0.0485707 0.00930773
411 0.80366 0.0510014 0.0094918
412 0.80366 0.0657905 0.013759
413 0.80366 0.064258 0.0120051
414 0.80366 0.0622166 0.0140324
415 0.80366 0.0629218 0.0144569
416 0.80366 0.0676681 0.0153803
417 0.80366 0.0563964 0.0107696
418 0.80366 0.0594621 0.0128299
419 0.80366 0.0671486 0.0146529
420 0.80366 0.0666394 0.0137617
421 0.80366 0.0630813 0.0145305
422 0.80366 0.0563607 0.0118578
423 0.80366 0.0513663 0.009972
424 0.80366 0.0502651 0.00804206
425 0.80366 0.0538161 0.00851229
426 0.80366 0.0539205 0.00899379
427 0.80366 0.0716764 0.0141429
428 0.80366 0.0586054 0.0105891
429 0.80366 0.0597854 0.0100932
430 0.80366 0.0607512 0.0121257
431 0.80366 0.0544426 0.01033
432 0.80366 0.0490677 0.00867831
433 0.80366 0.0538245 0.00899112
434 0.80366 0.0420056 0.00749786
435 0.80366 0.0552497 0.0104425
436 0.80366 0.0563613 0.00921986
437 0.80366 0.0605863 0.0106923
438 0.80366 0.0592531 0.0108839
439 0.80366 0.0512017 0.00857395
440 0.80366 0.0517948 0.00850571
441 0.80366 0.0458159 0.00631895
442 0.80366 0.0484345 0.0088891
443 0.80366 0.0543953 0.0109326
444 0.80366 0.0477251 0.00786542
445 0.80366 0.0615137 0.0126942
446 0.80366 0.059601 0.0120898
447 0.80366 0.0603562 0.0115447
448 0.80366 0.0614147 0.0129124
449 0.80366 0.0549291 0.0102846
450 0.80366 0.049253 0.0082354
451 0.80366 0.0490351 0.0078875
452 0.80366 0.0477451 0.00970238
453 0.80366 0.0565331 0.00934491
454 0.80366 0.0589864 0.0106973
455 0.80366 0.0648251 0.0102749
456 0.80366 0.0498152 0.0087028
457 0.80366 0.0544597 0.0092403
458 0.80366 0.0528938 0.0102217
459 0.80366 0.0758258 0.0154018
460 0.80366 0.0706258 0.0143185
461 0.80366 0.0595156 0.0133236
462 0.80366 0.0568241 0.0114565
463 0.80366 0.0608404 0.0127828
464 0.80366 0.0566018 0.0110247
465 0.80366 0.0567716 0.0108778
466 0.80366 0.0555798 0.0102902
467 0.80366 0.0540778 0.00978202
468 0.80366 0.0596245 0.0125003
469 0.80366 0.0571434 0.00938104
470 0.80366 0.0597886 0.0129596
471 0.80366 0.0596169 0.012598
472 0.80366 0.055816 0.00905471
473 0.80366 0.0591162 0.0125462
474 0.80366 0.0633056 0.013084
475 0.80366 0.0603688 0.0114424
476 0.80366 0.0555358 0.0104529
477 0.80366 0.053051 0.00968151
478 0.80366 0.055828 0.00970673
479 0.80366 0.0536515 0.00852628
480 0.80366 0.0626238 0.00983819
481 0.80366 0.0539826 0.0105443
482 0.80366 0.0632159 0.0119057
483 0.80366 0.0644082 0.0117573
484 0.80366 0.0651328 0.0125746
485 0.80366 0.0683735 0.0128565
486 0.80366 0.0688811 0.0155228
487 0.80366 0.0535633 0.010029
488 0.80366 0.0589076 0.0107313
489 0.80366 0.0620857 0.0120238
490 0.80366 0.0487818 0.00862328
491 0.80366 0.0621687 0.0122111
492 0.80366 0.0672506 0.0131883
493 0.80366 0.063292 0.0122343
494 0.80366 0.0507951 0.00977691
495 0.80366 0.0438634 0.00726355
496 0.80366 0.059705 0.0118961
497 0.80366 0.0498697 0.0108025
498 0.80366 0.0468338 0.0100761
499 0.80366 0.0631936 0.012056
500 0.80366 0.0566246 0.0107658
501 0.80366 0.0612614 0.0119638
502 0.80366 0.0604593 0.0131746
503 0.80366 0.0523329 0.00959814
504 0.80366 0.0472462 0.00966384
505 0.80366 0.0536562 0.0107794
506 0.80366 0.0590845 0.0125915
507 0.80366 0.0548424 0.00978907
508 0.80366 0.0513147 0.00920683
509 0.80366 0.0459033 0.00819418
510 0.80366 0.050585 0.0101321
511 0.80366 0.056554 0.0117673
512 0.80366 0.0662476 0.0141455
513 0.80366 0.0557521 0.00989343
514 0.80366 0.0554321 0.0103333
515 0.80366 0.0676077 0.0153591
516 0.80366 0.0544316 0.0110449
517 0.80366 0.0382489 0.00655278
518 0.80366 0.0477265 0.00799488
519 0.80366 0.060342 0.0125351
520 0.80366 0.0696413 0.0140405
521 0.80366 0.0588674 0.0119287
522 0.80366 0.0569463 0.0102586
523 0.80366 0.0555679 0.0119995
524 0.80366 0.0571967 0.010313
525 0.80366 0.0595553 0.012074
526 0.80366 0.0482391 0.00828415
527 0.80366 0.054146 0.00903156
528 0.80366 0.0444048 0.00708568
529 0.80366 0.0700765 0.0109996
530 0.80366 0.0599774 0.0103995
531 0.80366 0.0531012 0.0083765
532 0.80366 0.0442458 0.00766468
533 0.80366 0.0392984 0.00680115
534 0.80366 0.0454881 0.00822377
535 0.80366 0.0524976 0.00886682
536 0.80366 0.0520524 0.00812835
537 0.80366 0.0472167 0.00761821
538 0.80366 0.0455537 0.00718987
539 0.80366 0.0460189 0.00749749
540 0.80366 0.0629046 0.0121862
541 0.80366 0.0605554 0.0100554
542 0.80366 0.0586607 0.0101092
543 0.80366 0.0629344 0.0120398
544 0.80366 0.0591173 0.0111255
545 0.80366 0.0620979 0.0116238
546 0.80366 0.0560618 0.00932938
547 0.80366 0.0581943 0.0102265
548 0.80366 0.0517906 0.00826696
549 0.80366 0.0693479 0.0117044
550 0.80366 0.0610092 0.0118996
551 0.80366 0.0506805 0.0087537
552 0.80366 0.0591567 0.0101365
553 0.80366 0.069795 0.0128604
554 0.80366 0.0595658 0.0114559
555 0.80366 0.0696939 0.0125856
556 0.80366 0.0549624 0.00883598
557 0.80366 0.0552178 0.0100304
558 0.80366 0.0667199 0.0111636
559 0.80366 0.0573749 0.0106446
560 0.80366 0.0584498 0.0110773
561 0.80366 0.0678545 0.0134242
562 0.80366 0.0602815 0.011777
563 0.80366 0.0632853 0.0129693
564 0.80366 0.0509486 0.00886154
565 0.80366 0.0496906 0.00731367
566 0.80366 0.059138 0.0111212
567 0.80366 0.0626089 0.0112809
568 0.80366 0.0499388 0.0092092
569 0.80366 0.0437661 0.00679931
570 0.80366 0.0430248 0.00600122
571 0.80366 0.0453118 0.00729305
572 0.80366 0.0594838 0.0115848
573 0.80366 0.0500797 0.00782557
574 0.80366 0.0542288 0.00954661
575 0.80366 0.0481363 0.00916054
576 0.80366 0.0558122 0.00837603
577 0.80366 0.0608718 0.0125159
578 0.80366 0.0511259 0.0100567
579 0.80366 0.0577311 0.0131643
580 0.80366 0.0576853 0.0099619
581 0.80366 0.0523995 0.00896101
582 0.80366 0.049793 0.00797949
583 0.80366 0.0522975 0.0096814
584 0.80366 0.0590714 0.0104519
585 0.80366 0.061647 0.00986389
586 0.80366 0.0563506 0.012215
587 0.80366 0.0473653 0.00780989
588 0.80366 0.0486323 0.00743219
589 0.80366 0.0527131 0.00963956
590 0.80366 0.0448329 0.00647176
591 0.80366 0.0585376 0.0102835
592 0.80366 0.0556963 0.0108043
593 0.80366 0.0578664 0.00951053
594 0.80366 0.0607624 0.0119144
595 0.80366 0.0564367 0.00972718
596 0.80366 0.0579312 0.010799
597 0.80366 0.0558551 0.00951785
598 0.80366 0.0542264 0.0102409
599 0.80366 0.0566394 0.0109066
600 0.80366 0.0535912 0.00880469
601 0.80366 0.0485404 0.00956978
602 0.80366 0.0494104 0.00810727
603 0.80366 0.0647599 0.0106008
604 0.80366 0.04331 0.00833745
605 0.80366 0.0507301 0.00858016
606 0.80366 0.0574936 0.0100306
607 0.80366 0.0522997 0.00886035
608 0.80366 0.0518467 0.00824736
609 0.80366 0.0424623 0.00523344
610 0.80366 0.0580255 0.00951099
611 0.80366 0.0512235 0.00777758
612 0.80366 0.0529324 0.00926331
613 0.80366 0.0490285 0.00825549
614 0.80366 0.0510003 0.00871636
615 0.80366 0.0481973 0.00677307
616 0.80366 0.0441943 0.00758726
617 0.80366 0.0474485 0.00722014
618 0.80366 0.0504196 0.00805012
619 0.80366 0.0467532 0.00858399
620 0.80366 0.0453403 0.00728189
621 0.80366 0.0569917 0.00898989
622 0.80366 0.04391 0.00721354
623 0.80366 0.0620519 0.0130486
624 0.80366 0.0589549 0.0115485
625 0.80366 0.0605768 0.0117141
626 1 0.0638098 0.0150765
626 1 0.0543515 0.0130919
626 0.4762 0.0549563 0.00920427
627 0.91477 0.0694888 0.0148245
628 1 0.0595492 0.0130944
628 0.53969 0.0610659 0.0107507
629 0.53969 0.0513319 0.00714951
630 0.53969 0.0470551 0.00660493
631 0.53969 0.0619492 0.010195
632 0.53969 0.0586516 0.0114389
633 0.53969 0.0615371 0.0123806
634 0.53969 0.0449995 0.0074845
635 0.53969 0.0418863 0.00649952
636 0.53969 0.0543825 0.00908485
637 0.53969 0.0634973 0.0112899
638 0.53969 0.0584931 0.0105373
639 0.53969 0.0635474 0.0119071
640 0.53969 0.0552502 0.00938056
641 0.53969 0.0549311 0.00975942
642 0.53969 0.0541442 0.0111869
643 0.53969 0.0531113 0.00900729
644 0.53969 0.0519684 0.0101254
645 0.53969 0.0573954 0.0119125
646 0.53969 0.0609229 0.0110877
647 0.53969 0.0626381 0.0119589
648 0.53969 0.0591751 0.0135258
649 0.53969 0.0607604 0.0144884
650 0.53969 0.0690436 0.0127463
651 0.53969 0.0551938 0.0100064
652 0.53969 0.0673365 0.0148306
653 0.53969 0.0432151 0.00887861
654 0.53969 0.048007 0.00914896
655 0.53969 0.0540542 0.00955698
656 0.53969 0.0606025 0.0122205
657 0.53969 0.0619459 0.0121723
658 0.53969 0.0590499 0.0130094
659 0.53969 0.0598005 0.0113497
660 0.53969 0.0634242 0.011236
661 0.53969 0.0764803 0.015765
662 0.53969 0.0606616 0.0126626
663 0.53969 0.0625335 0.0137255
664 0.53969 0.0574949 0.011222
665 0.53969 0.0564551 0.00924353
666 0.53969 0.0485448 0.00965268
667 0.53969 0.0470805 0.00918068
668 0.53969 0.0575958 0.0112959
669 0.53969 0.0524067 0.0080906
670 0.53969 0.0546081 0.0121195
671 0.53969 0.0566725 0.0116677
672 0.53969 0.0506447 0.00973601
673 0.53969 0.0489962 0.00942661
674 0.53969 0.0650428 0.0127857
675 0.53969 0.0499107 0.00978457
676 0.53969 0.0568131 0.0104861
677 0.53969 0.0479869 0.00990342
678 0.53969 0.060394 0.0122552
679 0.53969 0.0493327 0.00915935
680 0.53969 0.0567132 0.00960632
681 0.53969 0.0527003 0.00870008
682 0.53969 0.0460854 0.00644027
683 0.53969 0.0536551 0.00899999
684 0.53969 0.0531006 0.00970901
685 0.53969 0.0584327 0.0105484
686 0.53969 0.0660929 0.0114611
687 0.53969 0.043431 0.00883405
688 0.53969 0.0446926 0.00673989
689 0.53969 0.055248 0.0108309
690 0.53969 0.048829 0.0076923
691 0.53969 0.0616966 0.0116251
692 0.53969 0.0533456 0.0100896
693 0.53969 0.0618494 0.0125073
694 0.53969 0.0496128 0.00889753
695 0.53969 0.057099 0.0113624
696 0.53969 0.0583632 0.0107223
697 0.53969 0.0576488 0.0116251
698 0.53969 0.060364 0.0107737
699 0.53969 0.0572388 0.0123418
700 0.53969 0.0663799 0.0165502
701 0.53969 0.067886 0.0158841
702 0.53969 0.0538198 0.0120279
703 0.53969 0.0509725 0.00877811
704 0.53969 0.0542269 0.00963546
705 0.53969 0.0522614 0.00849998
706 0.57556 0.0485867 0.0101097
707 0.58731 0.049898 0.0108998
708 0.58731 0.0578918 0.0104166
709 0.58731 0.0567373 0.0110108
710 0.58731 0.0443002 0.00700168
711 0.58731 0.0523401 0.00880955
712 0.58731 0.0475925 0.00646447
713 0.58731 0.0569282 0.0108474
714 0.58731 0.0591796 0.0113479
715 0.58731 0.0720608 0.0130719
716 0.58731 0.0559304 0.0112028
717 0.58731 0.0614662 0.0110621
718 0.58731 0.0492836 0.00865522
719 0.58731 0.0510792 0.00798264
720 0.58731 0.0481896 0.00771458
721 0.58731 0.0527045 0.00865619
722 0.58731 0.0496863 0.00943333
723 0.58731 0.0459655 0.00930587
724 0.58731 0.0618516 0.0107005
725 0.58731 0.0585093 0.0121552
726 0.58731 0.0485124 0.00751173
727 0.58731 0.0540956 0.00897216
728 0.58731 0.0518271 0.00878309
729 0.58731 0.0508785 0.0101692
730 0.58731 0.0431196 0.00712709
731 0.58731 0.0495504 0.00922962
732 0.58731 0.05163 0.00921526
733 0.58731 0.0453525 0.00759835
734 0.58731 0.0577581 0.0107629
735 0.58731 0.0430679 0.00649708
736 0.58731 0.0406152 0.00557501
737 0.58731 0.0504092 0.00896125
738 0.58731 0.0625161 0.0113205
739 0.58731 0.043689 0.00800305
740 0.58731 0.0661001 0.012435
741 0.58731 0.0596706 0.0114266
742 0.58731 0.0657756 0.0126626
743 0.58731 0.0503263 0.00780961
744 0.58731 0.0501694 0.00922698
745 0.58731 0.0527814 0.00916312
746 0.6194 0.0511868 0.00927969
747 0.6194 0.0487547 0.00869666
748 0.6194 0.0458624 0.0075363
749 0.6194 0.0458664 0.00625889
750 0.6194 0.0500309 0.0106575
751 0.6194 0.0648346 0.0120504
752 0.72065 0.0577048 0.0110357
753 0.72065 0.063653 0.0133036
754 0.72065 0.0661087 0.01182
755 0.72065 0.0712122 0.013987
756 0.72065 0.0682074 0.012443
757 0.72065 0.0683845 0.0139216
758 0.72065 0.0505183 0.0104502
759 0.72065 0.0656073 0.0130111
760 0.72065 0.0602931 0.0115678
761 0.72065 0.0633347 0.0122068
762 0.72065 0.0463022 0.00910968
763 0.72065 0.0713901 0.0136446
764 0.72065 0.0542788 0.0107908
765 0.72065 0.0591007 0.0124881
766 0.72065 0.0686644 0.0136845
767 0.72065 0.0573305 0.0103673
768 0.72065 0.0625172 0.0111343
769 0.72065 0.0524013 0.00982935
770 0.72065 0.0468804 0.00860287
771 0.72065 0.0559743 0.00876905
772 0.72065 0.0584794 0.0114381
773 0.72065 0.0629373 0.0120888
774 0.80366 0.0744183 0.0154865
775 0.80366 0.0535893 0.0114732
776 0.80366 0.062325 0.0144678
777 0.80366 0.0528167 0.00979044
778 0.80366 0.0654715 0.010592
779 0.80366 0.0586482 0.010582
780 0.80366 0.0505642 0.00776768
781 0.80366 0.0454143 0.00831478
782 0.80366 0.0538007 0.00913933
783 0.80366 0.0589753 0.0114146
784 0.80366 0.0637898 0.013566
785 0.80366 0.0598173 0.0101863
786 0.80366 0.0593632 0.0110922
787 0.80366 0.063527 0.010941
788 0.80366 0.0634413 0.0114099
789 0.80366 0.0655993 0.0114818
790 0.80366 0.0572644 0.0108879
791 0.80366 0.0617132 0.0112054
792 0.80366 0.052372 0.0083629
793 0.80366 0.0615282 0.0100112
794 0.80366 0.0602827 0.0110017
795 0.80366 0.0555063 0.00972497
796 0.80366 0.0537041 0.010477
797 0.80366 0.0426874 0.00680918
798 0.80366 0.0578898 0.0128784
799 0.80366 0.0500604 0.0079829
800 0.80366 0.0545198 0.0102721
801 0.80366 0.0504755 0.0078027
802 0.80366 0.0580706 0.0109455
803 0.80366 0.0617896 0.0100852
804 0.80366 0.0510506 0.00888204
805 0.80366 0.0487256 0.00987711
806 0.80366 0.0402716 0.00733861
807 0.80366 0.0515728 0.00921465
808 1.02 0.0521373 0.0130793
808 0.4762 0.047104 0.00808159
809 0.4762 0.0664633 0.013355
810 0.4762 0.0589799 0.0112211
811 0.4762 0.0548857 0.010802
812 0.4762 0.0553364 0.0109079
813 0.4762 0.058869 0.0112876
814 0.49207 0.0602205 0.0131265
815 0.49207 0.0685414 0.0141203
816 0.49207 0.0691437 0.0139815
817 0.52381 0.0537988 0.0113837
818 0.52381 0.0594985 0.0118201
819 0.52381 0.0593349 0.0119193
820 0.52381 0.0583526 0.0122195
821 0.52381 0.0555593 0.0118601
822 0.56023 0.0665105 0.0141033
823 0.56023 0.0551506 0.0110242
824 0.56023 0.059926 0.0108939
825 0.56023 0.0519249 0.0100688
826 0.56023 0.0630177 0.01157
827 0.56023 0.0671159 0.01182
828 0.56023 0.0651051 0.0123915
829 0.56023 0.0687168 0.0152939
830 0.56023 0.0649497 0.0133972
831 0.56023 0.0641531 0.0127738
832 0.56023 0.0565701 0.010593
833 0.68712 0.0734801 0.0167223
834 0.68712 0.0649565 0.0124096
835 0.68712 0.0625766 0.0125258
836 0.68712 0.0613274 0.0127904
837 0.68712 0.0693713 0.0140587
838 0.68712 0.0610218 0.0133751
839 0.68712 0.0489238 0.00862058
840 0.69254 0.0590684 0.0106049
841 0.69254 0.0500294 0.00847721
842 0.69254 0.0564541 0.0111563
843 0.69254 0.0585262 0.0115793
844 0.69254 0.056962 0.0118771
845 0.69254 0.0634671 0.0121901
846 0.69254 0.0563256 0.0108133
847 0.69254 0.0631454 0.0137541
848 0.69254 0.0745273 0.0141104
849 0.69254 0.0585538 0.0104888
850 0.69254 0.0594379 0.0102623
851 0.69254 0.0619148 0.011718
852 0.69254 0.0553482 0.0114415
853 0.69254 0.0572784 0.0120859
854 0.69254 0.058662 0.0123491
855 0.69254 0.0623436 0.0129678
856 0.69254 0.0593738 0.0116691
857 0.69254 0.0510594 0.00940824
858 0.69254 0.0556814 0.0108587
859 0.69254 0.0690367 0.0153525
860 0.69254 0.0522292 0.0086982
861 0.69254 0.0489598 0.00966626
862 0.69254 0.0636717 0.012664
863 0.69254 0.0538691 0.0112949
864 0.69254 0.0676545 0.0144705
865 0.69254 0.0633592 0.010742
866 0.69254 0.0695242 0.0142597
867 0.69254 0.0533845 0.00959704
868 0.69254 0.0578039 0.0115576
869 0.69254 0.046366 0.00731887
870 0.69254 0.0428168 0.00588547
871 0.69254 0.0479374 0.00814754
872 0.69254 0.0450306 0.0084142
873 0.69254 0.0609203 0.0119462
874 0.69254 0.0523515 0.00861936
875 0.69254 0.0507858 0.00983817
876 0.69254 0.0640024 0.0130206
877 0.69254 0.0635239 0.0131852
878 0.69254 0.0556575 0.0104231
879 0.69254 0.0602218 0.0109254
880 0.69254 0.0537503 0.00949889
881 0.69254 0.0618968 0.0137706
882 0.69254 0.0630707 0.0128931
883 0.69254 0.0687147 0.015537
884 0.69254 0.0612694 0.0124755
885 0.69254 0.0583161 0.0117163
886 0.69254 0.0797956 0.016942
887 0.69254 0.0676367 0.0136247
888 0.69254 0.0680973 0.0144667
889 0.69254 0.0560783 0.00980453
890 0.69254 0.0687758 0.014624
891 0.69254 0.0627473 0.012259
892 0.69254 0.0661511 0.0119153
893 0.69254 0.0562646 0.0106697
894 0.69254 0.051463 0.00921504
895 0.69254 0.0602649 0.0104972
896 0.69254 0.0663552 0.0131893
897 0.69254 0.0606594 0.0105344
898 0.69254 0.0509204 0.00909175
899 0.69254 0.0557102 0.0103413
900 0.69254 0.0582853 0.0118714
901 0.69254 0.0631652 0.0133298
902 0.69254 0.0598361 0.0109324
903 0.69254 0.0640294 0.0126882
904 0.69254 0.0546667 0.00938499
905 0.69254 0.0659638 0.0150251
906 0.69254 0.0572602 0.0101576
907 0.69254 0.0576616 0.0117764
908 0.69254 0.0572393 0.0117657
909 0.69254 0.0614683 0.0113258
910 0.69254 0.0511487 0.0118658
911 0.69254 0.0502792 0.00903472
912 0.69254 0.0471661 0.00699733
913 0.69254 0.0488669 0.00914619
914 0.69254 0.0629775 0.0134983
915 0.69254 0.0602179 0.0118049
916 0.69254 0.0627752 0.0131019
917 0.69254 0.0585422 0.0123161
918 0.69254 0.0549895 0.0117603
919 0.69254 0.0615117 0.0107677
920 0.69254 0.0679852 0.016127
921 0.69254 0.0564751 0.0126321
922 0.69254 0.0496146 0.00786501
923 0.69254 0.0500684 0.00854825
924 0.69254 0.0459225 0.00701992
925 0.69254 0.0522298 0.00893211
926 0.69254 0.0543317 0.0107904
927 0.69254 0.0589174 0.0133268
928 0.69254 0.0556292 0.0105333
929 0.69254 0.0533335 0.00993894
930 0.69254 0.0614802 0.0121475
931 0.69254 0.0581387 0.00970768
932 0.69254 0.0632723 0.0107111
933 0.69254 0.0525809 0.0108289
934 0.69254 0.0605519 0.013013
935 0.69254 0.055054 0.0126794
936 0.69254 0.0683454 0.0140569
937 0.69254 0.0529744 0.011662
938 0.69254 0.0502849 0.0101597
939 0.69254 0.0628351 0.0115804
940 0.69254 0.0576465 0.0104595
941 0.69254 0.0613608 0.01333
942 0.69254 0.0560638 0.0116503
943 0.69254 0.0452238 0.00844789
944 0.69254 0.0576236 0.0120985
945 0.69254 0.0498844 0.0106861
946 0.69254 0.060245 0.0133776
947 0.69254 0.0665469 0.0157034
948 0.69254 0.0607915 0.0137263
949 0.69254 0.0513496 0.00903231
950 0.69254 0.0581514 0.0112428
951 0.69254 0.0534657 0.0109051
952 0.69254 0.043144 0.00701567
953 0.69254 0.05243 0.00968593
954 0.69254 0.0460086 0.00805605
955 0.69254 0.0546612 0.011858
956 0.69254 0.0552742 0.0108138
957 0.69254 0.0521731 0.00959018
958 0.69254 0.0542585 0.0119029
959 0.69254 0.0468134 0.00937346
960 0.69254 0.0509341 0.0102007
961 0.69254 0.0560336 0.0121516
962 0.69254 0.0579725 0.0114149
963 0.69254 0.0669867 0.015294
964 0.69254 0.0693895 0.0141544
965 0.69254 0.0598162 0.0126163
966 0.69254 0.0627202 0.011502
967 0.69254 0.0529905 0.00943263
968 0.69254 0.0551721 0.0110983
969 0.69254 0.0684023 0.0126532
970 0.69254 0.056346 0.010696
971 0.69254 0.0503227 0.00902961
972 0.69254 0.0561163 0.0103687
973 0.69254 0.0462726 0.00777007
974 0.69254 0.0390253 0.00632605
975 0.69254 0.0473602 0.00831041
976 0.69254 0.0620586 0.0108058
977 0.69254 0.0460388 0.0067298
978 0.69254 0.0441047 0.00772744
979 0.69254 0.060913 0.011797
980 0.69254 0.0442036 0.00647092
981 0.69254 0.0618079 0.0121664
982 0.69254 0.0478755 0.00872282
983 0.69254 0.0484335 0.00800977
984 0.69254 0.0564007 0.00968652
985 0.69254 0.0399776 0.00605872
986 0.69254 0.0549829 0.0116181
987 0.69254 0.0515144 0.00924291
988 0.69254 0.0465121 0.00756861
989 0.69254 0.0461576 0.00710599
990 0.69254 0.0550479 0.010242
991 0.69254 0.0562339 0.0115989
992 0.69254 0.0375504 0.00518449
993 0.69254 0.0520365 0.00868665
994 0.69254 0.0533106 0.0111609
995 0.69254 0.0572715 0.0108252
996 0.69254 0.0600513 0.0128015
997 0.69254 0.0619219 0.0113689
998 0.69254 0.0657373 0.0133044
999 0.69254 0.0596576 0.0133734
1000 0.69254 0.0562838 0.0124595
1000 0.4762 0.0571173 0.0123984
1000 0.4762 0.0643316 0.0148957
1000 0.4762 0.050333 0.00911124
1000 0.4762 0.0630077 0.0123034
1000 0.4762 0.0441477 0.00751584
1000 0.4762 0.081818 0.015765
