0 0.25676 0.0422402 0.00380404
1 0.25676 0.0197407 0.00191591
2 0.25676 0.0164527 0.00141435
3 0.30842 0.0356257 0.00441912
4 0.30842 0.0306408 0.00266732
5 0.30842 0.0288744 0.00327818
6 0.30842 0.0235396 0.0026836
7 0.30842 0.0314754 0.00339561
8 0.30842 0.0279434 0.00253842
9 0.30842 0.0379499 0.0047042
10 0.30842 0.0309521 0.00302509
11 0.34214 0.0366777 0.00368364
12 0.34214 0.0321819 0.00350726
13 0.34214 0.0314342 0.00327301
14 0.34214 0.0278901 0.00298181
15 0.34214 0.0351905 0.00367498
16 0.34214 0.0396495 0.00403755
17 0.34214 0.0356687 0.00353553
18 0.34214 0.0293739 0.00280988
19 0.34214 0.0384743 0.00427771
20 0.34214 0.0325123 0.00313863
21 0.34214 0.0420052 0.00468586
22 0.34214 0.031781 0.00323896
23 0.34214 0.0391722 0.00402709
24 0.34214 0.0322584 0.00346129
25 0.34214 0.0390497 0.00434088
26 0.35334 0.0432664 0.00547864
27 0.79778 0.0457315 0.00716121
28 0.79778 0.0435572 0.00466589
29 0.79778 0.0481268 0.00508803
30 0.79778 0.0379949 0.00407708
31 0.79778 0.0359511 0.00345103
32 0.79778 0.0349257 0.00386613
33 0.79778 0.0388575 0.00474388
34 0.79778 0.0342537 0.00478635
35 0.79778 0.0435688 0.00602805
36 0.79778 0.0375337 0.00519629
37 0.79778 0.0473868 0.00821018
38 0.79778 0.0395955 0.00589838
39 0.79778 0.0509228 0.00634835
40 0.79778 0.0509591 0.00701739
41 0.79778 0.0444635 0.00648628
42 1.01 0.0483489 0.0116668
42 0.4762 0.0500334 0.00857571
43 0.4762 0.0516126 0.00825809
44 0.56969 0.0583815 0.0112031
45 0.56969 0.0495406 0.00756087
46 0.56969 0.0393478 0.00698685
47 0.56969 0.0559444 0.00773443
48 0.56969 0.0551372 0.00818722
49 0.56969 0.0555461 0.0102206
50 0.56969 0.0460752 0.00714662
51 0.56969 0.0549749 0.00876962
52 0.56969 0.0514503 0.00783146
53 0.56969 0.0578201 0.00881936
54 0.56969 0.0636043 0.0117579
55 0.63404 0.0619688 0.0114741
56 0.63404 0.0543832 0.00810338
57 0.63404 0.0530133 0.00927488
58 0.63404 0.0535482 0.00824117
59 0.63404 0.0558222 0.00881757
60 0.63404 0.0505353 0.00872337
61 0.63404 0.0521235 0.00908737
62 0.63404 0.0489829 0.00705439
63 0.63404 0.0537016 0.00789402
64 0.63404 0.0529683 0.00794301
65 0.63404 0.0380241 0.00501189
66 0.63404 0.0465416 0.00564503
67 0.63404 0.0550233 0.00843859
68 0.80953 0.0556035 0.00968484
69 0.80953 0.0536212 0.00910701
70 0.80953 0.0490447 0.00851152
71 0.80953 0.0546442 0.007863
72 0.80953 0.0476778 0.00764047
73 0.80953 0.0482167 0.00871179
74 0.80953 0.0461414 0.00858024
75 0.80953 0.0514931 0.00820808
76 1 0.0608462 0.0136713
76 0.4762 0.0592721 0.0109295
77 0.4762 0.0583756 0.0103445
78 0.4762 0.05592 0.00940744
79 0.57954 0.060339 0.0128347
80 0.57954 0.0557396 0.011389
81 0.57954 0.0514219 0.00850299
82 0.57954 0.0535287 0.00869172
83 0.57954 0.068777 0.0133833
84 0.57954 0.0563834 0.0103223
85 0.57954 0.0583114 0.0106043
86 0.57954 0.0628991 0.0128572
87 0.58731 0.0695043 0.0143431
88 0.58731 0.0620124 0.0123637
89 0.58731 0.0592274 0.0128442
90 0.58731 0.0703549 0.01296
91 0.58731 0.063843 0.0117671
92 0.58731 0.0662379 0.0141275
93 0.58731 0.0594486 0.012669
94 0.58731 0.0571911 0.0104588
95 0.58731 0.0639701 0.0143893
96 0.58731 0.0620513 0.012868
97 0.68667 0.0617908 0.0131142
98 0.68667 0.061995 0.0105894
99 0.68667 0.0560883 0.0108518
100 0.68667 0.0650728 0.0139673
101 0.68667 0.0512872 0.0113509
102 0.68667 0.0658275 0.0157331
103 0.68667 0.0620267 0.0133657
104 0.68667 0.0520897 0.00941079
105 0.68667 0.060931 0.0118614
106 0.68667 0.0527085 0.00914774
107 0.68667 0.0690868 0.0131682
108 0.68667 0.0519551 0.0110175
109 0.68667 0.058461 0.0132373
110 0.68667 0.0601234 0.012196
111 0.68667 0.055934 0.0123204
112 0.68667 0.0591081 0.0107099
113 0.68667 0.0519762 0.0101085
114 0.68667 0.0494976 0.00944127
115 0.68667 0.0535244 0.0116009
116 0.68667 0.0644789 0.0133841
117 0.68667 0.0541821 0.00979572
118 0.68667 0.0666431 0.0144071
119 0.68667 0.0471928 0.0091019
120 0.68667 0.0508214 0.00967614
121 0.68667 0.0401853 0.00623741
122 0.68667 0.0447467 0.00723474
123 0.68667 0.0582295 0.0118093
124 0.68667 0.047373 0.00791536
125 0.68667 0.0598429 0.0124352
126 0.68667 0.0431465 0.00788643
127 0.68667 0.054011 0.00977911
128 0.68667 0.042202 0.0072649
129 0.68667 0.0457195 0.00886615
130 0.68667 0.0538158 0.0109449
131 0.68667 0.0541547 0.010799
132 0.68667 0.0553466 0.010208
133 0.68667 0.060649 0.0115716
134 0.68667 0.0505989 0.00898038
135 0.68667 0.049204 0.00933511
136 0.68667 0.0479365 0.00869723
137 0.68667 0.0564839 0.0126775
138 0.68667 0.0518029 0.0106154
139 0.68667 0.040519 0.00752724
140 0.68667 0.055241 0.0119137
141 0.68667 0.0655798 0.0144662
142 0.68667 0.0434714 0.00780667
143 0.68667 0.0590964 0.0136259
144 0.68667 0.0520218 0.0105936
145 0.68667 0.0615366 0.0128154
146 0.68667 0.0512091 0.0108797
147 0.68667 0.0588707 0.0137005
148 0.68667 0.0512073 0.0105071
149 0.68667 0.0480246 0.00954616
150 0.68667 0.0506171 0.00976864
151 0.68667 0.0598393 0.0139531
152 0.68667 0.0622189 0.0146711
153 0.68667 0.0615493 0.0122181
154 0.68667 0.0678002 0.0143243
155 0.68667 0.0557987 0.0118968
156 0.68667 0.0561697 0.0112054
157 0.68667 0.0475673 0.00902101
158 0.68667 0.0587648 0.0131433
159 0.68667 0.0459119 0.00906592
160 0.68667 0.0505406 0.00957102
161 0.68667 0.0762231 0.0156884
162 0.68667 0.0618919 0.0124786
163 0.68667 0.062038 0.0133857
164 0.68667 0.0614911 0.0138186
165 0.68667 0.0659241 0.0151061
166 0.68667 0.0631805 0.0121989
167 0.68667 0.0634402 0.0147788
168 0.68667 0.0553405 0.0102252
169 0.68667 0.0595406 0.0130041
170 0.68667 0.049093 0.0079688
171 0.68667 0.0506988 0.008984
172 0.68667 0.0596171 0.0126702
173 1 0.0516248 0.0123497
173 0.69254 0.0489041 0.0100641
174 0.69254 0.0679457 0.0141543
175 0.69254 0.0558497 0.0118819
176 0.69254 0.0420205 0.0082629
177 0.69254 0.0585795 0.0097531
178 0.69254 0.0532108 0.0105419
179 0.69254 0.0635355 0.0147426
180 0.69254 0.0550332 0.0110436
181 0.69254 0.0610988 0.0132113
182 0.69254 0.0538649 0.0120866
183 0.69254 0.0586525 0.012724
184 0.69254 0.0541785 0.0112295
185 0.69254 0.0597568 0.0120645
186 0.69254 0.0647463 0.0151992
187 0.69254 0.0525014 0.0105435
188 0.69254 0.0411147 0.00641134
189 0.69254 0.0549839 0.0109229
190 0.69254 0.0494073 0.00738267
191 0.69254 0.0410356 0.00666966
192 0.69254 0.0457931 0.00700093
193 0.69254 0.0459611 0.00845974
194 0.69254 0.0554805 0.0102981
195 0.69254 0.059391 0.0108085
196 0.69254 0.055896 0.010932
197 0.69254 0.0589545 0.0114459
198 0.69254 0.0501953 0.00883642
199 0.69254 0.0555511 0.011807
200 0.69254 0.068797 0.0149345
201 0.69254 0.0408867 0.00793766
202 0.69254 0.0526054 0.0110731
203 0.69254 0.0457067 0.00833667
204 0.69254 0.0482343 0.00806657
205 0.69254 0.0470968 0.00782755
206 0.69254 0.0501295 0.00922632
207 0.69254 0.0519348 0.00918854
208 0.69254 0.0467632 0.00736358
209 0.69254 0.0480989 0.00726318
210 0.69254 0.0405177 0.00571967
211 0.69254 0.0453611 0.00710593
212 0.69254 0.0481282 0.00781731
213 0.69254 0.0628457 0.011774
214 0.69254 0.0440762 0.00743198
215 0.69254 0.0538881 0.0086008
216 0.69254 0.0555252 0.00966705
217 1 0.0553948 0.0125271
217 0.93064 0.0504566 0.0125928
218 0.93064 0.0564636 0.0118462
219 0.93064 0.0554924 0.00948995
220 0.93064 0.0475295 0.012438
221 0.93064 0.0647819 0.0112327
222 0.93064 0.0530673 0.00991327
223 0.93064 0.0545851 0.0106228
224 0.93064 0.0533126 0.0101305
225 0.93064 0.04531 0.00669489
226 0.93064 0.0634182 0.0117127
227 0.93064 0.0637251 0.0112813
228 0.93064 0.0664571 0.0144048
229 0.93064 0.0591375 0.0114291
230 0.93064 0.0559453 0.00906978
231 0.93064 0.0444375 0.00800919
232 0.93064 0.0489466 0.00767144
233 0.93064 0.0486766 0.00840406
234 0.93064 0.0463625 0.00834113
235 0.93064 0.0581748 0.0110322
236 0.93064 0.0568733 0.0110901
237 0.93064 0.057206 0.0124923
238 0.93064 0.0530449 0.00966067
239 0.93064 0.0508194 0.00912682
240 0.93064 0.0605954 0.0105452
241 0.93064 0.045298 0.00840904
242 0.93064 0.0600084 0.0110047
243 0.93064 0.059617 0.0121908
244 0.93064 0.0588965 0.0113038
245 0.93064 0.0484636 0.00750872
246 0.93064 0.0556416 0.0107151
247 0.93064 0.0543753 0.0106262
248 0.93064 0.0501211 0.0101312
249 0.93064 0.0587272 0.0106071
250 0.93064 0.0553948 0.0103853
251 0.93064 0.038833 0.00666469
252 0.93064 0.0471164 0.00940477
253 0.93064 0.049788 0.00934742
254 0.93064 0.0528157 0.00838043
255 0.93064 0.0530817 0.00903664
256 0.93064 0.0606208 0.0120196
257 0.93064 0.0455186 0.00751671
258 0.93064 0.0435421 0.0080438
259 0.93064 0.056192 0.0088732
260 0.93064 0.0447475 0.00843026
261 0.93064 0.0512712 0.00945549
262 0.93064 0.0627242 0.014307
263 0.93064 0.0665522 0.0134296
264 0.93064 0.0523065 0.0108915
265 0.93064 0.0420344 0.00796619
266 0.93064 0.0457285 0.00678732
267 0.93064 0.0506131 0.0100204
268 0.93064 0.053101 0.0126796
269 0.93064 0.0625508 0.0128583
270 0.93064 0.0460493 0.0097644
271 0.93064 0.044499 0.00872498
272 0.93064 0.0514589 0.0114581
273 0.93064 0.0533838 0.0116445
274 0.93064 0.049161 0.0115661
275 0.93064 0.0526464 0.00969324
276 0.93064 0.0533512 0.00992068
277 0.93064 0.0512957 0.00913159
278 0.93064 0.0510148 0.0105519
279 0.93064 0.0497289 0.00805902
280 0.93064 0.058651 0.00911655
281 0.93064 0.0448861 0.00671812
282 0.93064 0.0347329 0.00504414
283 0.93064 0.0514206 0.00696025
284 0.93064 0.0424899 0.00639063
285 0.93064 0.0439358 0.00566711
286 0.93064 0.0438274 0.00564008
287 0.93064 0.0405975 0.00674102
288 0.93064 0.0505067 0.0093297
289 0.93064 0.0470811 0.00845283
290 0.93064 0.0567675 0.00926617
291 0.93064 0.0548026 0.00855483
292 0.93064 0.0442816 0.00894545
293 0.93064 0.0565298 0.0130127
294 0.93064 0.0572033 0.0114392
295 0.93064 0.0452281 0.00853476
296 0.93064 0.0487893 0.00863241
297 0.93064 0.0470909 0.00777333
298 0.93064 0.048439 0.0101012
299 0.93064 0.0545245 0.00987796
300 0.93064 0.0568801 0.0103605
301 0.93064 0.0567554 0.0116818
302 0.93064 0.0627589 0.0125235
303 0.93064 0.0388344 0.00663982
304 0.93064 0.0504888 0.0112593
305 0.93064 0.0455462 0.00682818
306 0.93064 0.0532644 0.00935805
307 0.93064 0.0529425 0.00844791
308 0.93064 0.0513247 0.0099361
309 0.93064 0.0524449 0.0114816
310 0.93064 0.0458232 0.00826642
311 0.93064 0.053692 0.0101007
312 0.93064 0.0573783 0.0113424
313 0.93064 0.045336 0.00796415
314 0.93064 0.0723768 0.019301
315 0.93064 0.0581001 0.0128491
316 0.93064 0.0689916 0.0147508
317 0.93064 0.0689482 0.0129649
318 0.93064 0.0679442 0.0137516
319 0.93064 0.0622856 0.0136627
320 0.93064 0.0608258 0.0105205
321 0.93064 0.0509131 0.00872314
322 0.93064 0.0573343 0.0121192
323 0.93064 0.0535639 0.00940557
324 0.93064 0.0615644 0.0133006
325 0.93064 0.058329 0.00987503
326 0.93064 0.064903 0.0131328
327 0.93064 0.0614767 0.0126531
328 0.93064 0.0549302 0.00976375
329 0.93064 0.0564766 0.0113517
330 0.93064 0.0642748 0.0134006
331 0.93064 0.0604846 0.012858
332 0.93064 0.0609421 0.01151
333 0.93064 0.0543929 0.00967707
334 0.93064 0.0633473 0.0139958
335 0.93064 0.0615962 0.012176
336 0.93064 0.0582832 0.0110619
337 0.93064 0.0583298 0.0114883
338 0.93064 0.0573167 0.0119467
339 0.93064 0.0568783 0.0108729
340 0.93064 0.0616496 0.0115522
341 0.93064 0.0518508 0.00941617
342 0.93064 0.0631397 0.0130031
343 0.93064 0.0610176 0.0133129
344 0.93064 0.0541359 0.00994008
345 0.93064 0.0526721 0.0085485
346 0.93064 0.0505617 0.00902419
347 0.93064 0.0581068 0.00978462
348 0.93064 0.0609637 0.0117851
349 0.93064 0.0462036 0.00893288
350 0.93064 0.0489955 0.00926385
351 0.93064 0.0578469 0.0107809
352 0.93064 0.0428833 0.00710215
353 0.93064 0.0581115 0.00942032
354 0.93064 0.0448661 0.00649679
355 0.93064 0.0543226 0.00948092
356 0.93064 0.0561736 0.0106218
357 0.93064 0.052427 0.0097972
358 0.93064 0.0480203 0.00755328
359 0.93064 0.0524611 0.0102282
360 0.93064 0.0456862 0.00800549
361 0.93064 0.0427657 0.00770107
362 0.93064 0.0491081 0.00978365
363 0.93064 0.0578142 0.0112829
364 0.93064 0.0481719 0.00978085
365 0.93064 0.0607953 0.0115795
366 0.93064 0.0623093 0.0120958
367 0.93064 0.057196 0.0113869
368 0.93064 0.0554101 0.0120635
369 0.93064 0.047422 0.00867239
370 0.93064 0.0554446 0.0117089
371 0.93064 0.0620123 0.0118754
372 0.93064 0.0675238 0.012962
373 0.93064 0.0537359 0.00916502
374 0.93064 0.0626881 0.0104958
375 0.93064 0.0533885 0.0101622
376 1.01 0.0540807 0.0148724
376 1 0.0629945 0.0168916
376 0.4762 0.0558222 0.0105466
377 0.4762 0.046912 0.00879572
378 0.4762 0.0511185 0.00968756
379 0.4762 0.051812 0.00851683
380 0.4762 0.0565606 0.0120375
381 0.4762 0.049767 0.0106405
382 0.4762 0.0579787 0.00892361
383 0.4762 0.0649915 0.01322
384 0.58143 0.0614316 0.0121828
385 0.58143 0.0559506 0.00982836
386 0.58143 0.0483668 0.00845365
387 0.58143 0.0544211 0.00883144
388 0.58143 0.0538942 0.0119648
389 0.58143 0.0724946 0.0157032
390 0.58143 0.0393536 0.00627193
391 0.58143 0.0477553 0.00865998
392 0.58143 0.0554943 0.0101261
393 0.58143 0.0656001 0.0122133
394 0.58143 0.0543468 0.00989296
395 0.58143 0.057388 0.0110699
396 0.58143 0.039836 0.00750768
397 0.58143 0.0600699 0.0113001
398 0.58143 0.0425462 0.00694639
399 0.58143 0.0442869 0.00728262
400 0.58143 0.0494848 0.00769469
401 0.58143 0.0498563 0.00920968
402 0.58143 0.0418032 0.00645681
403 0.58143 0.0443102 0.0073272
404 0.58143 0.045649 0.00708969
405 0.58143 0.0536829 0.010954
406 0.58143 0.0518595 0.0104143
407 0.58143 0.0571085 0.0124138
408 0.58143 0.0545439 0.0105629
409 0.58143 0.0531404 0.00971285
410 0.58143 0.0473934 0.0111006
411 0.58143 0.0463966 0.00823449
412 0.58143 0.0408818 0.0047541
413 0.58143 0.0541358 0.00896757
414 0.58143 0.059097 0.0096012
415 0.58143 0.0524806 0.0114416
416 0.58143 0.0587508 0.0109365
417 0.58143 0.049453 0.0087302
418 0.58143 0.0440301 0.00689487
419 0.58143 0.0509533 0.0107447
420 0.58143 0.0494329 0.00979028
421 0.58143 0.0533046 0.00966948
422 0.58143 0.0473668 0.00715345
423 0.58143 0.0448659 0.007304
424 0.58143 0.0424785 0.00625238
425 0.58143 0.0389937 0.00481933
426 0.58143 0.048962 0.00810758
427 0.58143 0.0439423 0.00598019
428 0.58143 0.0366238 0.00466886
429 0.58143 0.0454496 0.0068252
430 0.58143 0.050361 0.00899779
431 0.58143 0.0507661 0.00905372
432 0.58143 0.0447559 0.00781488
433 0.58143 0.0337519 0.00427614
434 0.58143 0.0452221 0.00778673
435 0.58143 0.0477917 0.00957037
436 0.58143 0.0477736 0.00783759
437 0.58143 0.0463811 0.00833129
438 0.58731 0.0543931 0.0111084
439 0.58731 0.0585026 0.0106532
440 0.58731 0.0479489 0.0104612
441 0.58731 0.0493665 0.00931457
442 0.58731 0.0564581 0.0117174
443 0.58731 0.0491841 0.00997671
444 0.58731 0.0612086 0.0135489
445 0.58731 0.0581787 0.0116145
446 0.58731 0.0573507 0.0123621
447 0.58731 0.0594845 0.0125126
448 0.58731 0.0408092 0.00924075
449 0.58731 0.0508279 0.0117391
450 0.58731 0.0480797 0.0102662
451 0.58731 0.0476707 0.00889287
452 0.58731 0.0572543 0.0121595
453 0.58731 0.0536905 0.0109718
454 0.58731 0.042228 0.00670652
455 0.58731 0.0383674 0.00669427
456 0.58731 0.0502447 0.00847178
457 0.58731 0.0478919 0.00866336
458 0.58731 0.0579258 0.0100886
459 0.58731 0.0417488 0.00734591
460 0.58731 0.0518539 0.0112964
461 0.58731 0.0628258 0.0132643
462 0.58731 0.0619748 0.0122144
463 0.58731 0.049254 0.00948226
464 0.58731 0.0480291 0.00942764
465 0.58731 0.0504999 0.0105831
466 0.58731 0.0652402 0.0139881
467 0.58731 0.0522446 0.0108086
468 0.58731 0.0536077 0.00890636
469 0.58731 0.0611845 0.0140901
470 0.58731 0.0501552 0.0105515
471 0.58731 0.0597994 0.0130673
472 0.58731 0.0619588 0.0120669
473 0.58731 0.0549877 0.0102386
474 0.58731 0.0570336 0.0100359
475 0.58731 0.0422055 0.00705801
476 0.58731 0.049989 0.00948837
477 0.58731 0.0546526 0.0110646
478 0.58731 0.0566774 0.0097849
479 0.58731 0.0493941 0.00909682
480 0.58731 0.0533975 0.00913473
481 0.58731 0.0548807 0.0105952
482 0.58731 0.05811 0.0126778
483 0.58731 0.0616902 0.0116639
484 0.58731 0.0546787 0.0109522
485 0.58731 0.0611872 0.0129946
486 0.58731 0.0575934 0.0124573
487 0.58731 0.0466764 0.00793684
488 0.58731 0.0520617 0.0104638
489 0.58731 0.0582302 0.0113874
490 0.58731 0.0544535 0.0104562
491 0.58731 0.0554214 0.0111684
492 0.58731 0.0599882 0.0123677
493 0.58731 0.0602489 0.0118586
494 0.58731 0.0482033 0.00884054
495 0.58731 0.0561652 0.0131191
496 0.58731 0.062394 0.0137527
497 0.58731 0.0503148 0.0111207
498 0.58731 0.0500661 0.0097218
499 0.66223 0.0475081 0.00981924
500 0.66223 0.0401668 0.00593561
501 0.66223 0.055033 0.0104947
502 0.66223 0.0464701 0.00827962
503 0.66223 0.0496801 0.00997763
504 0.66223 0.0554215 0.0104776
505 0.66223 0.0460041 0.00659597
506 0.66223 0.0541045 0.00891993
507 0.66223 0.0535986 0.00907851
508 0.66223 0.0682977 0.0145045
509 0.66223 0.0555373 0.0130125
510 0.66223 0.067678 0.0140911
511 0.66223 0.0614422 0.0137486
512 0.90477 0.0750562 0.021642
513 0.90477 0.0569961 0.0134085
514 0.90477 0.0543341 0.0121153
515 0.90477 0.0643175 0.014601
516 0.90477 0.0606423 0.0121836
517 0.90477 0.0510933 0.0114124
518 0.90477 0.0698307 0.0134795
519 0.90477 0.0555779 0.011508
520 0.90477 0.062342 0.0143828
521 0.90477 0.057829 0.0124425
522 0.90477 0.053645 0.0107662
523 0.90477 0.0544852 0.0116967
524 0.90477 0.0571469 0.0110825
525 0.90477 0.0565077 0.00942723
526 0.90477 0.0519385 0.00852698
527 0.90477 0.0531464 0.0102724
528 0.90477 0.0486982 0.00777213
529 0.90477 0.0534537 0.00946525
530 0.90477 0.0492641 0.00872361
531 0.90477 0.0556657 0.0102938
532 0.90477 0.0535016 0.0093692
533 0.90477 0.0437973 0.00795987
534 0.90477 0.0445101 0.00899456
535 0.90477 0.0443895 0.00697098
536 0.90477 0.0471149 0.00953214
537 0.90477 0.0392711 0.00666866
538 0.90477 0.0578141 0.0108396
539 0.90477 0.0483127 0.0102611
540 0.90477 0.05325 0.0119589
541 0.90477 0.0520798 0.00821035
542 0.90477 0.0528369 0.0113225
543 0.90477 0.0519851 0.00919489
544 0.90477 0.046194 0.00796831
545 0.90477 0.0535725 0.00886213
546 0.90477 0.052103 0.012534
547 0.90477 0.0420771 0.0065687
548 0.90477 0.0510388 0.00981623
549 0.90477 0.044048 0.00727431
550 0.90477 0.0520658 0.00883286
551 0.90477 0.0553714 0.00897626
552 0.90477 0.0604741 0.0110625
553 0.90477 0.047481 0.00810792
554 0.90477 0.0564523 0.0101456
555 0.90477 0.0551715 0.0119688
556 0.90477 0.0517819 0.0104859
557 0.90477 0.0446673 0.00688651
558 0.90477 0.0547099 0.0108847
559 0.90477 0.0495183 0.00857698
560 0.90477 0.0533639 0.00984279
561 0.90477 0.0583566 0.0117707
562 0.90477 0.0603915 0.0117153
563 0.90477 0.0566202 0.0117482
564 0.90477 0.0548628 0.0121559
565 0.90477 0.0621786 0.012092
566 0.90477 0.0598447 0.0137241
567 0.90477 0.0708361 0.0149767
568 0.90477 0.0531032 0.0116724
569 0.90477 0.0601919 0.012341
570 0.90477 0.0503057 0.0106358
571 0.90477 0.0555919 0.0105964
572 0.90477 0.0575271 0.0119499
573 0.90477 0.0569069 0.0108975
574 0.90477 0.0534454 0.00911955
575 0.90477 0.0577863 0.0100418
576 0.90477 0.0543247 0.0109381
577 0.90477 0.0482198 0.00831264
578 0.90477 0.0413547 0.00651592
579 0.90477 0.0550912 0.0105787
580 0.90477 0.046421 0.00804563
581 0.90477 0.0543092 0.00886754
582 0.90477 0.0561753 0.0105956
583 0.90477 0.0572633 0.0115136
584 0.90477 0.0589312 0.0117486
585 0.90477 0.0594273 0.0132464
586 0.90477 0.0608131 0.0121833
587 0.90477 0.0543061 0.0111065
588 0.90477 0.0656131 0.0142311
589 0.90477 0.0779398 0.0153917
590 0.90477 0.0641601 0.0143456
591 0.90477 0.0605243 0.0124256
592 0.90477 0.0455134 0.00883898
593 0.90477 0.0644809 0.0150281
594 0.90477 0.0775395 0.0177577
595 0.90477 0.0623371 0.0117219
596 0.90477 0.0625094 0.0131147
597 0.90477 0.0659025 0.0154371
598 0.90477 0.0550153 0.0106993
599 0.90477 0.0554281 0.00992977
600 0.90477 0.0596452 0.0125825
601 0.90477 0.0639423 0.0120087
602 0.90477 0.0657988 0.0119856
603 0.90477 0.0572719 0.0134913
604 0.90477 0.0596122 0.0116171
605 0.90477 0.0597729 0.0127797
606 0.90477 0.0669475 0.0146232
607 0.90477 0.0656773 0.0120786
608 0.90477 0.0621788 0.0121493
609 0.90477 0.0516694 0.00946367
610 0.90477 0.059738 0.0139267
611 0.90477 0.0614475 0.0149471
612 0.90477 0.0624037 0.0139587
613 0.90477 0.0594905 0.0124401
614 0.90477 0.0605627 0.0142051
615 0.90477 0.066895 0.0144796
616 0.90477 0.0533665 0.0107011
617 0.90477 0.0529341 0.01083
618 1 0.0566246 0.0136928
618 1 0.0540547 0.0145265
618 0.58731 0.0604548 0.0111513
619 0.63493 0.0671319 0.0148755
620 0.63493 0.076266 0.0148296
621 0.63493 0.0683717 0.0145219
622 0.63493 0.073844 0.0149629
623 0.63493 0.0617487 0.0106181
624 0.63493 0.053037 0.00928067
625 0.63493 0.0597812 0.0113333
626 0.63493 0.0654502 0.0130242
627 0.63493 0.0475556 0.0072299
628 0.63493 0.0572239 0.00975616
629 0.63493 0.0590725 0.0124962
630 0.63493 0.0552075 0.0109771
631 0.6508 0.0646572 0.0147919
632 1 0.0619705 0.0172322
632 0.61905 0.0602977 0.0136427
633 0.68254 0.0751213 0.0184979
634 0.68254 0.0671158 0.014116
635 0.68254 0.0636821 0.0122587
636 0.79366 0.0523988 0.0134538
637 1 0.0623639 0.0169516
637 0.74604 0.0739885 0.0200564
638 0.76191 0.0741222 0.017951
639 0.76191 0.071708 0.0176179
640 0.92064 0.0653856 0.0164837
641 1 0.0767532 0.0205169
642 1 0.0773773 0.0235457
643 1 0.0541531 0.0115632
644 1 0.0561258 0.0126154
645 1 0.0651085 0.0111993
646 1 0.0702638 0.0208668
647 1 0.0635173 0.0128422
648 1 0.0647359 0.0163478
649 1 0.0641811 0.0180723
650 1 0.0831063 0.0194659
651 1.01 0.0808213 0.0238095
652 1.01 0.0672345 0.0144016
653 1.01 0.0624267 0.0160912
654 1.01 0.0743937 0.0190929
655 1.01 0.0539757 0.0135595
656 1.01 0.0621957 0.0190242
657 1.01 0.0648044 0.0199874
658 1.01 0.0673693 0.0197061
659 1.01 0.0679195 0.0185784
660 1.01 0.0592413 0.014226
661 1.01 0.072538 0.0226124
662 1.01 0.0782203 0.0223291
663 1.01 0.0742862 0.021857
664 1.01 0.0973747 0.0313328
665 1.01 0.0684606 0.0238518
666 1.01 0.0644429 0.0143451
667 1.01 0.0597939 0.0192956
668 1.01 0.0582173 0.0163104
669 1.01 0.0661122 0.0179929
670 1.01 0.0722611 0.0169449
671 1.01 0.0730181 0.0188081
672 1.01 0.0574825 0.0148572
673 1.01 0.0623183 0.0153602
674 1.01 0.0510809 0.0151984
675 1.01 0.0673387 0.0139745
676 1.01 0.0547904 0.00857315
677 1.01 0.0517539 0.00953828
678 1.01 0.0444968 0.00653392
679 1.01 0.0667529 0.0137422
680 1.01 0.0491891 0.00895437
681 1.01 0.0613869 0.0148798
682 1.01 0.0558493 0.0114223
683 1.01 0.0623519 0.014099
684 1.01 0.0527455 0.00915881
685 1.01 0.0629284 0.0115822
686 1.01 0.0544296 0.00999677
687 1.01 0.0424284 0.00668751
688 1.01 0.0547591 0.00968225
689 1.01 0.0509916 0.00933026
690 1.01 0.0502327 0.00887629
691 1.01 0.0606259 0.0144205
692 1.01 0.0579542 0.0134366
693 1.01 0.0531742 0.00959397
694 1.01 0.048373 0.00797033
695 1.01 0.0521312 0.00908683
696 1.01 0.0588108 0.0109498
697 1.01 0.0601899 0.0110033
698 1.01 0.0545465 0.00943218
699 1.01 0.0513961 0.00882095
700 1.01 0.0443911 0.00619879
701 1.01 0.0527646 0.00865614
702 1.01 0.0574971 0.0117409
703 1.01 0.0560651 0.0123105
704 1.01 0.0447166 0.00622281
705 1.01 0.0659844 0.0129031
706 1.01 0.0675726 0.0131037
707 1.01 0.0592756 0.011448
708 1.01 0.057033 0.0120405
709 1.01 0.0651025 0.0140964
710 1.01 0.0549117 0.011669
711 1.01 0.0530136 0.0105848
712 1.01 0.056823 0.0112058
713 1.01 0.0569963 0.0118623
714 1.01 0.046236 0.00737743
715 1.01 0.0471367 0.00759087
716 1.01 0.0614324 0.0133814
717 1.01 0.0593836 0.0115581
718 1.01 0.0584302 0.0107584
719 1.01 0.046245 0.00864479
720 1.01 0.0594342 0.0131001
721 1.01 0.0527658 0.0104068
722 1.01 0.0459611 0.00999608
723 1.01 0.0576133 0.0115527
724 1.01 0.0579756 0.012284
725 1.01 0.0523902 0.0110572
726 1.01 0.0587782 0.0114384
727 1.01 0.0670533 0.0144768
728 1.01 0.0603166 0.0117053
729 1.01 0.0488254 0.00918545
730 1.01 0.0643888 0.0143616
731 1.01 0.0698412 0.015104
732 1.01 0.0586784 0.0123208
733 1.01 0.0604089 0.0122872
734 1.01 0.0668513 0.0140329
735 1.01 0.0610573 0.0113826
736 1.01 0.0556853 0.0121529
737 1.01 0.0682058 0.0144429
738 1.01 0.062049 0.0106407
739 1.01 0.0619038 0.0147819
740 1.01 0.0556733 0.0114218
741 1.01 0.050369 0.0109909
742 1.01 0.0781173 0.0165578
743 1.01 0.061212 0.0135714
744 1.01 0.0637562 0.0117095
745 1.01 0.0513416 0.0104558
746 1.01 0.0617064 0.0124257
747 1.01 0.0573993 0.0110444
748 1.01 0.0648353 0.014906
749 1.01 0.060841 0.0113927
750 1.01 0.0666679 0.0126173
751 1.01 0.0736741 0.0188598
752 1.01 0.0638915 0.0157286
753 1.01 0.0595657 0.0132318
754 1.01 0.0540683 0.0127717
755 1.01 0.0642771 0.0178418
756 1.01 0.0515123 0.0109889
757 1.01 0.0538241 0.0106218
758 1.01 0.0558847 0.011698
759 1.01 0.0483509 0.0091852
760 1.01 0.0463343 0.0107131
761 1.01 0.0674733 0.0131285
762 1.01 0.0455092 0.00696899
763 1.01 0.0449198 0.00757929
764 1.01 0.064007 0.013985
765 1.01 0.0589667 0.0113961
766 1.01 0.0483657 0.00932315
767 1.01 0.0607847 0.0120802
768 1.01 0.0537861 0.00994642
769 1.01 0.0542121 0.0109492
770 1.01 0.0523463 0.00917711
771 1.01 0.0599054 0.0116464
772 1.01 0.0467828 0.00870944
773 1.01 0.053799 0.00983607
774 1.01 0.0555423 0.00879805
775 1.01 0.0464509 0.00696661
776 1.01 0.0597026 0.0111943
777 1.01 0.0603033 0.0136974
778 1.01 0.0486277 0.00909778
779 1.01 0.0575049 0.0113599
780 1.01 0.0474364 0.00843894
781 1.01 0.0540402 0.010908
782 1.01 0.0588884 0.0112472
783 1.01 0.053964 0.00854852
784 1.01 0.0563454 0.0103735
785 1.01 0.0527826 0.00858348
786 1.01 0.0525425 0.0107842
787 1.01 0.0469644 0.00853691
788 1.01 0.0485476 0.00715571
789 1.01 0.0570568 0.0110037
790 1.01 0.0521773 0.0100184
791 1.01 0.041766 0.00712994
792 1.01 0.0506065 0.0101926
793 1.01 0.0577021 0.0112932
794 1.01 0.0568785 0.00918206
795 1.01 0.0656913 0.0118148
796 1.01 0.0590497 0.013002
797 1.01 0.0705205 0.0131144
798 1.01 0.0525359 0.0113623
799 1.01 0.0587723 0.0130125
800 1.01 0.0512557 0.00885137
801 1.01 0.0584156 0.0101836
802 1.01 0.0620782 0.0111843
803 1.01 0.0631685 0.0124651
804 1.01 0.0481785 0.00839808
805 1.01 0.0512368 0.0107452
806 1.01 0.0645787 0.0116525
807 1.01 0.0595516 0.0126653
808 1.01 0.0573179 0.0122127
809 1.01 0.0686191 0.0128948
810 1.01 0.0635216 0.0145688
811 1.01 0.0726868 0.0155071
812 1.01 0.0481196 0.00795856
813 1.01 0.0461606 0.0072531
814 1.01 0.0576171 0.0125936
815 1.01 0.0506503 0.00770328
816 1.01 0.049958 0.00764176
817 1.01 0.0549845 0.00893675
818 1.01 0.0480077 0.00835461
819 1.01 0.0529259 0.0117668
820 1.01 0.0556323 0.00900262
821 1.01 0.0512594 0.0109438
822 1.01 0.0588163 0.0150668
823 1.01 0.0637032 0.0173068
824 1.01 0.0504328 0.0124699
825 1.01 0.046645 0.00866558
826 1.01 0.0644825 0.0149793
827 1.01 0.0531468 0.0118617
828 1.01 0.0450896 0.00878283
829 1.01 0.0473152 0.00840339
830 1.01 0.0499257 0.00895655
831 1.01 0.0476042 0.00891184
832 1.01 0.0579703 0.0121767
833 1.01 0.0546173 0.0119685
834 1.01 0.0536349 0.0110044
835 1.01 0.048212 0.00980367
836 1.01 0.0521038 0.0110063
837 1.01 0.0482675 0.00985165
838 1.01 0.0609059 0.0112312
839 1.01 0.0622598 0.0143893
840 1.01 0.0567746 0.012805
841 1.01 0.0641617 0.0137466
842 1.01 0.0718348 0.0175923
843 1.01 0.0535479 0.0103583
844 1.01 0.0676452 0.0146555
845 1.01 0.0621818 0.0148028
846 1.01 0.0578028 0.0126167
847 1.01 0.0524197 0.0113008
848 1.01 0.0570425 0.0106811
849 1.01 0.0572836 0.0113469
850 1.01 0.0502997 0.00984921
851 1.01 0.0558756 0.0105374
852 1.01 0.0496754 0.00941094
853 1.01 0.0562478 0.0125637
854 1.01 0.0515332 0.0110253
855 1.01 0.0788371 0.0164701
856 1.01 0.0660092 0.0160977
857 1.01 0.0650373 0.0149526
858 1.01 0.0587236 0.011933
859 1.01 0.051025 0.0105283
860 1.01 0.0469885 0.00946983
861 1.01 0.0496545 0.00909229
862 1.01 0.0516954 0.0110264
863 1.01 0.0566204 0.0116712
864 1.01 0.0427241 0.00687821
865 1.01 0.0590566 0.0122039
866 1.01 0.0576174 0.0114719
867 1.01 0.0498943 0.0111179
868 1.01 0.0528868 0.00982735
869 1.01 0.051438 0.0101353
870 1.01 0.0612225 0.0128289
871 1.01 0.0547191 0.0107563
872 1.01 0.0537273 0.00945999
873 1.01 0.0486349 0.00893971
874 1.01 0.0520195 0.00960881
875 1.01 0.0513854 0.0102382
876 1.01 0.0563948 0.00990913
877 1.01 0.039818 0.00783615
878 1.01 0.0468971 0.00737725
879 1.01 0.056102 0.011329
880 1.01 0.0446688 0.0081751
881 1.01 0.0596238 0.0120995
882 1.01 0.0496743 0.00918888
883 1.01 0.0523341 0.00925532
884 1.01 0.062712 0.0130907
885 1.01 0.0499202 0.0109475
886 1.01 0.051405 0.00853412
887 1.01 0.0546915 0.00986029
888 1.01 0.0571893 0.012619
889 1.01 0.0602716 0.0112783
890 1.01 0.0476277 0.0104953
891 1.01 0.0543624 0.0104205
892 1.01 0.0645181 0.0147909
893 1.01 0.0602226 0.0139403
894 1.01 0.0529807 0.0107726
895 1.01 0.0573754 0.0121171
896 1.01 0.0633956 0.014748
897 1.01 0.0577026 0.012125
898 1.01 0.0535676 0.0085316
899 1.01 0.0541744 0.0104734
900 1.01 0.0481775 0.00782862
901 1.01 0.0628564 0.0122841
902 1.01 0.0488076 0.00948222
903 1.01 0.0453126 0.00871854
904 1.01 0.0596998 0.012171
905 1.01 0.0496631 0.00813569
906 1.01 0.051073 0.0091233
907 1.01 0.0543169 0.0125235
908 1.01 0.0576344 0.0115825
909 1.01 0.0510161 0.0108034
910 1.01 0.0606266 0.0137136
911 1.01 0.068178 0.0146869
912 1.01 0.0591789 0.0116239
913 1.01 0.0549712 0.00899414
914 1.01 0.0613648 0.0146214
915 1.01 0.0643273 0.010866
916 1.01 0.0614808 0.0117397
917 1.01 0.0635911 0.0130111
918 1.01 0.0648703 0.0146909
919 1.01 0.0602045 0.0115024
920 1.01 0.064342 0.0114425
921 1.01 0.0518525 0.00877805
922 1.01 0.0666857 0.0130857
923 1.01 0.0512668 0.00812622
924 1.01 0.0566664 0.0107092
925 1.01 0.0555828 0.0119348
926 1.01 0.058583 0.0101886
927 1.01 0.0665192 0.014418
928 1.01 0.0556924 0.0106265
929 1.01 0.0643372 0.0124453
930 1.01 0.0564915 0.0119048
931 1.01 0.0714709 0.0139599
932 1.01 0.0638334 0.0127063
933 1.01 0.0631839 0.0124967
934 1.01 0.0685823 0.0144992
935 1.01 0.0673196 0.0144885
936 1.01 0.0585158 0.0123715
937 1.01 0.0608151 0.0124377
938 1.01 0.0674982 0.0149597
939 1.01 0.0567668 0.0111219
940 1.01 0.0617437 0.0126199
941 1.01 0.0669055 0.013096
942 1.01 0.0594523 0.0115588
943 1.01 0.0689666 0.0143999
944 1.01 0.0620089 0.0144648
945 1.01 0.0632776 0.0151048
946 1.01 0.0691213 0.0139248
947 1.01 0.0684467 0.0134768
948 1.01 0.0763198 0.018108
949 1.01 0.0559265 0.0103111
950 1.01 0.0529775 0.0125788
951 1.01 0.0583007 0.01272
952 1.01 0.0592481 0.0141441
953 1.01 0.0639436 0.0141468
954 1.01 0.0517874 0.00977684
955 1.01 0.0481907 0.00844095
956 1.01 0.0439525 0.00767284
957 1.01 0.0686102 0.0144716
958 1.01 0.0526327 0.0102713
959 1.01 0.0622541 0.0177903
960 1.01 0.0662977 0.0134184
961 1.01 0.0613673 0.0136062
962 1.01 0.0556185 0.0112642
963 1.01 0.0560556 0.0102702
964 1.01 0.0530072 0.0119831
965 1.01 0.0594258 0.0140718
966 1.01 0.0558282 0.00912565
967 1.01 0.0619093 0.0131678
968 1.01 0.0579322 0.0105108
969 1.01 0.0577558 0.0105162
970 1.01 0.0568682 0.0113848
971 1.01 0.0518899 0.0101167
972 1.01 0.0673574 0.0144144
973 1.01 0.0627598 0.01325
974 1.01 0.0595448 0.0124072
975 1.01 0.0601652 0.0128227
976 1.01 0.0612939 0.0119341
977 1.01 0.0672648 0.012986
978 1.01 0.0595509 0.0122522
979 1.01 0.0468206 0.00829016
980 1.01 0.0568781 0.01073
981 1.01 0.0520153 0.00976968
982 1.01 0.0544926 0.0115865
983 1.01 0.0436892 0.00847686
984 1.01 0.0429801 0.00662366
985 1.01 0.0632848 0.012402
986 1.01 0.0484246 0.00895325
987 1.01 0.0492166 0.00926185
988 1.01 0.0636845 0.0131431
989 1.01 0.0422842 0.00636876
990 1.01 0.0537947 0.00978274
991 1.01 0.0587625 0.0112253
992 1.01 0.0555431 0.0109257
993 1.01 0.0527127 0.00993208
994 1.01 0.0497869 0.00818176
995 1.01 0.0469511 0.00837563
996 1.01 0.0426363 0.0061257
997 1.01 0.0651646 0.0118169
998 1.01 0.0564325 0.0129007
999 1.01 0.0561674 0.0101929
1000 1.01 0.045102 0.00792514
