0 0.20003 0.0357344 0.0029163
1 0.23088 0.0214264 0.00218278
2 0.24408 0.0196794 0.0019761
3 0.24795 0.0446251 0.00532882
4 0.29428 0.0343604 0.00345542
5 0.29428 0.0354328 0.00340336
6 0.29554 0.028091 0.00307218
7 0.29554 0.0272909 0.00291229
8 0.29554 0.0347216 0.0039381
9 0.29554 0.0327935 0.00379898
10 0.29554 0.0315777 0.0031385
11 0.29554 0.034071 0.00345211
12 0.29554 0.0352761 0.0038538
13 0.29554 0.0289882 0.00295082
14 0.30058 0.040237 0.00440547
15 0.30058 0.0316958 0.0037192
16 0.31396 0.0351837 0.00391617
17 0.31396 0.0439185 0.00482773
18 0.31396 0.0401723 0.00433477
19 0.31396 0.0316844 0.00341974
20 0.31396 0.040451 0.00426917
21 0.31396 0.0300053 0.0035462
22 0.31396 0.0371726 0.00389519
23 0.31396 0.0311268 0.0036476
24 0.31396 0.032827 0.00339778
25 0.31396 0.0368885 0.00391695
26 0.31396 0.0380943 0.00414006
27 0.31396 0.0362635 0.00398574
28 0.31396 0.0335441 0.00322925
29 0.31396 0.0361425 0.00348571
30 0.31396 0.0373197 0.00401098
31 0.31396 0.0381788 0.00385374
32 0.31396 0.0400535 0.00416019
33 0.31396 0.0409335 0.00430689
34 0.31396 0.0367707 0.00402208
35 0.31396 0.0312947 0.00319132
36 0.31396 0.0382797 0.00378783
37 0.31396 0.0284625 0.00286603
38 0.31396 0.0373396 0.00387486
39 0.31396 0.0376324 0.0038204
40 0.31396 0.0345192 0.00348561
41 0.31396 0.0373569 0.00405129
42 0.31396 0.0423853 0.00486538
43 0.31396 0.0343278 0.0037004
44 0.31396 0.0380732 0.00404308
45 0.31396 0.0386978 0.00413765
46 0.31396 0.0327897 0.0036667
47 0.31396 0.0438908 0.00505508
48 0.33334 0.0411438 0.004567
49 0.33334 0.0433991 0.00495981
50 0.33334 0.0366827 0.00348233
51 0.33334 0.0488449 0.00571942
52 0.33334 0.0410495 0.00417657
53 0.33334 0.0481137 0.0048689
54 0.33334 0.0357157 0.00357545
55 0.33334 0.0456508 0.00446366
56 0.33334 0.0318444 0.00334613
57 0.33334 0.0445483 0.00508169
58 0.33334 0.0329886 0.00382323
59 0.33334 0.0379419 0.0039855
60 0.33334 0.0420512 0.00429311
61 0.33334 0.0396806 0.00415308
62 0.33334 0.036787 0.00360795
63 0.34506 0.0338258 0.00391375
64 0.34506 0.031415 0.00326571
65 0.34506 0.0332963 0.00381963
66 0.34506 0.0394021 0.00443361
67 0.34506 0.0394591 0.00392327
68 0.34506 0.0385549 0.00422556
69 0.34506 0.0547883 0.00550806
70 0.34506 0.0442112 0.00475686
71 0.34506 0.0448685 0.00440157
72 0.34506 0.0430357 0.00478332
73 0.34506 0.0379823 0.00390245
74 0.34506 0.0459091 0.00455352
75 0.34506 0.0400201 0.00458467
76 0.34506 0.0412457 0.00425857
77 0.34506 0.0439362 0.00469965
78 0.34506 0.0408232 0.00427004
79 0.34506 0.0379496 0.00414611
80 0.34506 0.042605 0.00457818
81 0.34506 0.0407176 0.00399151
82 0.34506 0.0325394 0.00388797
83 0.34506 0.0442126 0.00498065
84 0.34506 0.0427184 0.00478801
85 0.34506 0.043309 0.00462358
86 0.34506 0.0384239 0.00426323
87 0.35921 0.0519472 0.00623922
88 0.35921 0.0514431 0.00616482
89 0.35921 0.0478694 0.00553252
90 0.37508 0.0620395 0.00777887
91 0.37508 0.0377055 0.00541015
92 0.37508 0.0417793 0.00624912
93 0.4762 0.039523 0.00554675
94 0.4762 0.0413995 0.0056036
95 0.4762 0.0436621 0.00591594
96 0.4762 0.0522785 0.00676792
97 0.4762 0.0460388 0.00689755
98 0.4762 0.0450702 0.0085012
99 0.4762 0.060097 0.0103963
100 0.4762 0.0546637 0.00754926
101 0.48016 0.0485915 0.00908692
102 0.48016 0.0546164 0.00831329
103 0.48016 0.0571967 0.010418
104 0.48016 0.0686494 0.0113226
105 0.48016 0.0401679 0.00599312
106 0.48016 0.0506344 0.00670565
107 0.48016 0.0453895 0.00748461
108 0.48653 0.0531124 0.00819979
109 0.48653 0.0476254 0.00835805
110 0.50469 0.0586043 0.0100975
111 0.53371 0.0479692 0.0075617
112 0.53371 0.0581678 0.00852195
113 0.53371 0.0541686 0.00779341
114 0.53371 0.0614944 0.0111654
115 0.5923 0.053631 0.0094989
116 0.5923 0.0606848 0.0102584
117 0.5923 0.0556079 0.00907373
118 0.5923 0.0547144 0.00722099
119 0.5923 0.0516886 0.00810479
120 0.5923 0.0659393 0.0122095
121 0.5923 0.0592242 0.0109617
122 0.5923 0.0720115 0.0133617
123 0.5923 0.0667245 0.0111196
124 0.5923 0.0494879 0.0070996
125 0.5923 0.0629572 0.010354
126 0.5923 0.0513575 0.00818475
127 0.5923 0.0647495 0.0139085
128 0.5923 0.0729529 0.0134726
129 0.5923 0.0545732 0.00914251
130 0.5923 0.0645017 0.0101205
131 0.5923 0.05871 0.0106734
132 0.5923 0.0616238 0.0108833
133 0.5923 0.0598768 0.0101432
134 0.65709 0.0718523 0.0135412
135 0.65709 0.0545943 0.00904611
136 0.67613 0.0628286 0.0122181
137 0.67613 0.0500913 0.00880377
138 0.67613 0.0569753 0.0100949
139 0.67613 0.0569387 0.0100921
140 0.70428 0.0597547 0.0111448
141 0.70428 0.0534132 0.0074922
142 0.70428 0.056006 0.00840087
143 0.70428 0.0568075 0.00878782
144 0.70428 0.0552713 0.00867994
145 0.70428 0.0488356 0.00807174
146 0.70428 0.0498613 0.00847817
147 0.70428 0.0611678 0.00889229
148 0.70428 0.0646666 0.00993321
149 0.70428 0.065784 0.0117112
150 0.70428 0.0561941 0.00883679
151 0.70428 0.0593129 0.0115784
152 0.70428 0.0575442 0.0104748
153 0.70428 0.0509754 0.0087327
154 0.70428 0.0539755 0.00728794
155 0.70428 0.0605156 0.0105455
156 0.70428 0.060788 0.0108989
157 0.70428 0.0573986 0.0105937
158 0.70428 0.0594629 0.0114093
159 0.70428 0.0592571 0.0103998
160 0.70428 0.0491055 0.00783873
161 0.70428 0.0581064 0.00932625
162 0.70428 0.0667596 0.0117355
163 0.70428 0.0694042 0.013904
164 0.70428 0.0571767 0.00953466
165 0.70428 0.0664337 0.012298
166 0.70428 0.0580502 0.00912199
167 0.70428 0.056926 0.00941898
168 0.70428 0.0672071 0.0114825
169 0.70428 0.0583407 0.0129018
170 0.70428 0.0602266 0.0102281
171 0.70428 0.0563168 0.00900829
172 0.70428 0.0569899 0.0107482
173 0.70428 0.0513089 0.00909971
174 0.70428 0.054404 0.00874228
175 0.70428 0.0646297 0.011668
176 0.70428 0.0595871 0.0099955
177 0.70428 0.0623556 0.0122583
178 0.70428 0.0464995 0.00845982
179 0.70428 0.0640586 0.0123286
180 0.70428 0.049223 0.00834054
181 0.70428 0.0541318 0.0101855
182 0.70428 0.0555255 0.00917135
183 0.70428 0.0566193 0.00999772
184 0.70428 0.054171 0.00971189
185 0.70428 0.0689591 0.0128369
186 0.70428 0.0583828 0.0114081
187 0.70428 0.0650923 0.0118315
188 0.70428 0.06067 0.0117121
189 0.70428 0.0593775 0.0085425
190 0.70428 0.0608531 0.0113164
191 0.70428 0.0478109 0.00830874
192 0.70428 0.0535127 0.00732245
193 0.70428 0.0611991 0.0127428
194 0.70428 0.0494611 0.0069185
195 0.70428 0.0609582 0.0106254
196 0.70428 0.0551985 0.00810906
197 0.70428 0.0536988 0.00873009
198 0.70428 0.0558508 0.00932019
199 0.70428 0.0613153 0.0120167
200 0.70428 0.0555078 0.00919605
201 0.70428 0.0644931 0.010629
202 0.70428 0.0526327 0.0098933
203 0.70428 0.0516394 0.00734468
204 0.70428 0.0604066 0.0107641
205 0.70428 0.0538581 0.00875657
206 0.70428 0.0534157 0.00809539
207 0.70428 0.0592981 0.010281
208 0.70428 0.0497253 0.00721517
209 0.70428 0.0526005 0.00827048
210 0.70428 0.0574434 0.0102588
211 0.70428 0.0654495 0.0104912
212 0.70428 0.0613844 0.0103224
213 0.70428 0.055631 0.00900356
214 0.70428 0.0611268 0.0115041
215 0.70428 0.0664274 0.0118082
216 0.70428 0.0555214 0.009203
217 0.70428 0.0561903 0.00980011
218 0.70428 0.060353 0.0119553
219 0.70428 0.0502254 0.00915157
220 0.70428 0.0551327 0.0102826
221 0.70428 0.0565548 0.0100689
222 0.70428 0.056815 0.00997168
223 0.70428 0.0518354 0.00901627
224 0.70428 0.0472209 0.00915788
225 0.70428 0.0557071 0.0109715
226 0.70428 0.0559202 0.00955977
227 0.70428 0.0514988 0.00838275
228 0.70428 0.0470709 0.00595068
229 0.70428 0.0614739 0.0103741
230 0.70428 0.0601729 0.00984476
231 0.70428 0.0514243 0.0083957
232 0.70428 0.0557661 0.00924549
233 0.70428 0.0604614 0.0114502
234 0.70428 0.0556189 0.0102267
235 0.70428 0.0542168 0.00874221
236 0.70428 0.0473164 0.00679042
237 0.70428 0.0450239 0.00678433
238 0.70428 0.0586045 0.00913892
239 0.70428 0.0621483 0.00968325
240 0.70428 0.0490324 0.00656352
241 0.70428 0.0619271 0.00996921
242 0.70428 0.0603139 0.0108522
243 0.70428 0.0587647 0.0104255
244 0.70428 0.0633927 0.0100761
245 0.70428 0.0565117 0.0106538
246 0.70428 0.0513516 0.00906879
247 0.70428 0.0778293 0.0143362
248 0.70428 0.0446949 0.00806006
249 0.70428 0.0563249 0.0101639
250 0.70428 0.0465133 0.00641079
251 0.70428 0.0648491 0.013014
252 0.70428 0.0646726 0.0125481
253 0.70428 0.0617482 0.0113138
254 0.70428 0.0594547 0.0118849
255 0.70428 0.0507423 0.0103373
256 0.70428 0.0595485 0.0110638
257 0.70428 0.0702598 0.0136857
258 0.70428 0.0621397 0.0116219
259 0.70428 0.0629027 0.0113768
260 0.70428 0.064999 0.0115512
261 0.70428 0.0577094 0.0087694
262 0.70428 0.0491058 0.0080623
263 0.70428 0.0595074 0.0118457
264 0.70428 0.0627994 0.0115542
265 0.70428 0.063441 0.0121366
266 0.70428 0.0555361 0.00902448
267 0.70428 0.0625784 0.010309
268 0.70428 0.0546353 0.00903587
269 0.70428 0.0617243 0.0110268
270 0.70428 0.0590315 0.0104997
271 0.70428 0.0609574 0.0101961
272 0.70428 0.0691203 0.0117544
273 0.70428 0.0616233 0.00964784
274 0.70428 0.0581297 0.00905483
275 0.70428 0.0488965 0.00818646
276 0.70428 0.0526989 0.00933897
277 0.70428 0.0620387 0.0107602
278 0.70428 0.0488914 0.00898768
279 0.70428 0.0544521 0.0100366
280 0.70428 0.060731 0.00947733
281 0.70428 0.0518769 0.00845518
282 0.70428 0.0610104 0.0097883
283 0.70428 0.0570358 0.0105047
284 0.70428 0.0545098 0.00883981
285 0.70428 0.0616553 0.00902049
286 0.70428 0.0579308 0.00941515
287 0.70428 0.0560345 0.00903369
288 0.70428 0.0610006 0.0107304
289 0.70428 0.0538105 0.00895044
290 0.70428 0.0506164 0.00753083
291 0.70428 0.0595474 0.0107901
292 0.70428 0.0617589 0.00999232
293 0.70428 0.0673253 0.0108386
294 0.70428 0.0689182 0.0113403
295 0.70428 0.0707332 0.0142894
296 0.70428 0.0547827 0.00941901
297 0.70428 0.0695028 0.0117249
298 0.70428 0.0541466 0.00823689
299 0.70428 0.0641278 0.0101151
300 0.70428 0.0616942 0.0110889
301 0.70428 0.0526277 0.0102481
302 0.70428 0.0549292 0.00861872
303 0.70428 0.0583244 0.0106885
304 0.70428 0.0547662 0.0106068
305 0.70428 0.0602201 0.0112323
306 0.70428 0.071178 0.0145516
307 0.70428 0.0581585 0.0104588
308 0.70428 0.0613452 0.0112821
309 0.70428 0.0661124 0.0119477
310 0.70428 0.0663218 0.011955
311 0.70428 0.0757383 0.0124538
312 0.70428 0.0643531 0.0118595
313 0.70428 0.066806 0.0113092
314 0.70428 0.0686276 0.0125514
315 0.79482 0.0588345 0.0119255
316 0.79482 0.0749215 0.0114791
317 0.79482 0.0452549 0.00696408
318 0.79482 0.0637266 0.0114822
319 0.79482 0.0628587 0.0112959
320 0.79482 0.052875 0.00915934
321 0.79482 0.0602354 0.0102598
322 0.79482 0.0652832 0.0116814
323 0.79482 0.0593639 0.00945584
324 0.79482 0.0563745 0.00949481
325 0.79482 0.0602838 0.0103606
326 0.79482 0.0680703 0.0132492
327 0.79482 0.0565057 0.00780366
328 0.79482 0.0649048 0.0110303
329 0.79482 0.0682334 0.0137184
330 0.79482 0.0714795 0.011931
331 0.79482 0.0730702 0.0129734
332 0.79482 0.0628316 0.0128185
333 0.79482 0.0641232 0.0107615
334 0.79482 0.0594741 0.0116862
335 0.79482 0.0733489 0.0135528
336 0.79482 0.067953 0.0140061
337 0.79482 0.0727922 0.0134234
338 0.79482 0.0619692 0.0103428
339 0.79482 0.0650744 0.0108433
340 0.79482 0.0567832 0.0108369
341 0.79482 0.0685236 0.0108221
342 0.79482 0.058123 0.0105516
343 0.79482 0.0620925 0.0119257
344 0.79482 0.0713843 0.0134581
345 0.79482 0.0765221 0.0132787
346 0.79482 0.0606374 0.0114438
347 0.79482 0.063016 0.0117336
348 0.79482 0.0627183 0.0119964
349 0.79482 0.0814349 0.0139651
350 0.79482 0.0611123 0.0112057
351 0.79482 0.0726464 0.0148549
352 0.79482 0.0512569 0.00910571
353 0.79482 0.0639362 0.0125708
354 0.79482 0.064789 0.0116705
355 0.79482 0.0598648 0.0101797
356 0.79482 0.0568018 0.00880882
357 0.79482 0.0654619 0.0117567
358 0.79482 0.0528445 0.00748384
359 0.79482 0.0616166 0.010927
360 0.79482 0.0548654 0.0108953
361 0.79482 0.0675625 0.0115565
362 0.79482 0.0557536 0.00787479
363 0.79482 0.0586207 0.00997048
364 0.79482 0.0647051 0.0116224
365 0.79482 0.0558389 0.0100671
366 0.79482 0.0625921 0.0118847
367 0.79482 0.0600717 0.0102261
368 0.79482 0.0597677 0.012136
369 0.79482 0.059522 0.00937807
370 0.79482 0.062844 0.0110289
371 0.79482 0.0585758 0.0105319
372 0.79482 0.0685875 0.0119322
373 0.79482 0.0635341 0.0124648
374 0.79482 0.0629662 0.0132934
375 0.79482 0.0612249 0.0111525
376 0.79482 0.0609093 0.0120708
377 0.79482 0.0598282 0.0135288
378 0.79482 0.0648911 0.0126301
379 0.79482 0.0574803 0.0104929
380 0.79482 0.055604 0.0103459
381 0.79482 0.0613759 0.013029
382 0.79482 0.0605964 0.0108407
383 0.79482 0.06118 0.0091399
384 0.79482 0.0681816 0.0137556
385 0.79482 0.0555046 0.0103
386 0.79482 0.0676441 0.0130302
387 0.79482 0.0649144 0.0150171
388 0.79482 0.0719881 0.0124124
389 0.79482 0.0619926 0.0112702
390 0.79482 0.0674517 0.0128164
391 0.79482 0.0521856 0.00878348
392 0.79482 0.0624952 0.0117614
393 0.79482 0.059635 0.0127014
394 0.79482 0.052941 0.00950131
395 0.79482 0.0566055 0.0119962
396 0.79482 0.0688801 0.0115367
397 0.79482 0.0448874 0.00722194
398 0.79482 0.0588494 0.0122323
399 0.79482 0.0660765 0.0141839
400 0.79482 0.0538946 0.00868062
401 0.79482 0.0497969 0.00759102
402 0.79482 0.0572743 0.0104298
403 0.79482 0.0566933 0.0105453
404 0.79482 0.0588864 0.0091823
405 0.79482 0.0492387 0.00885536
406 0.79482 0.0589174 0.00880858
407 0.79482 0.0567563 0.0106813
408 0.79482 0.0714935 0.0135454
409 0.79482 0.0588831 0.0104978
410 1 0.0584237 0.0128654
410 0.4762 0.0532546 0.00894343
411 0.4762 0.0527896 0.0103294
412 0.4762 0.0505673 0.00832776
413 0.52381 0.0613345 0.0120602
414 0.52381 0.0461365 0.00702577
415 0.52381 0.059862 0.0118642
416 0.52381 0.0484416 0.0076553
417 0.52381 0.0494051 0.00844279
418 0.52381 0.0546604 0.0099283
419 0.52381 0.0655677 0.0111286
420 0.52381 0.0581678 0.0100119
421 0.52381 0.0543564 0.00953225
422 0.52381 0.0529824 0.00981523
423 0.52381 0.044782 0.00816322
424 0.52381 0.0535562 0.00750831
425 0.52381 0.0601666 0.0108494
426 0.52381 0.0492348 0.00824029
427 0.52381 0.0458665 0.00710799
428 0.52381 0.0592003 0.0108861
429 0.52381 0.0421908 0.00796202
430 0.52381 0.0558803 0.00941127
431 0.52381 0.0580453 0.0099316
432 0.52381 0.0652262 0.0109483
433 0.52381 0.0439866 0.00883741
434 0.52381 0.0484567 0.00866893
435 0.52381 0.0521777 0.00865349
436 0.52381 0.06123 0.0116802
437 0.52381 0.053463 0.011254
438 0.52381 0.067939 0.0132157
439 0.52381 0.0576823 0.0116051
440 0.52381 0.0533304 0.0108234
441 0.52381 0.0493043 0.00785782
442 0.52381 0.0410303 0.00785989
443 0.52381 0.0674728 0.0144849
444 0.52381 0.068936 0.0140213
445 0.52381 0.0583513 0.0114779
446 0.52381 0.0637655 0.0121422
447 0.52381 0.0672811 0.0128918
448 0.52381 0.0610627 0.0113179
449 0.52381 0.0585609 0.0135377
450 0.52381 0.0597332 0.0106743
451 0.52381 0.06157 0.0105438
452 0.52381 0.0449885 0.0076592
453 0.52381 0.0513443 0.00902247
454 0.52381 0.05295 0.00900279
455 0.52381 0.0598078 0.00992732
456 0.52381 0.0581735 0.00964625
457 0.52381 0.0529585 0.00971225
458 0.52381 0.0548386 0.0100937
459 0.52381 0.0560622 0.00985561
460 0.52381 0.0424252 0.00809692
461 0.52381 0.056857 0.00936903
462 0.52381 0.0575381 0.010661
463 0.52381 0.0578679 0.010787
464 0.52381 0.0694121 0.0134297
465 0.52381 0.0540314 0.00878956
466 0.52381 0.0528783 0.00949389
467 0.58731 0.0573397 0.013402
468 0.58731 0.055989 0.0118547
469 0.58731 0.050492 0.00796291
470 0.58731 0.0527579 0.00939739
471 0.58731 0.0461723 0.00757896
472 0.58731 0.0557215 0.00988885
473 0.58731 0.0573461 0.0109097
474 0.91425 0.0643366 0.0149443
475 0.91425 0.0508893 0.00797477
476 0.91425 0.039495 0.00724015
477 0.91425 0.0594401 0.0118183
478 0.91425 0.0504416 0.00849138
479 0.91425 0.0612866 0.0113353
480 0.91425 0.0477251 0.00856076
481 0.91425 0.0702743 0.015739
482 0.91425 0.0561576 0.00983291
483 0.91425 0.0500409 0.00900285
484 0.91425 0.0453156 0.0073769
485 0.91425 0.0552267 0.0089109
486 0.91425 0.0449039 0.00822805
487 0.91425 0.0520098 0.0103347
488 0.91425 0.049628 0.0075632
489 0.91425 0.0675 0.0128092
490 0.91425 0.0704106 0.0139634
491 0.91425 0.0533413 0.00813484
492 0.91425 0.0559407 0.0121396
493 0.91425 0.0607403 0.0101906
494 0.91425 0.0579196 0.0116357
495 0.91425 0.0505574 0.00946809
496 0.91425 0.0583738 0.00970334
497 0.91425 0.0553564 0.0107496
498 0.91425 0.0638917 0.0134946
499 0.91425 0.0552394 0.00971325
500 0.91425 0.0539944 0.00971043
501 0.91425 0.0585751 0.0102692
502 0.91425 0.0481631 0.00856787
503 0.91425 0.0605052 0.0114714
504 0.91425 0.0596739 0.0111018
505 0.91425 0.0608738 0.011114
506 0.91425 0.0563029 0.00964832
507 0.91425 0.0632407 0.0110467
508 0.91425 0.0490519 0.00873931
509 0.91425 0.0597997 0.0106675
510 0.91425 0.0636896 0.0126026
511 0.91425 0.0597483 0.0124984
512 0.91425 0.052961 0.00816456
513 0.91425 0.0598735 0.0131491
514 0.91425 0.0520793 0.00937622
515 0.91425 0.0506098 0.00808651
516 0.91425 0.0521711 0.00843581
517 0.91425 0.0538359 0.00960161
518 0.91425 0.0530874 0.00936495
519 0.91425 0.0582025 0.010602
520 0.91425 0.0652116 0.0111916
521 0.91425 0.056949 0.0103231
522 0.91425 0.0621459 0.0113858
523 0.91425 0.0473758 0.00861725
524 1.01 0.0677691 0.0159623
524 0.4762 0.0456753 0.00689573
525 0.4762 0.0482272 0.0071192
526 0.4762 0.0455071 0.00661185
527 0.4762 0.0460079 0.00606223
528 0.4762 0.0517793 0.00899995
529 0.4762 0.0448529 0.0064769
530 0.4762 0.0516179 0.00888827
531 0.4762 0.0497265 0.0077084
532 0.51401 0.0577403 0.0104997
533 0.51401 0.0498226 0.00805067
534 0.51401 0.0558451 0.00886462
535 0.58511 0.0416952 0.00711008
536 0.58511 0.0565563 0.0085395
537 0.58511 0.0531298 0.00859339
538 0.58511 0.0682431 0.011687
539 0.58511 0.0470797 0.00918368
540 0.58511 0.0712798 0.0117657
541 0.58511 0.0591037 0.0109075
542 0.58511 0.0517041 0.0101734
543 0.58511 0.0616639 0.0114567
544 0.58511 0.0477967 0.00716531
545 0.58511 0.058249 0.00994286
546 0.58511 0.0459007 0.00719824
547 0.58511 0.0475161 0.00761621
548 0.58511 0.0431095 0.00699823
549 0.58511 0.0429069 0.00547853
550 0.58511 0.0466656 0.0069446
551 0.58511 0.0577261 0.0104178
552 0.58511 0.0485045 0.00758552
553 0.58511 0.0498056 0.00798994
554 0.58511 0.0520144 0.00863699
555 0.58511 0.0472706 0.00789618
556 0.58511 0.0433878 0.00616437
557 0.58511 0.041344 0.00488348
558 0.58511 0.0507743 0.00732828
559 0.58511 0.0464145 0.00733203
560 0.58511 0.0479263 0.00826382
561 0.58511 0.0556051 0.00782142
562 0.58511 0.05326 0.00910589
563 0.58511 0.0521538 0.00841029
564 0.58511 0.0574436 0.00959879
565 0.58511 0.0621571 0.0100149
566 0.58511 0.0551996 0.0100223
567 0.58511 0.0496971 0.00957725
568 0.58511 0.061446 0.0112264
569 0.58511 0.0456656 0.00873895
570 0.58511 0.0404884 0.00572668
571 0.58511 0.049071 0.00974803
572 0.58511 0.0458517 0.00841261
573 0.58511 0.0413051 0.00585094
574 0.58511 0.0379985 0.00518155
575 0.58511 0.0418831 0.00711685
576 0.58511 0.0426036 0.00681488
577 0.58511 0.0381168 0.0055649
578 0.58511 0.0523804 0.00915577
579 0.58511 0.04325 0.00668884
580 0.58511 0.0553451 0.0102909
581 0.58511 0.0523095 0.00853814
582 0.58511 0.0508767 0.00877878
583 0.58511 0.0595958 0.0103077
584 0.58511 0.0549184 0.00994918
585 0.58511 0.0573049 0.0120586
586 0.58511 0.0536703 0.00901401
587 0.58511 0.0584019 0.0113775
588 0.58511 0.0516033 0.0102441
589 0.58511 0.0443898 0.00686128
590 0.58511 0.0404773 0.0064086
591 0.58511 0.0496154 0.00968586
592 0.58511 0.0622869 0.0115407
593 0.58511 0.0583912 0.0106524
594 0.58511 0.0540248 0.0112184
595 0.58511 0.0502623 0.0103364
596 0.58511 0.0560186 0.0119917
597 0.58511 0.0490038 0.00887769
598 0.58511 0.0665523 0.0122819
599 0.58511 0.0553543 0.0111569
600 0.58511 0.0585611 0.0109084
601 0.58511 0.0665808 0.0120628
602 0.58511 0.0554162 0.0109889
603 0.58511 0.0530983 0.0114158
604 0.58511 0.059007 0.0122087
605 0.58511 0.0512105 0.00999978
606 0.58511 0.0450911 0.00680339
607 0.58511 0.045152 0.00779547
608 0.58511 0.0518975 0.00894056
609 0.58511 0.050708 0.00993084
610 0.58731 0.050096 0.00979923
611 0.58731 0.0555242 0.00942836
612 0.58731 0.0505544 0.00761944
613 0.58731 0.0524093 0.00888961
614 0.58731 0.062876 0.0117763
615 0.58731 0.0497721 0.00830162
616 0.58731 0.0546729 0.01099
617 0.58731 0.0607585 0.010948
618 0.58731 0.0556544 0.0104097
619 0.58731 0.0554456 0.010009
620 0.58731 0.0581461 0.0118603
621 0.58731 0.0550153 0.0106322
622 0.58731 0.0446081 0.00702897
623 0.58731 0.0503528 0.0085796
624 0.58731 0.0579256 0.0100534
625 0.58731 0.0555943 0.0114682
626 0.58731 0.0611892 0.0117862
627 0.58731 0.066616 0.0117999
628 0.68667 0.0528497 0.0110488
629 0.68667 0.0595937 0.0100193
630 0.70842 0.0534073 0.0106206
631 0.70842 0.0532972 0.00888826
632 0.70842 0.0558623 0.00908558
633 0.70842 0.0503284 0.00737114
634 0.70842 0.0506988 0.009656
635 0.70842 0.0544802 0.00994273
636 0.70842 0.0597335 0.00967424
637 0.70842 0.0542252 0.00929893
638 0.70842 0.0480656 0.00774139
639 0.70842 0.0477396 0.00841519
640 1.01 0.0584405 0.0129977
640 0.4762 0.0489081 0.00788264
641 0.4762 0.0438012 0.00691649
642 0.54889 0.0509479 0.00915554
643 0.54889 0.0394306 0.00544005
644 0.54889 0.050756 0.00838945
645 0.54889 0.0546868 0.00896191
646 0.54889 0.0543147 0.00860645
647 0.54889 0.0487659 0.00951719
648 0.54889 0.0545096 0.00872554
649 0.54889 0.0543535 0.00991029
650 0.54889 0.0457004 0.008461
651 0.54889 0.0518992 0.00909618
652 0.54889 0.0628092 0.0114205
653 0.54889 0.0485091 0.00872317
654 0.58644 0.0544188 0.0105397
655 0.61429 0.0584355 0.0114392
656 0.61429 0.0552198 0.00909925
657 0.61429 0.0560311 0.00847577
658 0.61429 0.0522972 0.0083502
659 0.61429 0.0601157 0.00960112
660 0.61996 0.0666503 0.0121483
661 0.61996 0.051357 0.010084
662 0.61996 0.0552197 0.00864175
663 0.61996 0.0636761 0.0110716
664 0.61996 0.059349 0.0101586
665 0.61996 0.0615067 0.0111193
666 0.61996 0.0663331 0.0123414
667 0.61996 0.0651909 0.0111743
668 0.61996 0.0601312 0.0127929
669 0.61996 0.0637723 0.0131166
670 0.61996 0.0586283 0.00935747
671 0.61996 0.0627034 0.0124771
672 0.61996 0.0697597 0.013321
673 0.61996 0.0532371 0.0108385
674 0.61996 0.0555419 0.0108203
675 0.61996 0.0526884 0.00959403
676 0.61996 0.0500475 0.00721764
677 0.61996 0.0704753 0.0127303
678 0.61996 0.0492583 0.0068355
679 0.61996 0.0554535 0.0115102
680 0.61996 0.0661525 0.0130708
681 0.61996 0.0649594 0.0103008
682 0.61996 0.0578419 0.00970757
683 0.61996 0.0567696 0.00883626
684 0.61996 0.0578275 0.0111759
685 0.61996 0.0649373 0.0103555
686 0.61996 0.0560857 0.00934509
687 0.61996 0.0600857 0.0108017
688 0.61996 0.0604196 0.0107164
689 0.61996 0.0550404 0.0096729
690 0.61996 0.0503862 0.00794371
691 0.61996 0.0584783 0.010822
692 0.61996 0.05895 0.0105678
693 0.61996 0.065897 0.0126407
694 0.61996 0.0602087 0.0110378
695 0.61996 0.0661801 0.0112975
696 0.61996 0.0603837 0.0108763
697 0.61996 0.0615552 0.0106285
698 0.61996 0.0628859 0.013016
699 0.61996 0.0641946 0.0125303
700 0.61996 0.0532849 0.0106346
701 0.61996 0.0519539 0.00978199
702 0.61996 0.0635238 0.0116421
703 0.61996 0.0558334 0.0113093
704 0.61996 0.0578614 0.0090969
705 0.61996 0.0579452 0.0133981
706 0.61996 0.0578892 0.0108661
707 0.61996 0.0547216 0.0104734
708 0.66618 0.0642449 0.012691
709 0.66618 0.0528292 0.00998945
710 0.66618 0.0570256 0.00956374
711 0.66618 0.0580125 0.0101901
712 0.66618 0.0589584 0.0119297
713 0.66618 0.0669068 0.0130111
714 0.69842 0.071869 0.0149157
715 0.77836 0.0728545 0.0150547
716 0.77836 0.0576046 0.00990418
717 0.77836 0.0510717 0.00711091
718 0.77836 0.0604718 0.0110383
719 0.77836 0.0576005 0.0119474
720 0.77836 0.0541198 0.00817902
721 0.77836 0.0628971 0.0137777
722 0.77836 0.0617746 0.0129606
723 0.77836 0.0499276 0.00906746
724 0.77836 0.0627841 0.0129861
725 0.77836 0.0549722 0.00960435
726 0.77836 0.0513614 0.0102546
727 0.77836 0.0536201 0.0110358
728 0.77836 0.0512611 0.00950028
729 0.77836 0.0567854 0.0111986
730 0.77836 0.0495823 0.00841802
731 0.77836 0.0586741 0.0103442
732 0.77836 0.0630381 0.014271
733 0.77836 0.0552738 0.0114793
734 0.77836 0.0547098 0.00932672
735 0.77836 0.0576443 0.00836889
736 0.77836 0.0396476 0.00611837
737 0.77836 0.061793 0.0123124
738 0.77836 0.0475551 0.00637365
739 0.77836 0.0552473 0.0095758
740 0.77836 0.0651526 0.0122599
741 1.01 0.0617928 0.0162558
741 0.48897 0.053102 0.0108755
742 0.48897 0.052979 0.00824558
743 0.51444 0.0557453 0.0105573
744 0.58731 0.068888 0.0129954
745 0.68667 0.0599876 0.011416
746 0.68667 0.0573158 0.0111689
747 0.68667 0.0683281 0.0131881
748 0.68667 0.0606206 0.0124855
749 0.68667 0.0642265 0.0116665
750 0.68667 0.0690472 0.0141036
751 0.68667 0.0616753 0.0122601
752 0.68667 0.0606052 0.0123078
753 0.68667 0.0645437 0.012664
754 0.68667 0.0608874 0.0113261
755 0.68667 0.0581154 0.0106448
756 0.68667 0.0496592 0.00933281
757 0.68667 0.0516685 0.00827818
758 0.68667 0.0477893 0.0087075
759 0.68667 0.0611113 0.013543
760 0.77825 0.0591132 0.0125767
761 0.77825 0.0643715 0.0120452
762 0.77825 0.0567612 0.011965
763 0.77825 0.0650042 0.012567
764 0.77825 0.0568741 0.00957619
765 0.77825 0.0564342 0.0110671
766 0.77825 0.0661369 0.0120225
767 0.77825 0.0696122 0.0124257
768 0.77825 0.0608977 0.0104767
769 0.77825 0.0581405 0.0101289
770 0.77825 0.0642685 0.0127369
771 0.77825 0.0527083 0.00942444
772 0.77825 0.0595541 0.0121507
773 0.77825 0.0529013 0.00939218
774 0.77825 0.0573655 0.00956665
775 0.77825 0.0626627 0.0145481
776 0.77825 0.0650029 0.0130582
777 0.77825 0.0695005 0.0120512
778 0.77825 0.0588334 0.012653
779 0.77825 0.0541159 0.00822109
780 0.77825 0.0621487 0.0104244
781 0.77825 0.0597722 0.012182
782 0.77825 0.0703039 0.0119971
783 0.77825 0.0646175 0.0123135
784 0.77825 0.0557146 0.0102718
785 0.77825 0.0732214 0.0149514
786 0.77825 0.0622301 0.0118302
787 0.77825 0.056272 0.0105031
788 0.77825 0.0499117 0.00867235
789 0.77825 0.0471189 0.00902482
790 0.77825 0.0476165 0.00768114
791 0.77825 0.0578605 0.0103084
792 0.77825 0.0692375 0.0134936
793 0.77825 0.0581141 0.0108912
794 0.77825 0.0447475 0.00892642
795 0.77825 0.0687743 0.0123901
796 0.77825 0.0665463 0.0141477
797 0.77825 0.053044 0.0101662
798 0.77825 0.0539493 0.0091432
799 0.77825 0.0572743 0.00972926
800 0.77825 0.0551718 0.0102296
801 0.77825 0.0499105 0.00870623
802 0.77825 0.0489356 0.00812974
803 0.77825 0.0520185 0.00863387
804 0.77825 0.0541863 0.00920769
805 0.77825 0.0598417 0.00856042
806 0.77825 0.0444179 0.00707474
807 0.77825 0.0548611 0.00798063
808 0.77825 0.050899 0.0091439
809 0.77825 0.0584751 0.00946585
810 0.77825 0.049192 0.0100225
811 0.77825 0.0605236 0.0103443
812 0.77825 0.0564644 0.00991167
813 0.77825 0.063906 0.0112706
814 0.77825 0.0525704 0.0075113
815 0.77825 0.0509787 0.00673909
816 0.77825 0.0547586 0.00818864
817 0.77825 0.040912 0.00475923
818 0.77825 0.0463129 0.00875905
819 0.77825 0.0436113 0.00633833
820 0.77825 0.0585193 0.0107814
821 0.77825 0.051434 0.00815911
822 0.77825 0.0506035 0.00753274
823 0.77825 0.0562961 0.00786314
824 0.77825 0.0518476 0.00884967
825 0.77825 0.0569538 0.00933571
826 0.77825 0.0652336 0.010849
827 0.77825 0.0498271 0.00760553
828 0.77825 0.0457794 0.00742241
829 0.77825 0.0595631 0.00856831
830 0.77825 0.0513889 0.008424
831 0.77825 0.0487357 0.00733981
832 0.77825 0.0570658 0.0079862
833 0.77825 0.0524123 0.00863395
834 0.77825 0.0616568 0.0118197
835 0.77825 0.0538293 0.00954807
836 0.77825 0.0504967 0.00840679
837 0.77825 0.0520107 0.00868718
838 0.77825 0.0424527 0.00707575
839 1.01 0.05758 0.0128966
839 0.79778 0.0453432 0.00927274
840 0.79778 0.0539355 0.00927246
841 0.79778 0.0437483 0.0104326
842 0.79778 0.0460785 0.00725262
843 0.79778 0.0514686 0.0104375
844 0.79778 0.0534957 0.00939481
845 0.79778 0.0503553 0.00842867
846 0.79778 0.0538057 0.0091322
847 0.79778 0.058187 0.0105774
848 0.79778 0.0552495 0.0106582
849 0.79778 0.0563537 0.0111993
850 0.79778 0.0511886 0.00958515
851 0.79778 0.0446257 0.00741633
852 0.79778 0.0610417 0.0114615
853 0.79778 0.0562345 0.0102864
854 0.79778 0.0525182 0.00930081
855 0.79778 0.0527948 0.00974809
856 0.79778 0.0540404 0.010771
857 0.79778 0.0616058 0.0129147
858 0.79778 0.0599009 0.0123441
859 0.79778 0.0637278 0.0132481
860 0.79778 0.0424893 0.00716672
861 0.79778 0.0494083 0.00753191
862 0.79778 0.0518709 0.0081454
863 0.79778 0.049982 0.00750937
864 0.79778 0.048643 0.00876912
865 0.79778 0.0654327 0.0132086
866 0.79778 0.0495085 0.00921614
867 0.79778 0.0519701 0.00838275
868 0.79778 0.0541692 0.0100801
869 0.79778 0.0670916 0.0124259
870 0.79778 0.0578355 0.0114949
871 0.79778 0.0707264 0.0126902
872 0.79778 0.0553039 0.00952269
873 0.79778 0.0499432 0.00821172
874 0.79778 0.0499109 0.007566
875 0.79778 0.0418136 0.00694609
876 0.79778 0.0433651 0.00625461
877 0.79778 0.0453264 0.00742203
878 0.79778 0.0590999 0.010074
879 0.79778 0.0514345 0.00773532
880 0.79778 0.0513585 0.00779744
881 0.79778 0.0406588 0.00612082
882 0.79778 0.0496632 0.00832882
883 0.79778 0.0472813 0.00692802
884 0.79778 0.0446839 0.00841109
885 0.79778 0.053368 0.00939788
886 0.79778 0.0629153 0.0154718
887 0.79778 0.0650661 0.0124782
888 0.79778 0.0481528 0.00802339
889 0.79778 0.0677124 0.0133188
890 0.79778 0.0566593 0.0100059
891 0.79778 0.0749949 0.0138608
892 0.79778 0.049818 0.0089946
893 0.79778 0.0582536 0.0107181
894 0.79778 0.066327 0.0119659
895 0.79778 0.0644049 0.0120146
896 0.79778 0.0566417 0.0110145
897 0.79778 0.0457779 0.0072876
898 0.79778 0.0600894 0.010941
899 0.79778 0.0459587 0.0061021
900 0.79778 0.0671969 0.0111131
901 0.79778 0.0474032 0.00904089
902 0.79778 0.0598519 0.0109209
903 0.79778 0.0495561 0.00841701
904 0.79778 0.0704177 0.0126275
905 0.79778 0.0575823 0.0118843
906 0.79778 0.0502828 0.00799273
907 0.79778 0.0656382 0.0127436
908 0.79778 0.0659173 0.0135161
909 0.79778 0.0630899 0.0110319
910 0.79778 0.0610081 0.0107563
911 0.79778 0.0555291 0.00917151
912 0.79778 0.0611256 0.0102269
913 0.79778 0.0532836 0.00885073
914 0.79778 0.0471769 0.00695255
915 0.79778 0.0521 0.00781989
916 0.79778 0.0568038 0.00994454
917 0.79778 0.0546584 0.0101915
918 0.79778 0.0543163 0.00793095
919 0.79778 0.055673 0.00984362
920 0.79778 0.0532223 0.0102689
921 0.79778 0.0508557 0.00907814
922 0.79778 0.0641468 0.0113923
923 0.79778 0.0545722 0.010058
924 0.79778 0.0593198 0.0115903
925 0.79778 0.0604023 0.0123744
926 0.79778 0.0651213 0.0120888
927 0.79778 0.0514456 0.00788586
928 0.79778 0.0477834 0.00800823
929 0.79778 0.0589844 0.0105673
930 0.79778 0.0548992 0.00919933
931 0.79778 0.0513423 0.0108998
932 0.79778 0.0584127 0.0108686
933 0.79778 0.0646067 0.0104556
934 0.79778 0.0597857 0.0108513
935 0.79778 0.061544 0.012428
936 0.79778 0.0601869 0.0125542
937 0.79778 0.0635376 0.0108014
938 0.79778 0.0684218 0.0110667
939 0.79778 0.0548136 0.00937696
940 0.79778 0.0561979 0.0100144
941 0.79778 0.0577572 0.0106913
942 0.79778 0.0433362 0.00679744
943 0.79778 0.0489846 0.00751643
944 0.79778 0.0582936 0.00921109
945 0.79778 0.0528097 0.00971808
946 0.79778 0.0558424 0.00911567
947 0.79778 0.0518208 0.00889212
948 0.79778 0.0502034 0.009045
949 0.79778 0.0553292 0.00877722
950 0.79778 0.0631794 0.0121654
951 0.79778 0.0559233 0.00964957
952 0.79778 0.0556592 0.0114686
953 0.79778 0.0593633 0.0105662
954 0.79778 0.0492515 0.00791214
955 0.79778 0.0498179 0.00816399
956 0.79778 0.0519381 0.0102953
957 0.79778 0.0468976 0.00758147
958 0.79778 0.0572838 0.0113082
959 0.79778 0.0641206 0.0113478
960 0.79778 0.0546934 0.00943163
961 0.79778 0.0536113 0.0101446
962 0.79778 0.0557323 0.0082937
963 0.79778 0.0620598 0.0116913
964 0.79778 0.0646368 0.0118518
965 0.79778 0.0587178 0.0101445
966 0.79778 0.0703097 0.0137344
967 0.79778 0.0719293 0.0124921
968 0.79778 0.0576112 0.00946852
969 0.79778 0.0479726 0.00903769
970 0.79778 0.0575788 0.00922757
971 0.79778 0.0520977 0.00881246
972 0.79778 0.0482216 0.00712191
973 0.79778 0.0512363 0.00816954
974 0.79778 0.0520805 0.00767848
975 0.79778 0.0569526 0.00998506
976 0.79778 0.0641921 0.0106785
977 0.79778 0.0534708 0.00938714
978 0.79778 0.0520107 0.00743218
979 0.79778 0.058144 0.00928484
980 0.79778 0.0527836 0.00774996
981 0.79778 0.0548858 0.0102485
982 0.79778 0.0541854 0.00916581
983 0.79778 0.0566922 0.0110957
984 0.79778 0.069681 0.0119116
985 0.79778 0.0647636 0.0110805
986 0.79778 0.0687768 0.0110893
987 0.79778 0.0606963 0.0100086
988 0.79778 0.0482808 0.00804057
989 0.79778 0.0736536 0.0136103
990 0.79778 0.0574287 0.0104329
991 0.79778 0.0499057 0.00801931
992 0.79778 0.0467159 0.00731632
993 0.79778 0.0537423 0.0104898
994 0.79778 0.0657808 0.01194
995 0.79778 0.0716414 0.0128873
996 0.79778 0.0645365 0.0110736
997 0.79778 0.0532127 0.00933237
998 0.79778 0.0565784 0.0108341
999 0.79778 0.0658907 0.0113128
1000 0.79778 0.0555094 0.008614
1000 0.4762 0.0565373 0.00975231
1000 0.4762 0.0541044 0.00903177
1000 0.69346 0.0573998 0.01064
1000 0.61613 0.0607811 0.0127152
1000 0.47631 0.0560832 0.00938394
