0 0.21812 0.0474154 0.00398967
1 0.21812 0.0231122 0.00227915
2 0.26397 0.0204424 0.00217151
3 0.26397 0.0430099 0.005018
4 0.27316 0.0417382 0.00414623
5 0.27316 0.0306191 0.00289152
6 0.29515 0.027294 0.00303965
7 0.29515 0.023051 0.00226051
8 0.30505 0.0345563 0.00373472
9 0.30505 0.0335453 0.00404043
10 0.30505 0.0268263 0.00253204
11 0.30505 0.0383003 0.00386
12 0.37069 0.0375285 0.00435602
13 0.37069 0.0282103 0.00316782
14 0.37069 0.0318018 0.0031022
15 0.37069 0.0379916 0.00358561
16 0.37069 0.0459258 0.00437862
17 0.37069 0.0394968 0.00374734
18 0.37069 0.0362933 0.00397062
19 0.37069 0.0430169 0.00444172
20 0.37069 0.0418459 0.00454939
21 0.45659 0.0378073 0.0047632
22 0.45659 0.0342237 0.00376008
23 0.45659 0.0315781 0.00330174
24 0.45659 0.0443394 0.0045236
25 0.45659 0.0504701 0.00508222
26 0.45659 0.0381625 0.00474819
27 0.45659 0.0356369 0.00358022
28 0.45659 0.0386181 0.00444675
29 0.45659 0.0305416 0.00280709
30 0.45659 0.0418532 0.00448045
31 0.45659 0.042557 0.0049088
32 0.45659 0.0371144 0.00413521
33 0.45659 0.0362817 0.00400389
34 0.45659 0.0461819 0.00562758
35 0.45659 0.0384647 0.00437499
36 0.45659 0.0340918 0.00373783
37 0.45659 0.03923 0.00432267
38 0.45659 0.0304208 0.00353919
39 0.45659 0.0384442 0.00453901
40 0.45659 0.0396439 0.00445254
41 0.45659 0.0428275 0.00474302
42 0.45659 0.0398782 0.00436169
43 0.45659 0.0415114 0.00431157
44 0.45659 0.0435643 0.00519611
45 0.45659 0.0442292 0.00541141
46 0.45659 0.0437384 0.00475198
47 0.45659 0.0364187 0.0039979
48 0.45659 0.0358537 0.00407163
49 0.45659 0.0334821 0.00335734
50 0.45659 0.0394919 0.00384651
51 0.45659 0.0510788 0.00559401
52 0.45659 0.0431413 0.004256
53 0.45659 0.0387381 0.00440909
54 0.45659 0.0317825 0.00372792
55 0.45659 0.0376956 0.00435991
56 0.45659 0.0303267 0.00330464
57 0.45659 0.0381312 0.00396988
58 0.45659 0.0415244 0.00456071
59 0.45659 0.048072 0.00532176
60 0.45659 0.0405239 0.00444616
61 0.4762 0.0438289 0.00556254
62 0.4762 0.0421987 0.00524831
63 0.4762 0.0450731 0.00657141
64 0.4762 0.0433877 0.00515179
65 0.4762 0.0466319 0.00702007
66 0.4762 0.0413424 0.00565742
67 0.4762 0.0522649 0.00825902
68 0.4762 0.0561851 0.00927957
69 0.4762 0.0423474 0.00581383
70 0.4762 0.0561544 0.00918822
71 0.4762 0.0483474 0.00643981
72 0.4762 0.0469472 0.00638144
73 0.4762 0.0536876 0.00804677
74 0.4762 0.0489181 0.00896591
75 0.4762 0.054742 0.00830052
76 0.4762 0.0507401 0.00803173
77 0.4762 0.0470915 0.00798011
78 0.4762 0.0522707 0.00766778
79 0.4762 0.0500509 0.00791419
80 0.4762 0.0423458 0.00686036
81 0.4762 0.0442915 0.00560268
82 0.4762 0.0508489 0.00734294
83 0.4762 0.0494622 0.00671684
84 0.4762 0.0580055 0.0106442
85 0.4762 0.0569137 0.00812377
86 0.4762 0.0391603 0.00526668
87 0.4762 0.0442952 0.00649791
88 0.4762 0.0449894 0.00680527
89 0.4762 0.0574403 0.00878236
90 0.4762 0.0477766 0.00639729
91 0.4762 0.0504146 0.00697157
92 0.4762 0.0671965 0.0101465
93 0.4762 0.0514042 0.00769514
94 0.4762 0.046165 0.00619046
95 0.4762 0.052341 0.0072581
96 0.4762 0.0460568 0.00642827
97 0.4762 0.0488223 0.00687106
98 0.4762 0.0457508 0.00694862
99 0.4762 0.0454288 0.00686078
100 0.4762 0.0446793 0.00741052
101 0.4762 0.0553001 0.00880086
102 0.4762 0.0468246 0.00753599
103 0.4762 0.0496281 0.00723854
104 0.4762 0.0573594 0.00878507
105 0.4762 0.0457798 0.00760841
106 0.4762 0.0430827 0.00524359
107 0.4762 0.0548248 0.00885694
108 0.4762 0.0609904 0.00975716
109 0.4762 0.050982 0.007294
110 0.4762 0.0575828 0.0104591
111 0.4762 0.054226 0.00877661
112 0.4762 0.0619264 0.0102999
113 0.4762 0.0619681 0.0109206
114 0.4762 0.0562601 0.00950905
115 0.4762 0.0618214 0.0104448
116 0.4762 0.0507511 0.0082774
117 0.4762 0.051941 0.00797428
118 0.4762 0.0460686 0.00708617
119 0.4762 0.0499167 0.00723071
120 0.4762 0.0629479 0.0116921
121 0.4762 0.0418969 0.00694413
122 0.4762 0.0543267 0.00993786
123 0.4762 0.0600109 0.0098436
124 0.4762 0.0533227 0.00918651
125 0.4762 0.0485562 0.00639163
126 0.4762 0.0544546 0.00909185
127 0.4762 0.0574699 0.0076121
128 0.4762 0.0453052 0.00666702
129 0.69842 0.0529305 0.00846277
130 0.69842 0.0511284 0.00975507
131 0.69842 0.051844 0.00921884
132 0.69842 0.0514929 0.00892315
133 0.69842 0.0512006 0.00754433
134 0.69842 0.0663969 0.012127
135 0.69842 0.0411645 0.00644834
136 0.69842 0.0539974 0.00901467
137 0.69842 0.0565939 0.00964824
138 0.69842 0.0496563 0.00759919
139 0.69842 0.0576202 0.00823192
140 0.69842 0.056667 0.00890418
141 0.69842 0.041945 0.00612918
142 0.69842 0.0533305 0.00850178
143 0.69842 0.0496623 0.00832941
144 0.69842 0.0607165 0.0111213
145 0.69842 0.0539552 0.0104617
146 0.69842 0.0494114 0.00833449
147 0.69842 0.0600887 0.0104117
148 0.69842 0.0505824 0.00866723
149 0.69842 0.0674194 0.0123707
150 0.69842 0.0550066 0.00818114
151 0.69842 0.0577061 0.010652
152 0.69842 0.0563502 0.00881465
153 0.69842 0.0598202 0.00997187
154 0.69842 0.0653044 0.0108742
155 0.69842 0.064323 0.0122336
156 0.69842 0.0642423 0.011639
157 0.69842 0.0563426 0.0104283
158 0.69842 0.0486336 0.00858452
159 0.69842 0.0617493 0.0100531
160 0.69842 0.0511867 0.00903451
161 0.69842 0.0521333 0.0090353
162 0.69842 0.0488913 0.00850959
163 0.69842 0.0633404 0.0102024
164 0.69842 0.0531685 0.00928004
165 0.69842 0.0562613 0.00968509
166 0.69842 0.0594765 0.0111301
167 0.69842 0.059326 0.0104198
168 0.69842 0.0638819 0.0128225
169 0.69842 0.0579977 0.0110894
170 0.69842 0.0707418 0.0129545
171 0.69842 0.0689292 0.0108823
172 0.69842 0.0494706 0.00987157
173 0.69842 0.0661303 0.0121281
174 0.69842 0.0561886 0.00922992
175 0.69842 0.0656248 0.0115031
176 0.69842 0.0661486 0.0129115
177 0.69842 0.064034 0.00918641
178 0.69842 0.0596276 0.0126774
179 0.69963 0.0674075 0.0148678
180 0.69963 0.0756246 0.0134764
181 0.69963 0.0602773 0.0094782
182 0.69963 0.0489409 0.00845751
183 0.69963 0.0623332 0.0107506
184 0.69963 0.0589429 0.00965256
185 0.69963 0.0498317 0.00790615
186 0.69963 0.0525983 0.0077975
187 0.69963 0.0585888 0.00953858
188 0.69963 0.0644929 0.00931629
189 0.69963 0.0616572 0.00997081
190 0.69963 0.0697514 0.0128041
191 0.69963 0.0481172 0.00760308
192 0.69963 0.0547016 0.00781263
193 0.69963 0.0611414 0.0106244
194 0.69963 0.0588114 0.00955133
195 0.69963 0.0522322 0.00897925
196 0.69963 0.0530245 0.00834025
197 0.69963 0.0417756 0.00602053
198 0.69963 0.0489268 0.00871777
199 0.69963 0.0591804 0.0101553
200 0.69963 0.0539206 0.00850307
201 0.69963 0.0408895 0.00476376
202 0.69963 0.0611807 0.00995523
203 0.69963 0.050298 0.00803377
204 0.69963 0.0664899 0.0139686
205 0.69963 0.0562431 0.0110701
206 0.69963 0.0588333 0.00983032
207 0.69963 0.0637095 0.011757
208 0.69963 0.0619662 0.0108387
209 0.69963 0.0624057 0.00990909
210 0.69963 0.0573055 0.010274
211 0.69963 0.0533235 0.00911848
212 0.69963 0.0684607 0.0101743
213 0.69963 0.0532349 0.00764301
214 0.69963 0.0618086 0.00923144
215 0.69963 0.0635594 0.0115113
216 0.69963 0.0570946 0.00982353
217 0.69963 0.0697245 0.0123426
218 0.69963 0.062184 0.00993388
219 0.69963 0.0550816 0.00884262
220 0.69963 0.057434 0.0103787
221 0.69963 0.0551471 0.010766
222 0.69963 0.0574288 0.011127
223 0.69963 0.0682669 0.0139759
224 0.69963 0.0678919 0.0125844
225 0.69963 0.0577883 0.0104844
226 0.69963 0.066125 0.0123758
227 0.69963 0.0675425 0.0145184
228 0.69963 0.0644208 0.0128118
229 0.69963 0.0666913 0.0130591
230 0.69963 0.060567 0.00936279
231 0.69963 0.0694714 0.0117135
232 0.69963 0.0559965 0.00934409
233 0.69963 0.0550648 0.00893143
234 0.69963 0.0540234 0.00837504
235 0.69963 0.0558603 0.0090512
236 0.69963 0.0590042 0.00998001
237 0.69963 0.0681497 0.0108212
238 0.69963 0.0683462 0.0112765
239 0.69963 0.0703623 0.0113832
240 0.69963 0.0642612 0.0112854
241 0.69963 0.0682772 0.0130321
242 0.69963 0.0737468 0.0117429
243 0.69963 0.0564171 0.0103299
244 0.69963 0.0576652 0.00863458
245 0.69963 0.0547022 0.00923206
246 0.69963 0.074168 0.0129033
247 0.69963 0.0533491 0.00890532
248 0.69963 0.0600432 0.0109823
249 0.69963 0.0743012 0.0127294
250 0.69963 0.0595517 0.0100592
251 0.69963 0.0549199 0.00846574
252 0.69963 0.0564034 0.00887412
253 0.69963 0.0570075 0.0103066
254 0.69963 0.058767 0.00890483
255 0.69963 0.0558772 0.0103501
256 0.69963 0.0612987 0.0108286
257 0.69963 0.0601238 0.0107163
258 0.69963 0.0756354 0.0134124
259 0.69963 0.0578002 0.00879308
260 0.69963 0.0593886 0.00984652
261 0.69963 0.0536973 0.0110099
262 0.69963 0.0603621 0.0107165
263 0.69963 0.0590676 0.0101685
264 0.69963 0.0648418 0.0102482
265 0.69963 0.0694309 0.0114029
266 0.69963 0.0576271 0.0109947
267 0.69963 0.0594594 0.00932431
268 0.69963 0.0529886 0.00919128
269 0.69963 0.0625632 0.0106679
270 0.69963 0.0579451 0.0106976
271 0.69963 0.0685199 0.0120418
272 0.69963 0.052199 0.00912027
273 0.69963 0.0620795 0.0117066
274 0.69963 0.0575703 0.0102191
275 0.69963 0.0583718 0.0120031
276 0.69963 0.0546077 0.0108364
277 0.69963 0.0625502 0.0105756
278 0.69963 0.050418 0.00730241
279 0.69963 0.0566069 0.0100624
280 0.69963 0.0457733 0.00642157
281 0.69963 0.0568105 0.0102489
282 0.69963 0.0597941 0.00825905
283 0.69963 0.0476687 0.00549613
284 0.69963 0.0551725 0.00760103
285 0.69963 0.0513811 0.0074846
286 0.69963 0.0433899 0.00625387
287 0.69963 0.0505446 0.00658197
288 0.69963 0.0565383 0.00973629
289 0.69963 0.0514002 0.00745629
290 0.69963 0.0579194 0.00942061
291 0.69963 0.0610582 0.0105332
292 0.69963 0.0557941 0.00950637
293 0.69963 0.0414726 0.00552293
294 0.69963 0.0523648 0.00793839
295 0.69963 0.0601895 0.0100508
296 0.69963 0.0487269 0.00734664
297 0.69963 0.0589165 0.00977215
298 0.69963 0.0630675 0.0105816
299 0.69963 0.0556257 0.0100776
300 0.69963 0.0549252 0.0104218
301 0.69963 0.0692574 0.0121684
302 0.69963 0.0565446 0.00871448
303 0.69963 0.0581023 0.0109464
304 0.69963 0.0614445 0.0113157
305 0.69963 0.0711193 0.0132198
306 0.69963 0.054002 0.00793468
307 0.69963 0.069075 0.0120512
308 0.69963 0.0519331 0.00780463
309 0.69963 0.0623395 0.0123316
310 0.69963 0.0603405 0.0113901
311 0.69963 0.0682991 0.013561
312 0.69963 0.0607374 0.010981
313 0.69963 0.058474 0.00955577
314 0.69963 0.0590484 0.010818
315 0.69963 0.0619929 0.0115188
316 0.69963 0.0526849 0.00897889
317 0.69963 0.0548317 0.00914602
318 0.69963 0.0643064 0.0111113
319 0.69963 0.0598363 0.00952596
320 0.69963 0.0597883 0.0104653
321 0.69963 0.0493322 0.00776046
322 0.69963 0.068153 0.0102284
323 0.69963 0.0588927 0.0108869
324 0.69963 0.0480458 0.00823184
325 0.69963 0.0621272 0.0101333
326 0.69963 0.0621338 0.0119457
327 0.69963 0.0610123 0.00972554
328 0.69963 0.0575735 0.00964174
329 0.69963 0.0521382 0.00998707
330 0.69963 0.0723358 0.0121307
331 0.69963 0.0683168 0.0127864
332 0.69963 0.0697378 0.0115996
333 0.69963 0.0833638 0.0150243
334 0.69963 0.0591158 0.0112562
335 0.69963 0.0653484 0.0118422
336 0.69963 0.072524 0.0129528
337 0.69963 0.0807422 0.0149305
338 0.69963 0.0696419 0.0145199
339 0.69963 0.0613029 0.0126957
340 0.69963 0.0680155 0.0122003
341 0.69963 0.0767487 0.0129313
342 0.69963 0.0655309 0.0118745
343 0.69963 0.0707169 0.0139078
344 0.69963 0.0540778 0.00951241
345 0.69963 0.0631731 0.0115346
346 0.69963 0.0600168 0.0101211
347 0.69963 0.0654478 0.0105197
348 0.69963 0.0547086 0.0086885
349 0.69963 0.0668477 0.0104123
350 0.69963 0.0673103 0.0130708
351 0.69963 0.0476633 0.00860815
352 0.69963 0.0499019 0.00804884
353 0.69963 0.053765 0.00903527
354 0.69963 0.0530348 0.00856882
355 0.69963 0.0548869 0.00901105
356 0.69963 0.0592512 0.0106722
357 0.69963 0.064804 0.0115037
358 0.69963 0.0540694 0.00863641
359 0.69963 0.0567667 0.00941189
360 0.69963 0.0487351 0.00833657
361 0.69963 0.0462121 0.00948656
362 0.69963 0.0583274 0.00906395
363 0.69963 0.0621347 0.0116187
364 0.69963 0.0725172 0.0142631
365 0.69963 0.0466655 0.00870642
366 0.69963 0.0570238 0.00944945
367 0.69963 0.0628457 0.0115
368 0.69963 0.0698447 0.0132946
369 0.69963 0.0478039 0.00802975
370 0.69963 0.0582472 0.0104214
371 0.69963 0.0588277 0.00927908
372 0.69963 0.0576359 0.0107279
373 0.69963 0.0666376 0.0124994
374 0.69963 0.0620132 0.00999909
375 0.69963 0.0568967 0.00946705
376 0.69963 0.0646517 0.0131905
377 0.69963 0.0556006 0.0114044
378 0.69963 0.0583122 0.0102417
379 0.69963 0.0529435 0.00908402
380 0.69963 0.0576586 0.0103609
381 0.69963 0.0592064 0.010143
382 0.69963 0.0610906 0.0122021
383 0.69963 0.0732558 0.015506
384 0.69963 0.0533325 0.00784763
385 0.69963 0.0575667 0.0101497
386 0.69963 0.0516931 0.0073621
387 0.69963 0.0473804 0.00754279
388 0.69963 0.0570648 0.00878432
389 0.69963 0.0509753 0.00978704
390 0.69963 0.0592437 0.0106173
391 0.69963 0.0512867 0.00926369
392 0.69963 0.0748044 0.0146077
393 0.69963 0.0585495 0.00931348
394 0.69963 0.0580114 0.00987929
395 0.69963 0.0666684 0.014323
396 0.69963 0.0486056 0.00885514
397 0.69963 0.0660238 0.0138745
398 0.69963 0.0647944 0.0134682
399 0.69963 0.0604717 0.0129259
400 0.69963 0.0693444 0.0126584
401 0.69963 0.0694129 0.0124216
402 0.72698 0.0721819 0.014599
403 0.72698 0.066254 0.0117207
404 0.72698 0.0692881 0.0136326
405 0.72698 0.0504455 0.00933341
406 0.72698 0.0581536 0.01052
407 0.72698 0.0609355 0.00974729
408 0.72698 0.0652867 0.0127243
409 0.72698 0.077822 0.0143641
410 0.72698 0.0732995 0.013004
411 0.72698 0.0714653 0.0148723
412 0.72698 0.0855724 0.0175815
413 0.72698 0.0594813 0.0110671
414 0.72698 0.0584688 0.0116557
415 0.72698 0.0644981 0.0115609
416 0.72698 0.06881 0.0123598
417 0.72698 0.0594761 0.0101741
418 0.72698 0.0725809 0.0136746
419 0.72698 0.0618303 0.0115232
420 0.72698 0.075211 0.013002
421 0.72698 0.0728253 0.0127263
422 0.72698 0.0651554 0.0116943
423 0.72698 0.0766965 0.0145812
424 0.72698 0.0655243 0.0125599
425 0.72698 0.0570835 0.00989738
426 0.72698 0.0482236 0.00814823
427 0.72698 0.0734749 0.0139985
428 0.72698 0.0660407 0.0117526
429 0.72698 0.0589707 0.00928095
430 0.72698 0.0528608 0.00855728
431 0.72698 0.0596204 0.0110855
432 0.72698 0.0722643 0.012727
433 0.72698 0.066845 0.0117722
434 0.72698 0.0635839 0.0105686
435 0.72698 0.0591077 0.00940268
436 0.72698 0.0607944 0.0113673
437 0.72698 0.0488296 0.00963802
438 0.72698 0.0551462 0.00810446
439 0.72698 0.0549845 0.00859174
440 0.72698 0.0605596 0.0100499
441 0.72698 0.0629404 0.0111868
442 0.72698 0.0659558 0.0118104
443 0.72698 0.0626401 0.0106352
444 0.72698 0.072063 0.0131239
445 0.72698 0.0683005 0.0128056
446 0.72698 0.06497 0.012146
447 0.72698 0.0513872 0.00861762
448 0.72698 0.0527236 0.00860589
449 0.72698 0.0652615 0.0118573
450 0.72698 0.0575095 0.0109797
451 0.72698 0.065454 0.0108658
452 0.72698 0.0604943 0.010632
453 0.72698 0.069773 0.0147268
454 0.72698 0.0577436 0.0119016
455 0.72698 0.0581231 0.0107035
456 0.72698 0.0613874 0.0111233
457 0.72698 0.0589929 0.0109372
458 0.72698 0.0657493 0.0125485
459 0.72698 0.0573293 0.00997763
460 0.72698 0.0742511 0.0129181
461 0.72698 0.0573281 0.010219
462 0.72698 0.0653656 0.0128774
463 0.72698 0.06682 0.0144396
464 0.72698 0.0484854 0.00884161
465 0.72698 0.0600144 0.0107425
466 0.72698 0.0604933 0.0108969
467 0.72698 0.0543616 0.00887537
468 0.72698 0.0649239 0.0123063
469 0.72698 0.0525649 0.00877134
470 0.72698 0.0559925 0.00918184
471 0.72698 0.0619797 0.010589
472 0.72698 0.0582086 0.0105134
473 0.72698 0.0614281 0.0115222
474 0.72698 0.0641581 0.0130736
475 0.72698 0.0633887 0.0122349
476 0.72698 0.067914 0.0128318
477 0.72698 0.0585965 0.00978601
478 0.72698 0.0532084 0.00958413
479 0.72698 0.068316 0.0144457
480 0.72698 0.0524001 0.00959306
481 0.72698 0.0711818 0.0137912
482 0.72698 0.0632936 0.0133072
483 0.72698 0.0603469 0.0120453
484 0.72698 0.0549625 0.0103182
485 0.72698 0.0616933 0.0117761
486 0.72698 0.0586739 0.0125237
487 0.72698 0.0624171 0.0123763
488 0.72698 0.0584532 0.0107073
489 0.72698 0.059135 0.0115232
490 0.72698 0.0679545 0.0125559
491 0.72698 0.0646339 0.014036
492 0.72698 0.0533654 0.010737
493 0.72698 0.0514487 0.00886522
494 0.72698 0.0597525 0.0108088
495 0.72698 0.0673648 0.012905
496 0.72698 0.0557218 0.00948074
497 0.72698 0.0686594 0.0139971
498 0.72698 0.0622434 0.0123831
499 0.72698 0.0659808 0.0113292
500 0.72698 0.0658042 0.0119647
501 0.72698 0.0603615 0.0105436
502 0.72698 0.0549022 0.00888799
503 0.72698 0.0658978 0.0115507
504 0.72698 0.0570005 0.0116262
505 0.72698 0.0513521 0.00929304
506 0.72698 0.048591 0.0078955
507 0.72698 0.0656334 0.0118135
508 0.72698 0.0638926 0.0107087
509 0.72698 0.0530407 0.00906334
510 0.72698 0.0621073 0.0122475
511 0.72698 0.0589906 0.00955919
512 0.72698 0.056885 0.00988661
513 0.72698 0.0491476 0.00850471
514 0.72698 0.0740098 0.0134987
515 0.72698 0.0649739 0.0120038
516 0.72698 0.0513332 0.00745456
517 0.72698 0.0511124 0.00820899
518 0.72698 0.0522639 0.00881741
519 0.72698 0.0420724 0.00605619
520 0.72698 0.0531161 0.00750074
521 0.72698 0.0548316 0.00980084
522 0.72698 0.0724498 0.0122023
523 0.72698 0.0667888 0.0111424
524 0.72698 0.0620435 0.0109341
525 0.72698 0.0601677 0.00862872
526 0.72698 0.0574313 0.00986996
527 0.72698 0.0696534 0.0137754
528 0.72698 0.0555766 0.0101605
529 0.72698 0.0587161 0.0103006
530 0.72698 0.0504673 0.00749379
531 0.72698 0.0588299 0.0104503
532 0.72698 0.0637072 0.0115118
533 0.72698 0.061761 0.010736
534 0.72698 0.0610443 0.0107123
535 0.72698 0.0449518 0.00672477
536 0.72698 0.0608957 0.0115393
537 0.72698 0.0595212 0.0106995
538 0.72698 0.0606614 0.0117886
539 0.72698 0.0593072 0.0103174
540 0.72698 0.0541251 0.00798244
541 0.72698 0.0535979 0.00964603
542 0.72698 0.0669479 0.0119818
543 0.72698 0.0499547 0.00909511
544 0.72698 0.0565923 0.0113966
545 0.72698 0.0601414 0.0112677
546 0.72698 0.06318 0.0109617
547 0.72698 0.0643693 0.0103136
548 0.72698 0.0522878 0.00740936
549 0.72698 0.0566699 0.0117925
550 0.72698 0.0535463 0.00915405
551 0.72698 0.066228 0.0119633
552 0.72698 0.0593901 0.011021
553 0.72698 0.058771 0.0103733
554 0.72698 0.0487504 0.00767417
555 0.72698 0.0570999 0.00960602
556 0.72698 0.0501487 0.00865893
557 0.72698 0.0554994 0.00950425
558 0.72698 0.0652078 0.0116116
559 0.72698 0.0597759 0.0121491
560 0.72698 0.0569286 0.00961401
561 0.72698 0.0601899 0.00953737
562 0.72698 0.0738252 0.0134954
563 0.72698 0.0700496 0.013866
564 0.72698 0.0583943 0.0103871
565 0.72698 0.0646212 0.0122219
566 0.72698 0.0655355 0.0135402
567 0.72698 0.0655983 0.0132351
568 0.72698 0.0571546 0.00978735
569 0.72698 0.0606493 0.0105654
570 0.72698 0.0602294 0.0110913
571 0.72698 0.0629131 0.0120935
572 0.72698 0.070091 0.0125289
573 0.72698 0.0575802 0.0110238
574 0.72698 0.0607321 0.0118767
575 0.72698 0.0582089 0.0110696
576 0.72698 0.0550337 0.00846325
577 0.72698 0.0661388 0.0134009
578 0.72698 0.0495307 0.00913323
579 0.72698 0.0636727 0.0117956
580 0.72698 0.0666347 0.0117171
581 0.72698 0.070245 0.0124679
582 0.72698 0.0653731 0.0102525
583 0.72698 0.0565303 0.00860977
584 0.72698 0.0509806 0.00841734
585 0.75294 0.0526246 0.0106468
586 0.75294 0.0416364 0.00610404
587 0.75294 0.0439543 0.00627592
588 0.75294 0.0521033 0.00929585
589 0.75294 0.0545183 0.00846883
590 0.75294 0.049992 0.00778875
591 0.75294 0.0552441 0.0103567
592 0.75294 0.0508021 0.00828932
593 0.75294 0.0467606 0.00829612
594 0.75294 0.062077 0.0118374
595 0.75294 0.0620037 0.0103443
596 0.75294 0.057446 0.00995265
597 0.75294 0.070986 0.0135705
598 0.75294 0.0634495 0.00997184
599 0.75294 0.0581202 0.0105289
600 0.75294 0.0606237 0.010574
601 0.75294 0.055225 0.00822234
602 0.75294 0.0748338 0.014834
603 0.75294 0.0574479 0.00954011
604 0.75294 0.0503654 0.00850871
605 0.75294 0.045926 0.00704786
606 0.75294 0.0526835 0.00825654
607 0.75294 0.0492554 0.00653478
608 0.75294 0.0405037 0.00533761
609 0.75294 0.0445658 0.00630566
610 0.75294 0.0380639 0.00571212
611 0.75294 0.037803 0.00479206
612 0.75294 0.045679 0.00638783
613 0.75294 0.0493498 0.00679153
614 0.75294 0.0463929 0.00711784
615 0.75294 0.0471056 0.0077065
616 0.75294 0.0453328 0.00647976
617 0.75294 0.0483166 0.00622773
618 0.75294 0.0499006 0.00782507
619 0.75294 0.0464034 0.00673305
620 0.75294 0.0618504 0.00924886
621 0.75294 0.0498549 0.00644928
622 0.75294 0.0423308 0.00630457
623 0.75294 0.0499918 0.0068894
624 0.75294 0.0479847 0.00711481
625 0.75294 0.0509749 0.00724694
626 0.75294 0.0476078 0.00693616
627 0.75294 0.0539869 0.00674176
628 1 0.049412 0.0118223
628 0.40418 0.049108 0.007105
629 0.45424 0.0549508 0.00832382
630 0.4762 0.0503142 0.00783085
631 0.4762 0.0433722 0.00664458
632 0.4762 0.0597677 0.00977314
633 0.4762 0.0549462 0.00848323
634 0.4762 0.0421292 0.00561864
635 0.4762 0.0454727 0.0067547
636 0.4762 0.0653664 0.010647
637 0.4762 0.0549777 0.00866431
638 0.6861 0.0523162 0.00997284
639 0.6861 0.0523783 0.0089346
640 0.6861 0.0497026 0.00730731
641 0.6861 0.0472228 0.00742193
642 0.6861 0.0481597 0.00778213
643 0.6861 0.0498416 0.00759687
644 0.6861 0.0470504 0.00736993
645 0.6861 0.0492141 0.00826746
646 0.6861 0.0445696 0.00621518
647 0.6861 0.0549398 0.00889871
648 0.6861 0.0539744 0.00873566
649 0.6861 0.0442317 0.00652668
650 0.6861 0.0535203 0.00711781
651 0.6861 0.0517214 0.0101959
652 0.6861 0.0455357 0.00790609
653 0.6861 0.0571997 0.0074518
654 0.6861 0.0538297 0.00868481
655 0.6861 0.0434787 0.00593527
656 0.6861 0.0561131 0.00963172
657 0.6861 0.0624064 0.0110371
658 0.6861 0.060092 0.0102188
659 0.6861 0.058146 0.0103034
660 0.6861 0.0509653 0.00830741
661 0.6861 0.0412523 0.00564406
662 0.6861 0.0559426 0.00902323
663 0.6861 0.0675824 0.0140252
664 0.6861 0.0644109 0.0109126
665 0.6861 0.0524079 0.00972183
666 0.6861 0.0712669 0.0125716
667 0.6861 0.0604836 0.0111035
668 0.6861 0.0605301 0.010859
669 0.6861 0.0552715 0.0105708
670 0.6861 0.0512004 0.00907332
671 0.6861 0.053687 0.00971689
672 0.6861 0.0602196 0.0121266
673 0.6861 0.0660017 0.0119773
674 0.6861 0.0583922 0.00999972
675 0.6861 0.0514497 0.00792504
676 0.6861 0.04152 0.00605888
677 0.6861 0.0589654 0.0104557
678 0.6861 0.0504617 0.00931758
679 0.6861 0.0675686 0.0140601
680 0.6861 0.064139 0.0122488
681 0.6861 0.0684205 0.0134843
682 0.6861 0.0740627 0.0148056
683 0.6861 0.0700427 0.0150905
684 0.6861 0.0589853 0.0104301
685 0.6861 0.0714975 0.015539
686 0.6861 0.0587613 0.0133193
687 0.6861 0.054274 0.00975745
688 0.6861 0.0465224 0.00802226
689 0.6861 0.0542421 0.0102222
690 0.6861 0.0492814 0.00796926
691 0.6861 0.0582781 0.0109119
692 0.6861 0.0440568 0.00655641
693 0.6861 0.071911 0.01398
694 0.6861 0.0537668 0.0104592
695 0.6861 0.0539032 0.00921994
696 0.6861 0.0547536 0.008624
697 0.6861 0.0481529 0.00821569
698 0.6861 0.0606553 0.010114
699 0.6861 0.056365 0.00895396
700 0.6861 0.0664683 0.0124993
701 0.6861 0.0533259 0.00928637
702 0.6861 0.0457559 0.00688387
703 0.6861 0.0550406 0.00695885
704 0.6861 0.0564278 0.00927366
705 0.6861 0.0606269 0.0093562
706 0.6861 0.0404106 0.00643197
707 0.6861 0.0613986 0.0131866
708 0.6861 0.0589475 0.0106392
709 0.6861 0.0632068 0.0118528
710 0.6861 0.0548442 0.0085021
711 0.6861 0.0451964 0.0083489
712 0.6861 0.0444363 0.00807882
713 0.6861 0.0596311 0.0105026
714 0.6861 0.0563916 0.0100412
715 0.6861 0.0506983 0.00780888
716 0.6861 0.0550187 0.00977032
717 0.6861 0.056528 0.0100795
718 0.6861 0.0585164 0.0102969
719 0.6861 0.0433513 0.00600102
720 0.6861 0.04668 0.00679399
721 0.6861 0.0486534 0.00723089
722 0.6861 0.0562732 0.00768065
723 0.6861 0.0545558 0.00931372
724 0.6861 0.0490708 0.00817625
725 0.6861 0.0520329 0.00888049
726 0.6861 0.0414111 0.0072817
727 0.6861 0.0466118 0.00665483
728 0.6861 0.0507963 0.00796697
729 0.6861 0.0492589 0.00722289
730 0.6861 0.0401139 0.00589388
731 0.6861 0.049372 0.006383
732 0.6861 0.040307 0.00586408
733 0.6861 0.0422928 0.0060914
734 0.6861 0.0455168 0.00798619
735 0.6861 0.0572631 0.00997302
736 0.6861 0.0520184 0.00977759
737 0.79778 0.0504087 0.0109647
738 0.79778 0.0679743 0.0134079
739 0.79778 0.0436402 0.00696227
740 0.80366 0.0566893 0.0108127
741 0.80366 0.0533451 0.00969931
742 0.80366 0.068181 0.0148329
743 0.80366 0.0650924 0.0141082
744 0.80366 0.0647513 0.0121489
745 0.80366 0.0536312 0.0105865
746 0.80366 0.0548768 0.0108592
747 0.80366 0.0508474 0.00877234
748 0.80366 0.0530121 0.0115759
749 0.80366 0.0430132 0.00805921
750 0.80366 0.0519161 0.0104491
751 0.80366 0.0582282 0.0104064
752 0.80366 0.0520948 0.0102645
753 0.80366 0.0441898 0.00809495
754 0.80366 0.0667175 0.0137038
755 0.80366 0.0578493 0.00989958
756 0.80366 0.0508049 0.00889624
757 0.80366 0.0530348 0.00978271
758 0.80366 0.0555148 0.0109392
759 0.80366 0.0588819 0.0128168
760 0.80366 0.0545545 0.00937227
761 0.80366 0.0435664 0.0067157
762 0.80366 0.0411258 0.00533263
763 0.80366 0.0560858 0.00954099
764 0.80366 0.0528172 0.00969161
765 0.80366 0.0575918 0.0103244
766 0.80366 0.0474621 0.00805282
767 0.80366 0.056301 0.010272
768 0.80366 0.055558 0.0120383
769 0.80366 0.0600175 0.0118144
770 0.80366 0.0600528 0.012239
771 0.80366 0.0489897 0.00953495
772 0.80366 0.0665523 0.0122258
773 0.80366 0.0624789 0.0125049
774 0.80366 0.0628107 0.0118163
775 0.80366 0.0571357 0.010744
776 0.80366 0.0630098 0.0124696
777 0.80366 0.0509037 0.0076821
778 0.80366 0.0515593 0.00958764
779 0.80366 0.0589958 0.0109293
780 0.80366 0.0520102 0.00835386
781 0.80366 0.0558609 0.00865534
782 0.80366 0.0497469 0.00802719
783 0.80366 0.0607568 0.0121643
784 0.80366 0.0508341 0.00765976
785 0.80366 0.0465685 0.00863899
786 0.80366 0.0527722 0.00839264
787 0.80366 0.053461 0.00809919
788 0.80366 0.0602737 0.00943208
789 0.80366 0.0517814 0.00705158
790 0.80366 0.0599915 0.00966523
791 0.80366 0.0500518 0.0091456
792 0.80366 0.0442663 0.00729267
793 0.80366 0.0575048 0.00966245
794 0.80366 0.052953 0.00967694
795 0.80366 0.0472975 0.00814979
796 0.80366 0.0556379 0.0118334
797 0.80366 0.0493755 0.00705348
798 0.80366 0.0515557 0.0102756
799 0.80366 0.0512292 0.00998762
800 0.80366 0.063795 0.0113734
801 0.80366 0.0678298 0.0143722
802 0.80366 0.0681591 0.0130748
803 0.80366 0.0702004 0.0132325
804 1 0.0755033 0.0178712
804 0.58281 0.0684128 0.0116984
805 0.58281 0.0641759 0.0108242
806 0.58281 0.0654243 0.0132976
807 0.58281 0.0600947 0.0115133
808 0.58281 0.0637727 0.0119479
809 0.58281 0.0591428 0.0121148
810 0.58281 0.0626038 0.0125488
811 0.58281 0.0569942 0.0108908
812 0.58281 0.061272 0.0128564
813 0.58281 0.063442 0.0105303
814 0.58281 0.0459022 0.00732574
815 0.58281 0.0490216 0.00692781
816 0.58281 0.0598067 0.0109791
817 0.58281 0.0566817 0.0104302
818 0.58281 0.0578215 0.0117838
819 1 0.0593984 0.0161572
819 0.56221 0.0612565 0.0124109
820 0.56221 0.0444021 0.00732204
821 0.56221 0.0657974 0.0127671
822 0.66077 0.0599379 0.0131256
823 0.66077 0.0614144 0.0121535
824 0.66077 0.0590829 0.0130041
825 0.66077 0.0488913 0.0106694
826 0.66077 0.0616682 0.0127722
827 0.66077 0.0595142 0.0100486
828 0.66077 0.058638 0.0121254
829 0.66077 0.0574918 0.00987983
830 0.66077 0.0475787 0.00783977
831 0.90889 0.0812807 0.0192015
832 0.90889 0.0606651 0.0134105
833 0.90889 0.0702619 0.0123826
834 0.90889 0.0691472 0.0144772
835 0.90889 0.0700022 0.0122004
836 0.90889 0.0598007 0.0126406
837 0.90889 0.0585905 0.011347
838 0.90889 0.0558847 0.0120257
839 0.90889 0.0603721 0.0127572
840 0.90889 0.0587329 0.0111548
841 0.90889 0.060921 0.00931419
842 0.90889 0.0581956 0.0120345
843 0.90889 0.0493486 0.00800387
844 0.90889 0.0436881 0.00728114
845 0.90889 0.0575355 0.0108348
846 0.90889 0.0687932 0.0118549
847 0.90889 0.0551868 0.00990483
848 0.90889 0.0584063 0.0116975
849 0.90889 0.0699191 0.0117081
850 0.90889 0.0566842 0.00978149
851 0.90889 0.0633701 0.012167
852 0.90889 0.0493995 0.00884664
853 0.90889 0.0563349 0.0101896
854 0.90889 0.0524292 0.00987071
855 0.90889 0.0711338 0.0146961
856 0.90889 0.0618946 0.0112967
857 0.90889 0.0532957 0.0120617
858 0.90889 0.0593638 0.0126533
859 0.90889 0.0645193 0.0133851
860 0.90889 0.0516729 0.00904977
861 0.90889 0.0624603 0.0111926
862 0.90889 0.0529918 0.00943499
863 0.90889 0.0530591 0.00959065
864 0.90889 0.0638835 0.0110145
865 0.90889 0.0592592 0.00989205
866 0.90889 0.0609393 0.0101267
867 0.90889 0.049485 0.00944897
868 0.90889 0.0562367 0.00955355
869 0.90889 0.0565952 0.0121246
870 0.90889 0.0474328 0.00835361
871 0.90889 0.0575974 0.00932303
872 0.90889 0.0503333 0.00735844
873 0.90889 0.0620303 0.012374
874 0.90889 0.0474205 0.00866874
875 0.90889 0.0736469 0.0163649
876 0.90889 0.0718698 0.0147317
877 0.90889 0.0680526 0.0146619
878 0.90889 0.0753509 0.017077
879 0.90889 0.0730932 0.0160902
880 0.90889 0.0665939 0.0143118
881 0.90889 0.0756847 0.0167763
882 0.90889 0.0669578 0.0138207
883 0.90889 0.0465234 0.00852107
884 0.90889 0.0636427 0.0151331
885 0.90889 0.0528733 0.010649
886 0.90889 0.0599263 0.0129056
887 0.90889 0.0794439 0.0181177
888 0.90889 0.0654494 0.0132719
889 0.90889 0.0811949 0.0163757
890 0.90889 0.0648568 0.0120274
891 0.90889 0.0634358 0.0133155
892 0.90889 0.0689992 0.0151509
893 0.90889 0.0807855 0.0169454
894 0.90889 0.0689008 0.0136128
895 0.90889 0.06953 0.0158865
896 0.90889 0.0713339 0.0151826
897 0.90889 0.0700086 0.0146574
898 0.90889 0.0698914 0.0143256
899 0.90889 0.0562197 0.00992631
900 0.90889 0.0757068 0.0159104
901 0.90889 0.0662768 0.0129977
902 0.90889 0.0715824 0.0145879
903 0.90889 0.0590228 0.010362
904 0.90889 0.0512972 0.00894037
905 0.90889 0.0634749 0.0118832
906 1 0.0666304 0.0143892
906 0.4762 0.0632797 0.0107396
907 0.4762 0.0524435 0.00795625
908 0.50794 0.0722148 0.0150326
909 0.50794 0.0629974 0.0125412
910 0.53033 0.0500226 0.00960337
911 0.53033 0.0556631 0.00816174
912 0.53033 0.0501344 0.00748616
913 0.56297 0.0508107 0.00836441
914 0.56297 0.0526217 0.00893635
915 0.6608 0.0604787 0.010834
916 0.6608 0.0596141 0.0106357
917 0.6608 0.0420368 0.00674356
918 0.6608 0.0625908 0.0105719
919 0.6608 0.0584112 0.0112439
920 0.6608 0.0546661 0.0106653
921 0.6608 0.050227 0.0083443
922 0.6608 0.0550029 0.0101994
923 0.6608 0.0684569 0.0114931
924 0.6608 0.0614959 0.0120584
925 0.6608 0.0610512 0.0110084
926 0.6608 0.056668 0.0106765
927 0.6608 0.0683197 0.0133601
928 0.6608 0.0544785 0.00975725
929 0.6608 0.0612739 0.0100352
930 0.6608 0.0715169 0.0166878
931 0.6608 0.0626709 0.0137743
932 0.6608 0.0534293 0.0091205
933 1 0.0656491 0.0156093
933 0.4762 0.066416 0.0125788
934 0.4762 0.0622648 0.0129902
935 0.4762 0.0573894 0.0094289
936 0.58143 0.0605424 0.0125292
937 0.58143 0.0551619 0.00882081
938 0.58143 0.0628684 0.0112636
939 0.58143 0.0665082 0.0129996
940 0.58143 0.0699885 0.0133791
941 0.58143 0.0657583 0.0118829
942 0.58143 0.0664271 0.012698
943 0.58143 0.0732655 0.0149685
944 0.58143 0.0752613 0.0161958
945 0.58143 0.0756502 0.0151638
946 0.58143 0.0685641 0.014605
947 0.58143 0.0753971 0.0166419
948 0.69842 0.070683 0.0170357
949 0.69842 0.0535503 0.00980244
950 0.69842 0.057694 0.0103111
951 0.69842 0.0605796 0.0103236
952 0.69842 0.0623985 0.0126671
953 0.69842 0.0695122 0.014135
954 0.69842 0.0656626 0.0114365
955 0.69842 0.0644772 0.013898
956 0.69842 0.0641265 0.0116672
957 0.69842 0.0630551 0.0113119
958 0.69842 0.0632681 0.0122357
959 0.69842 0.0622626 0.0121953
960 0.69842 0.0713428 0.0146496
961 0.69842 0.0764905 0.0160406
962 0.69842 0.0749851 0.0154564
963 0.69842 0.0613941 0.0131758
964 0.69842 0.0728525 0.0133974
965 0.69842 0.0664298 0.0130906
966 0.69842 0.064924 0.0127319
967 0.69842 0.0541539 0.0112653
968 0.69842 0.0571475 0.0118723
969 0.69842 0.0614345 0.0130809
970 0.69842 0.062777 0.0135093
971 0.69842 0.0521766 0.0094575
972 0.69842 0.0548329 0.0108169
973 0.69842 0.0539513 0.0118057
974 0.69842 0.0610715 0.0119681
975 0.69842 0.0687936 0.0151434
976 0.69842 0.0528511 0.0103281
977 0.69842 0.0615323 0.0122515
978 0.69842 0.048355 0.00783852
979 0.69842 0.0652132 0.0135937
980 0.69842 0.0534932 0.00977283
981 0.69842 0.0482594 0.00773666
982 0.69842 0.0599617 0.012313
983 0.69842 0.0522065 0.00897828
984 0.69842 0.0525085 0.00985056
985 0.69842 0.0546081 0.0085812
986 0.69842 0.0524211 0.00913706
987 0.69842 0.0527753 0.0106839
988 0.69842 0.0556703 0.0104971
989 0.69842 0.0672861 0.012586
990 0.69842 0.055069 0.0106591
991 0.69842 0.0711465 0.0142532
992 0.69842 0.0514952 0.0111967
993 0.69842 0.0488977 0.00841812
994 0.69842 0.0559569 0.0109266
995 0.69842 0.0511361 0.0087804
996 0.69842 0.0705922 0.0130903
997 0.69842 0.0647628 0.0103819
998 0.69842 0.0553355 0.0118922
999 0.69842 0.0563599 0.0105124
1000 0.69842 0.07519 0.017071
1000 0.51794 0.0738563 0.0154697
1000 0.56556 0.0650172 0.013684
1000 0.52381 0.0653291 0.0130331
1000 0.4762 0.0641596 0.0121887
1000 0.51794 0.0659179 0.0135648
