0 0.22271 0.0315625 0.00263096
1 0.34485 0.0188844 0.00165613
2 0.34485 0.0247765 0.00263948
3 0.34485 0.0309943 0.00334425
4 0.34485 0.0291443 0.00266895
5 0.34485 0.0248045 0.00204942
6 0.34485 0.0222528 0.00200882
7 0.34485 0.0291812 0.00321163
8 0.34485 0.0385871 0.00373464
9 0.34485 0.0288735 0.0035519
10 0.34485 0.040531 0.00464638
11 0.34485 0.0401595 0.00411736
12 0.34485 0.0365201 0.00351943
13 0.34485 0.0362076 0.00393063
14 0.34485 0.0368659 0.00404316
15 0.34485 0.0333347 0.00309672
16 0.34485 0.0305918 0.00260176
17 0.34485 0.0320889 0.00358861
18 0.34485 0.0364575 0.00367825
19 0.34485 0.0314831 0.00322746
20 0.34485 0.0393662 0.00430693
21 0.34485 0.0397541 0.00465822
22 0.34485 0.034029 0.00388929
23 0.34485 0.0333795 0.00344338
24 0.34485 0.033854 0.00329856
25 0.34485 0.0313062 0.00298648
26 0.34485 0.0385128 0.00343981
27 0.34485 0.0382033 0.00409945
28 0.34485 0.0366006 0.00403142
29 0.34485 0.0356442 0.00381585
30 0.35938 0.0383033 0.00406074
31 0.35938 0.0330431 0.00309769
32 0.35938 0.0355729 0.00379419
33 0.36422 0.0345719 0.00412918
34 0.36422 0.0362984 0.00378637
35 0.36422 0.0397504 0.00437877
36 0.36422 0.0313983 0.00346295
37 0.36422 0.0248096 0.00218181
38 0.46408 0.0447894 0.00635259
39 0.46408 0.0390101 0.00428309
40 0.46408 0.0409304 0.00542028
41 0.46408 0.041277 0.00488844
42 0.53896 0.0387809 0.00543829
43 0.53896 0.0361929 0.0045535
44 0.53896 0.0333115 0.00419734
45 0.53896 0.0452327 0.00651719
46 0.53896 0.0337059 0.00403691
47 0.53896 0.0413675 0.00573778
48 0.53896 0.0428472 0.00607037
49 0.53896 0.0459803 0.00575348
50 0.53896 0.050439 0.00779333
51 0.543 0.0475995 0.00750701
52 0.543 0.0394218 0.00474122
53 0.543 0.0345744 0.00383621
54 0.543 0.046047 0.00642401
55 0.543 0.0504411 0.00657451
56 0.543 0.0549098 0.00781446
57 0.543 0.0630323 0.00946436
58 0.543 0.0405572 0.00508995
59 0.543 0.0499439 0.00705216
60 0.543 0.0574067 0.00955262
61 0.543 0.053846 0.0078151
62 0.543 0.0398411 0.00571096
63 0.543 0.0511122 0.00690646
64 0.543 0.053289 0.00915005
65 0.543 0.0552272 0.00863397
66 0.58138 0.0535224 0.00869756
67 0.58138 0.0434167 0.00645383
68 0.58138 0.0452835 0.00657579
69 0.58138 0.0508172 0.00702066
70 0.58143 0.0609721 0.00960693
71 0.58143 0.0500408 0.00877731
72 0.58143 0.0476346 0.00712071
73 0.58143 0.0520586 0.00951871
74 0.62647 0.0669656 0.0113552
75 0.62647 0.0526463 0.00640549
76 0.62647 0.0548727 0.00964839
77 0.62647 0.0497685 0.00846409
78 0.62647 0.06366 0.0125182
79 0.62647 0.0603063 0.0115967
80 0.62647 0.0527403 0.00748954
81 0.62647 0.0551227 0.00914422
82 0.62647 0.0552396 0.00866686
83 0.63624 0.0704979 0.0140203
84 0.63624 0.0410762 0.00490921
85 0.63624 0.0531101 0.0071807
86 0.63624 0.0457762 0.0074446
87 0.63624 0.0522541 0.00879007
88 0.63624 0.0416451 0.00539849
89 0.63624 0.0644494 0.00985374
90 0.63624 0.0543592 0.00837246
91 0.63624 0.0518956 0.00847397
92 0.63624 0.0577763 0.010838
93 0.63624 0.0605861 0.011392
94 0.63624 0.0553709 0.00900378
95 0.63624 0.058589 0.00877283
96 0.63624 0.0486731 0.0074377
97 0.63624 0.0427086 0.00712902
98 0.63624 0.0544556 0.00948068
99 0.63624 0.0615102 0.0123944
100 0.63624 0.0487031 0.00710911
101 0.63624 0.0473042 0.00774415
102 0.63624 0.0494951 0.00755099
103 0.63624 0.0384228 0.0063771
104 0.63624 0.049752 0.00849103
105 0.63624 0.0550771 0.00765637
106 0.63624 0.0616713 0.0107267
107 0.63624 0.0507704 0.00681885
108 0.63624 0.0585286 0.0124703
109 0.70107 0.0498779 0.0084805
110 0.70107 0.0609899 0.0098467
111 0.70107 0.056381 0.00993902
112 0.70107 0.0506233 0.00808356
113 0.70107 0.0456698 0.00912489
114 0.70107 0.0496944 0.00899153
115 0.70107 0.0393888 0.00598661
116 0.70107 0.0589243 0.0102161
117 0.80366 0.0579863 0.0106221
118 0.80366 0.056332 0.00977438
119 0.80366 0.0515708 0.00956049
120 0.80366 0.0541926 0.00961548
121 0.80366 0.0460091 0.00827183
122 1 0.0567252 0.0138378
122 0.45999 0.0410692 0.00702254
123 0.46884 0.0429166 0.00578578
124 0.58731 0.0495592 0.0105239
125 0.80953 0.0482744 0.0104324
126 0.80953 0.0500732 0.00804509
127 0.80953 0.0445864 0.00626551
128 0.80953 0.0537672 0.0100454
129 0.80953 0.0537758 0.0076862
130 0.80953 0.0571986 0.00940267
131 0.80953 0.0580892 0.0122983
132 1 0.0633056 0.0141505
132 1 0.0480703 0.0109944
132 0.60897 0.0564455 0.0115962
133 0.79778 0.0592331 0.0124845
134 1 0.0642757 0.0150397
134 1.01 0.0553922 0.0136075
134 1 0.0652994 0.0164054
134 1.01 0.0594318 0.0155579
134 0.4762 0.0559762 0.0114296
135 0.4762 0.0604936 0.0105481
136 0.50593 0.0397857 0.00550717
137 1.01 0.0678064 0.0166081
137 0.64431 0.0695122 0.0140919
138 0.64431 0.0586202 0.0130804
139 0.64431 0.0484809 0.00860886
140 0.64431 0.051468 0.00897945
141 0.64431 0.0500086 0.0081519
142 0.64431 0.0627183 0.0120836
143 0.64431 0.0704802 0.0154192
144 0.64431 0.062591 0.0125421
145 0.64431 0.0565413 0.0100346
146 0.64431 0.0645892 0.0118206
147 0.64431 0.0475502 0.00814258
148 0.64431 0.058448 0.0111805
149 0.64431 0.063602 0.0101986
150 0.64431 0.0599809 0.0111253
151 0.64431 0.0680032 0.0106527
152 0.64431 0.0627482 0.0122893
153 0.79778 0.0625404 0.0153338
154 0.79778 0.0502332 0.00862552
155 0.79778 0.0647662 0.0119071
156 0.79778 0.0566786 0.00854033
157 0.79778 0.0582754 0.0108803
158 0.79778 0.0557558 0.00998483
159 0.79778 0.0579935 0.01167
160 0.79778 0.0434973 0.00778409
161 0.79778 0.0536382 0.00958804
162 0.79778 0.0590273 0.0102374
163 0.79778 0.0530476 0.00918709
164 1.01 0.0549629 0.0132226
164 0.45959 0.0454509 0.00671031
165 0.46611 0.0439107 0.00627066
166 0.47032 0.0579692 0.0105212
167 0.47032 0.0499784 0.00924723
168 0.58731 0.0448959 0.0073335
169 0.58731 0.0647036 0.0110774
170 0.58731 0.0548959 0.00926101
171 0.58731 0.0472184 0.00834661
172 0.58731 0.0632767 0.0128162
173 0.58731 0.057849 0.011366
174 0.58731 0.0612905 0.0106736
175 0.58731 0.055437 0.0106807
176 0.58731 0.060109 0.0117015
177 0.58731 0.0525457 0.00869167
178 0.58731 0.0582022 0.0121307
179 0.58731 0.0562333 0.00882995
180 0.58731 0.0525548 0.0106529
181 0.58731 0.0606059 0.00987015
182 0.58731 0.0607752 0.010795
183 0.58731 0.0582182 0.00981438
184 0.58731 0.0565963 0.0110231
185 0.58731 0.0599795 0.0122123
186 0.58731 0.0609395 0.00968759
187 0.58731 0.0556455 0.00868708
188 0.58731 0.0583744 0.0101592
189 0.58731 0.050811 0.00790072
190 0.58731 0.0476618 0.00701301
191 0.61477 0.0538674 0.00945289
192 0.61477 0.053778 0.00950536
193 0.61477 0.0445302 0.00896232
194 0.61477 0.0508602 0.00914993
195 0.61477 0.0533276 0.00880088
196 0.61477 0.0445568 0.00717521
197 0.61477 0.0489875 0.00751294
198 0.61477 0.0409578 0.00609659
199 0.61477 0.0595338 0.0100938
200 0.61477 0.0462803 0.00771541
201 0.61477 0.0409433 0.0064035
202 0.61477 0.0519734 0.00795512
203 0.61477 0.0592234 0.00878164
204 0.61477 0.0502441 0.00837148
205 0.61477 0.0503609 0.00821158
206 0.61477 0.0603015 0.00918831
207 0.61477 0.0516211 0.00867856
208 0.61477 0.0527928 0.00915598
209 0.61477 0.058275 0.00966081
210 0.61477 0.0526091 0.00862676
211 0.61477 0.0484244 0.00811327
212 0.61477 0.0479353 0.00728815
213 0.61477 0.0436949 0.00633433
214 0.61477 0.0536576 0.00880328
215 0.61477 0.0511623 0.0095921
216 0.61477 0.051857 0.00800958
217 0.61477 0.0500688 0.0081752
218 0.61477 0.0637115 0.0125346
219 0.61477 0.0581627 0.0101279
220 0.61477 0.0501485 0.00880469
221 0.61477 0.0524264 0.00853028
222 0.61477 0.0549918 0.00991855
223 0.61477 0.0468973 0.00772123
224 0.61477 0.0549565 0.00985053
225 0.61477 0.0449573 0.0072858
226 0.61477 0.0566464 0.0100045
227 0.61477 0.0481832 0.00846535
228 0.61477 0.0576935 0.0103589
229 0.61477 0.0612311 0.0123839
230 0.61477 0.0577544 0.00982858
231 0.65545 0.0614404 0.0128346
232 0.65545 0.0441713 0.00625025
233 0.65545 0.060434 0.0106461
234 0.65545 0.0635831 0.0104226
235 0.65545 0.0571057 0.0128273
236 0.65545 0.0463679 0.00761437
237 0.65545 0.0582101 0.0106272
238 0.65545 0.0514492 0.00967009
239 0.65545 0.050807 0.00898601
240 0.65545 0.056272 0.00878162
241 0.65545 0.0541221 0.00980589
242 0.65545 0.0469407 0.00803749
243 0.65545 0.0488435 0.00923108
244 0.65545 0.066629 0.0115272
245 0.65545 0.0574898 0.00907849
246 0.65545 0.0711527 0.0156394
247 0.65545 0.0490293 0.00708955
248 0.65545 0.0536526 0.00939
249 0.65545 0.0547961 0.0114624
250 0.65545 0.0511381 0.00971286
251 0.65545 0.0581775 0.0122309
252 0.65545 0.063121 0.0137499
253 0.65545 0.0577009 0.00975223
254 0.65545 0.0528184 0.00868513
255 0.65545 0.053682 0.00885155
256 0.65545 0.0701145 0.0130407
257 0.65545 0.0638162 0.0118436
258 0.65545 0.050927 0.00819597
259 0.65545 0.047131 0.00789679
260 0.65545 0.0552931 0.0109576
261 0.65545 0.051432 0.00981744
262 0.65545 0.0561713 0.0102907
263 0.65545 0.0574651 0.0101009
264 0.65545 0.0546014 0.00824207
265 0.65545 0.0568768 0.0111531
266 0.65545 0.0424617 0.00841266
267 0.65545 0.0538825 0.0104225
268 0.65545 0.0671936 0.0123647
269 0.65545 0.0594814 0.00936316
270 0.65545 0.0605842 0.00832027
271 0.65545 0.0522235 0.00957476
272 0.65545 0.0534323 0.00904587
273 0.65545 0.0615188 0.00928909
274 0.65545 0.0534739 0.0086125
275 0.65545 0.0573934 0.0109739
276 0.65545 0.064862 0.0109331
277 0.65545 0.0494969 0.00838171
278 0.65545 0.0536775 0.00945831
279 0.65545 0.05325 0.00953856
280 0.65545 0.0509953 0.0103472
281 0.65545 0.0518675 0.00910955
282 0.65545 0.059593 0.0103207
283 0.65545 0.0596502 0.0102527
284 0.65545 0.0556028 0.00786514
285 0.65545 0.0546942 0.0106412
286 0.65545 0.0544309 0.00898906
287 0.65545 0.0567068 0.00882145
288 0.65545 0.0618966 0.0109066
289 0.65545 0.0479994 0.00746052
290 0.65545 0.0619096 0.00974529
291 0.65545 0.0582953 0.0107389
292 0.65545 0.0507689 0.00857268
293 0.65545 0.0481074 0.00837605
294 0.65545 0.0700278 0.0123711
295 0.65545 0.0585527 0.0103522
296 0.65545 0.0529575 0.010256
297 0.65545 0.0578074 0.0112269
298 0.65545 0.0514807 0.0088966
299 0.65545 0.0466315 0.00816284
300 0.65545 0.0526403 0.00869318
301 0.65545 0.0555057 0.00809643
302 0.65545 0.051462 0.00908139
303 0.65545 0.0528246 0.00957254
304 0.65545 0.0596593 0.0105074
305 0.65545 0.0641679 0.0119277
306 0.65545 0.0564406 0.0113668
307 0.65545 0.0470208 0.00737897
308 0.65545 0.0520174 0.00854107
309 0.65545 0.047161 0.00656919
310 0.65545 0.0421394 0.00602437
311 1 0.0531751 0.01229
311 0.8809 0.0589939 0.0141165
312 0.8809 0.059084 0.00939765
313 0.8809 0.0565957 0.00856763
314 0.8809 0.0585855 0.00974027
315 0.8809 0.0589445 0.0110144
316 0.8809 0.0573272 0.00948881
317 0.8809 0.0632045 0.0122193
318 0.8809 0.0581779 0.00915379
319 0.8809 0.0580283 0.00912837
320 0.8809 0.0459069 0.00658923
321 0.8809 0.05375 0.00828983
322 0.8809 0.048756 0.00650183
323 0.8809 0.0427656 0.00608358
324 0.8809 0.059217 0.00927568
325 0.8809 0.0567865 0.008446
326 0.8809 0.0624393 0.0107749
327 0.8809 0.0580413 0.0110813
328 0.8809 0.0581599 0.00989733
329 0.8809 0.0459688 0.0079024
330 0.8809 0.0462185 0.00577312
331 0.8809 0.0425546 0.0063687
332 0.8809 0.0594366 0.01148
333 0.8809 0.0599891 0.0105058
334 0.8809 0.0574935 0.00983858
335 0.8809 0.0495136 0.00655129
336 0.8809 0.0594109 0.010661
337 0.8809 0.0482705 0.00681096
338 0.8809 0.0537913 0.00731967
339 0.8809 0.0507144 0.00885334
340 0.8809 0.0568181 0.0101487
341 0.8809 0.0547646 0.0105698
342 0.8809 0.0540193 0.00796122
343 0.8809 0.050859 0.00860785
344 0.8809 0.052237 0.00758934
345 0.8809 0.0504628 0.00944383
346 0.8809 0.0629144 0.0109897
347 0.8809 0.0621933 0.0101988
348 0.8809 0.0650272 0.0121384
349 0.8809 0.0531087 0.01051
350 0.8809 0.0555922 0.00992536
351 0.8809 0.057704 0.00943362
352 0.8809 0.0535967 0.00930769
353 0.8809 0.0534757 0.00873278
354 0.8809 0.0645763 0.0110498
355 0.8809 0.0553445 0.00869943
356 0.8809 0.0581212 0.0114061
357 0.8809 0.0543625 0.00836914
358 0.8809 0.0597724 0.0111733
359 0.8809 0.0591542 0.00979846
360 0.8809 0.0467946 0.00734052
361 0.8809 0.0569385 0.00907277
362 0.8809 0.0540206 0.00956768
363 0.8809 0.0500624 0.00740168
364 0.8809 0.051948 0.00759301
365 0.8809 0.0477836 0.0071524
366 0.8809 0.0494595 0.00743552
367 0.8809 0.0535408 0.00851497
368 0.8809 0.0564265 0.00984378
369 0.8809 0.0467354 0.00791812
370 0.8809 0.0517442 0.0072016
371 0.8809 0.0566984 0.0104598
372 1.01 0.0547142 0.0143052
373 1.01 0.0485236 0.0081707
374 1.01 0.0512716 0.00896597
375 1.01 0.050419 0.00921081
376 1.01 0.0513995 0.00856142
377 1.01 0.0472371 0.00878526
378 1.01 0.0598626 0.0116533
379 1.01 0.0550628 0.00957299
380 1.01 0.0423518 0.006599
381 1.01 0.0504665 0.00766144
382 1.01 0.0573436 0.00778717
383 1.01 0.0570695 0.00876382
384 1.01 0.0532269 0.00782568
385 1.01 0.0510281 0.00902772
386 1.01 0.0537247 0.00933628
387 1.01 0.0478494 0.0103253
388 1.01 0.0447822 0.00684089
389 1.01 0.0547037 0.00726033
390 1.01 0.052795 0.00896023
391 1.01 0.0520903 0.00792674
392 1.01 0.0576326 0.00981547
393 1.01 0.051002 0.00831664
394 1.01 0.0543974 0.00951734
395 1.01 0.0512 0.00769345
396 1.01 0.0684666 0.0131653
397 1.01 0.0560604 0.00974015
398 1.01 0.0588009 0.0109193
399 1.01 0.0609874 0.0111115
400 1.01 0.0625148 0.0107567
401 1.01 0.0572343 0.00934288
402 1.01 0.0524251 0.00891113
403 1.01 0.051639 0.00828969
404 1.01 0.0430626 0.00638552
405 1.01 0.0463647 0.00657016
406 1.01 0.0430028 0.00517274
407 1.01 0.0468662 0.00703344
408 1.01 0.0493336 0.00729906
409 1.01 0.0547195 0.0100891
410 1.01 0.0468435 0.00634761
411 1.01 0.0614558 0.01243
412 1.01 0.0490353 0.00717082
413 1.01 0.0663722 0.0112582
414 1.01 0.0599896 0.0101796
415 1.01 0.0606812 0.00909269
416 1.01 0.0472885 0.00850017
417 1.01 0.0557449 0.00881772
418 1.01 0.0574349 0.0105727
419 1.01 0.0475151 0.00710102
420 1.01 0.046223 0.00775015
421 1.01 0.056494 0.0109593
422 1.01 0.067475 0.0122114
423 1.01 0.0474959 0.00657569
424 1.01 0.0602404 0.0099953
425 1.01 0.0484037 0.00687187
426 1.01 0.0535418 0.0100877
427 1.01 0.047158 0.00728623
428 1.01 0.0582616 0.0112202
429 1.01 0.0462956 0.00632088
430 1.01 0.0604484 0.01376
431 1.01 0.0525153 0.00875243
432 1.01 0.048862 0.00812211
433 1.01 0.0449086 0.00751208
434 1.01 0.0554173 0.00932801
435 1.01 0.0486507 0.00721019
436 1.01 0.0440596 0.00797581
437 1.01 0.0507927 0.00757371
438 1.01 0.0466472 0.00643979
439 1.01 0.0465582 0.00685968
440 1.01 0.0673531 0.0108454
441 1.01 0.0640398 0.0109952
442 1.01 0.0627484 0.0124601
443 1.01 0.0701472 0.0113932
444 1.01 0.0579936 0.0126787
445 1.01 0.0594248 0.010199
446 1.01 0.0562884 0.0120917
447 1.01 0.0435574 0.00672437
448 1.01 0.0483419 0.00889626
449 1.01 0.0548712 0.00912866
450 1.01 0.048175 0.00760568
451 1.01 0.0477044 0.00906434
452 1.01 0.0473406 0.00770117
453 1.01 0.0424999 0.00640866
454 1.01 0.0492129 0.00779664
455 1.01 0.055599 0.00934757
456 1.01 0.0477914 0.00685535
457 1.01 0.0640001 0.0121634
458 1.01 0.0548722 0.0107099
459 1.01 0.0533874 0.00988693
460 1.01 0.058139 0.0110425
461 1.01 0.0627993 0.0108007
462 1.01 0.0620121 0.0102868
463 1.01 0.0579387 0.00925923
464 1.01 0.0538583 0.00912829
465 1.01 0.063196 0.0106758
466 1.01 0.0689364 0.0141607
467 1.01 0.0632139 0.0103896
468 1.01 0.056514 0.011058
469 1.01 0.0621732 0.0106611
470 1.01 0.0542273 0.0103693
471 1.01 0.0570235 0.0100291
472 1.01 0.0571185 0.0112899
473 1.01 0.0670224 0.0139945
474 1.01 0.0613323 0.0118598
475 1.01 0.0553286 0.0107087
476 1.01 0.059304 0.0113973
477 1.01 0.0655285 0.0116401
478 1.01 0.0780023 0.0165595
479 1.01 0.064515 0.0125183
480 1.01 0.0667192 0.0133724
481 1.01 0.0450737 0.00709182
482 1.01 0.0555131 0.0110462
483 1.01 0.0475871 0.00812817
484 1.01 0.0595913 0.010667
485 1.01 0.0483821 0.01146
486 1.01 0.0498456 0.00916496
487 1.01 0.0685915 0.0134132
488 1.01 0.072179 0.0137712
489 1.01 0.0514146 0.00910475
490 1.01 0.0595651 0.0109276
491 1.01 0.0586181 0.0111719
492 1.01 0.066136 0.0158644
493 1.01 0.0583225 0.0111659
494 1.01 0.0620152 0.0121379
495 1.01 0.062276 0.0135501
496 1.01 0.0522325 0.010719
497 1.01 0.049311 0.0102972
498 1.01 0.056516 0.0109128
499 1.01 0.0544363 0.0107288
500 1.01 0.0600548 0.0101818
501 1.01 0.0590811 0.010085
502 1.01 0.0578384 0.0112979
503 1.01 0.0524615 0.00902021
504 1.01 0.0452047 0.00756454
505 1.01 0.0486519 0.00716171
506 1.01 0.0534411 0.00664766
507 1.01 0.049286 0.00815092
508 1.01 0.0494321 0.00742489
509 1.01 0.0561313 0.00986958
510 1.01 0.0445698 0.0085145
511 1.01 0.0547471 0.00953944
512 1.01 0.0484296 0.00754403
513 1.01 0.0573283 0.00939629
514 1.01 0.0426675 0.00636183
515 1.01 0.0527934 0.00923858
516 1.01 0.0488992 0.00722252
517 1.01 0.0564613 0.00933874
518 1.01 0.0542993 0.00884574
519 1.01 0.0468979 0.0063421
520 1.01 0.0417402 0.0057617
521 1.01 0.0536433 0.0105098
522 1.01 0.0459765 0.00558994
523 1.01 0.0474446 0.00646337
524 1.01 0.0511546 0.00818333
525 1.01 0.0455682 0.00562165
526 1.01 0.0360754 0.00485184
527 1.01 0.0478739 0.00766867
528 1.01 0.0493385 0.00809185
529 1.01 0.0444994 0.00717395
530 1.01 0.0554866 0.0102567
531 1.01 0.0489301 0.00773068
532 1.01 0.0575465 0.0125213
533 1.01 0.0532552 0.00923685
534 1.01 0.0578414 0.00933093
535 1.01 0.0479792 0.00673108
536 1.01 0.0457079 0.00706066
537 1.01 0.0485016 0.00777045
538 1.01 0.0528675 0.0070512
539 1.01 0.0456104 0.00675413
540 1.01 0.0533956 0.00760434
541 1.01 0.052783 0.00894445
542 1.01 0.055868 0.00920753
543 1.01 0.0576358 0.00910239
544 1.01 0.0462299 0.00701272
545 1.01 0.0583133 0.0103819
546 1.01 0.0509558 0.0078356
547 1.01 0.0472528 0.00700647
548 1.01 0.0511162 0.00778509
549 1.01 0.0572548 0.00887012
550 1.01 0.0582699 0.00976713
551 1.01 0.0596326 0.0106016
552 1.01 0.0562358 0.00942693
553 1.01 0.0513467 0.00881468
554 1.01 0.0562072 0.00826787
555 1.01 0.050429 0.007529
556 1.01 0.0596534 0.00965595
557 1.01 0.0600077 0.00928716
558 1.01 0.059799 0.0100962
559 1.01 0.0485861 0.00739769
560 1.01 0.054799 0.00971103
561 1.01 0.0504278 0.00867639
562 1.01 0.0432233 0.00562251
563 1.01 0.0535917 0.00833451
564 1.01 0.061664 0.0101006
565 1.01 0.0480946 0.00699598
566 1.01 0.0498941 0.00628329
567 1.01 0.0502992 0.00711267
568 1.01 0.0469397 0.00679218
569 1.01 0.0462681 0.00666752
570 1.01 0.0585304 0.0112824
571 1.01 0.0468735 0.00799918
572 1.01 0.056343 0.00904953
573 1.01 0.0536826 0.00848799
574 1.01 0.0559345 0.0104369
575 1.01 0.0551724 0.00938809
576 1.01 0.0542843 0.00915278
577 1.01 0.0459924 0.00731088
578 1.01 0.0398677 0.00584612
579 1.01 0.0484692 0.0085432
580 1.01 0.0492275 0.00822058
581 1.01 0.0548408 0.00946678
582 1.01 0.0572339 0.0103574
583 1.01 0.0467099 0.00754185
584 1.01 0.05167 0.0112353
585 1.01 0.0450448 0.00748808
586 1.01 0.0463611 0.00752582
587 1.01 0.046957 0.00944732
588 1.01 0.0660087 0.0136191
589 1.01 0.0560734 0.00887722
590 1.01 0.0555674 0.00930774
591 1.01 0.0425266 0.00802782
592 1.01 0.0698036 0.0138181
593 1.01 0.0597625 0.0115543
594 1.01 0.055528 0.0109625
595 1.01 0.0472873 0.00793301
596 1.01 0.0512095 0.0084453
597 1.01 0.0521061 0.00842862
598 1.01 0.055448 0.00954858
599 1.01 0.0632244 0.0107422
600 1.01 0.0566057 0.0095646
601 1.01 0.0528819 0.00864359
602 1.01 0.0529281 0.0087781
603 1.01 0.0505722 0.00771748
604 1.01 0.0559261 0.0110058
605 1.01 0.0509765 0.00890886
606 1.01 0.0602747 0.0121531
607 1.01 0.0637243 0.0129235
608 1.01 0.0497751 0.00920654
609 1.01 0.0508337 0.00921321
610 1.01 0.0523877 0.0095615
611 1.01 0.0657813 0.0124752
612 1.01 0.0464584 0.00842767
613 1.01 0.0535999 0.00904958
614 1.01 0.0532375 0.0103223
615 1.01 0.0564788 0.00828823
616 1.01 0.0493013 0.00706639
617 1.01 0.0485616 0.00793726
618 1.01 0.0500274 0.00840175
619 1.01 0.0511915 0.00766727
620 1.01 0.044611 0.00617901
621 1.01 0.0582638 0.00846377
622 1.01 0.0597304 0.00914028
623 1.01 0.0569048 0.00872866
624 1.01 0.0455829 0.00716538
625 1.01 0.0433836 0.00647139
626 1.01 0.043492 0.00728585
627 1.01 0.0564465 0.00946097
628 1.01 0.0418751 0.0060093
629 1.01 0.0458994 0.00783638
630 1.01 0.0589082 0.00977099
631 1.01 0.0571024 0.0141302
632 1.01 0.0549621 0.0116409
633 1.01 0.0526309 0.00755923
634 1.01 0.0510317 0.00790125
635 1.01 0.0574322 0.0106277
636 1.01 0.0528514 0.00963875
637 1.01 0.0608405 0.0112847
638 1.01 0.0584805 0.0127936
639 1.01 0.0608043 0.0108237
640 1.01 0.0588699 0.0100782
641 1.01 0.0512718 0.00813313
642 1.01 0.0467082 0.0077613
643 1.01 0.0653449 0.0134311
644 1.01 0.0775584 0.0198509
645 1.01 0.0590845 0.0114868
646 1.01 0.0510219 0.0142643
647 1.01 0.0635734 0.0178722
648 1.01 0.0556202 0.0155368
649 1.01 0.0522238 0.010348
650 1.01 0.0664148 0.0201155
651 1.01 0.056222 0.0142082
652 1.01 0.0434955 0.00998162
653 1.01 0.060505 0.0111882
654 1.01 0.0614862 0.0123972
655 1.01 0.0575488 0.0141992
656 1.01 0.0619615 0.0186253
657 1.01 0.054841 0.013413
658 1.01 0.0565442 0.0135472
659 1.01 0.0421989 0.00792645
660 1.01 0.0441548 0.00640899
661 1.01 0.0632737 0.0109423
662 1.01 0.0615877 0.0134974
663 1.01 0.0646649 0.0122654
664 1.01 0.0580527 0.0122706
665 1.01 0.0475028 0.00903548
666 1.01 0.0677468 0.0149322
667 1.01 0.0637006 0.0132352
668 1.01 0.075977 0.0160258
669 1.01 0.0663387 0.0126988
670 1.01 0.0659934 0.0131746
671 1.01 0.0540191 0.00966256
672 1.01 0.0873554 0.016882
673 1.01 0.0760633 0.0152526
674 1.01 0.0572912 0.0105235
675 1.01 0.0653047 0.0144562
676 1.01 0.0740807 0.0145899
677 1.01 0.0669432 0.0127571
678 1.01 0.0577237 0.0105435
679 1.01 0.057497 0.0110909
680 1.01 0.0620424 0.0128697
681 1.01 0.0516441 0.00981294
682 1.01 0.0639639 0.0137748
683 1.01 0.0584889 0.010853
684 1.01 0.0661573 0.0132533
685 1.01 0.0563677 0.0104552
686 1.01 0.0660712 0.0127609
687 1.01 0.0666166 0.0134783
688 1.01 0.0621066 0.0125101
689 1.01 0.0731139 0.0144193
690 1.01 0.0605173 0.00955546
691 1.01 0.0429815 0.00760184
692 1.01 0.0461681 0.00892935
693 1.01 0.0627069 0.012321
694 1.01 0.059148 0.0117345
695 1.01 0.0644003 0.0131688
696 1.01 0.0614381 0.0123692
697 1.01 0.0576227 0.0124095
698 1.01 0.05908 0.0131528
699 1.01 0.0659422 0.0118009
700 1.01 0.0570265 0.00959162
701 1.01 0.0679337 0.0131095
702 1.01 0.0726659 0.0142218
703 1.01 0.0613769 0.0118108
704 1.01 0.0620705 0.0102306
705 1.01 0.0650773 0.0114752
706 1.01 0.0670793 0.0117719
707 1.01 0.0689498 0.0138064
708 1.01 0.0698987 0.0142238
709 1.01 0.0590629 0.0113452
710 1.01 0.0702841 0.0120054
711 1.01 0.0756793 0.0137981
712 1.01 0.0674123 0.0116627
713 1.01 0.0636936 0.0112994
714 1.01 0.0564604 0.0101369
715 1.01 0.0650586 0.0121155
716 1.01 0.0588939 0.00961926
717 1.01 0.0573082 0.0102108
718 1.01 0.0591389 0.0104564
719 1.01 0.0548689 0.0103274
720 1.01 0.0522347 0.0102654
721 1.01 0.055502 0.0114979
722 1.01 0.0532931 0.00870823
723 1.01 0.0618991 0.0112261
724 1.01 0.0618785 0.0115697
725 1.01 0.0495826 0.00851136
726 1.01 0.0530286 0.00983166
727 1.01 0.0655355 0.0132878
728 1.01 0.0442208 0.00745508
729 1.01 0.0571479 0.0122667
730 1.01 0.0517426 0.0100668
731 1.01 0.0656406 0.0118873
732 1.01 0.0603301 0.0095604
733 1.01 0.0468371 0.00732302
734 1.01 0.0544331 0.00863869
735 1.01 0.0589822 0.00823863
736 1.01 0.0585194 0.010676
737 1.01 0.0664097 0.00975244
738 1.01 0.0632432 0.0116857
739 1.01 0.0677098 0.0124042
740 1.01 0.0604889 0.0105044
741 1.01 0.0597517 0.0115843
742 1.01 0.0648424 0.0133161
743 1.01 0.0607443 0.0117547
744 1.01 0.0664391 0.0132733
745 1.01 0.0557788 0.00901425
746 1.01 0.0643739 0.00988069
747 1.01 0.0667348 0.0122906
748 1.01 0.0758872 0.0170315
749 1.01 0.0631509 0.0135604
750 1.01 0.0657392 0.0139354
751 1.01 0.0737732 0.0161081
752 1.01 0.0731206 0.0143289
753 1.01 0.0604961 0.011255
754 1.01 0.072805 0.0120071
755 1.01 0.0643108 0.012414
756 1.01 0.0639004 0.012041
757 1.01 0.0625359 0.0114315
758 1.01 0.0581066 0.0102563
759 1.01 0.0626156 0.0110738
760 1.01 0.0632907 0.0116882
761 1.01 0.0725294 0.0151343
762 1.01 0.0603261 0.0132354
763 1.01 0.056711 0.0102577
764 1.01 0.0687344 0.0124801
765 1.01 0.0783902 0.0160671
766 1.01 0.0594435 0.0112433
767 1.01 0.0682919 0.0145804
768 1.01 0.0733013 0.0150706
769 1.01 0.0462855 0.00828834
770 1.01 0.0724108 0.0132785
771 1.01 0.0483163 0.00919558
772 1.01 0.069333 0.0107269
773 1.01 0.057229 0.0105251
774 1.01 0.0608321 0.0117048
775 1.01 0.0574539 0.0116082
776 1.01 0.0629457 0.0118228
777 1.01 0.0600552 0.0119503
778 1.01 0.0684726 0.0135381
779 1.01 0.0691371 0.013468
780 1.01 0.0631264 0.0104415
781 1.01 0.0539533 0.008853
782 1.01 0.0581275 0.0108217
783 1.01 0.0545598 0.0103358
784 1.01 0.0587376 0.0101421
785 1.01 0.0599876 0.0113479
786 1.01 0.0555184 0.00986279
787 1.01 0.0509421 0.00812344
788 1.02 0.0519864 0.012871
789 1.02 0.0577626 0.0116824
790 1.02 0.0573273 0.0105352
791 1.02 0.0592175 0.0116867
792 1.02 0.0539667 0.0099618
793 1.02 0.0536116 0.0108351
794 1.02 0.0629641 0.0121006
795 1.02 0.0654119 0.0114174
796 1.02 0.0577101 0.00824559
797 1.02 0.0653363 0.0125621
798 1.02 0.050218 0.00881576
799 1.02 0.0469712 0.00795485
800 1.02 0.0492442 0.00988119
801 1.02 0.0530855 0.00917294
802 1.02 0.0684728 0.0136723
803 1.02 0.067223 0.0125145
804 1.02 0.0542159 0.0090539
805 1.02 0.0590882 0.00993105
806 1.02 0.0541889 0.0100371
807 1.02 0.0452414 0.00738688
808 1.02 0.0403594 0.00629095
809 1.02 0.0403939 0.00526028
810 1.02 0.048884 0.00806353
811 1.02 0.0526779 0.00830281
812 1.02 0.043345 0.00787143
813 1.02 0.0439129 0.00789644
814 1.02 0.0599051 0.0103598
815 1.02 0.0567486 0.010302
816 1.02 0.0454905 0.00679298
817 1.02 0.0522537 0.0083893
818 1.02 0.0586375 0.0106394
819 1.02 0.0626085 0.00965587
820 1.02 0.0528794 0.0101517
821 1.02 0.0559237 0.0099266
822 1.02 0.0456503 0.00770523
823 1.02 0.0542415 0.00848731
824 1.02 0.0577451 0.00972597
825 1.02 0.0582017 0.0106092
826 1.02 0.0528774 0.0097045
827 1.02 0.0547255 0.00942858
828 1.02 0.0555932 0.0104712
829 1.02 0.0561108 0.0124562
830 1.02 0.06053 0.011888
831 1.02 0.0483946 0.00735054
832 1.02 0.0546745 0.0097284
833 1.02 0.060085 0.0101576
834 1.02 0.0562249 0.0117442
835 1.02 0.0562932 0.0105513
836 1.02 0.0618942 0.0117833
837 1.02 0.0572001 0.0107749
838 1.02 0.0660421 0.0119676
839 1.02 0.0668366 0.0123001
840 1.02 0.064001 0.0107673
841 1.02 0.0642305 0.0100608
842 1.02 0.0597247 0.0103897
843 1.02 0.0556386 0.00916259
844 1.02 0.0650852 0.0122039
845 1.02 0.0593189 0.0105191
846 1.02 0.0610849 0.0100494
847 1.02 0.062583 0.0121638
848 1.02 0.0467207 0.00855505
849 1.02 0.0503757 0.00768685
850 1.02 0.0647448 0.0118045
851 1.02 0.0475263 0.00717524
852 1.02 0.0515608 0.0101913
853 1.02 0.0586794 0.0111275
854 1.02 0.0581872 0.0121215
855 1.02 0.0539711 0.00955061
856 1.02 0.0498944 0.00814795
857 1.02 0.0534915 0.00917277
858 1.02 0.0610053 0.0126105
859 1.02 0.0608663 0.011535
860 1.02 0.0570072 0.0117013
861 1.02 0.0504007 0.00930277
862 1.02 0.0552837 0.00978545
863 1.02 0.0567755 0.0102979
864 1.02 0.0516326 0.00944272
865 1.02 0.0566838 0.0103585
866 1.02 0.048367 0.00961538
867 1.02 0.0437432 0.0065119
868 1.02 0.0607617 0.0128706
869 1.02 0.0663978 0.0115436
870 1.02 0.0561181 0.0132533
871 1.02 0.0723178 0.0144442
872 1.02 0.0727924 0.0161084
873 1.02 0.0611752 0.0121702
874 1.02 0.0702272 0.016573
875 1.02 0.0480502 0.00968712
876 1.02 0.0662928 0.0126266
877 1.02 0.0636093 0.0132281
878 1.02 0.0690792 0.011567
879 1.02 0.0485302 0.008615
880 1.02 0.0549061 0.00922026
881 1.02 0.052526 0.00894356
882 1.02 0.0412321 0.00680426
883 1.02 0.0399034 0.00580078
884 1.02 0.0571226 0.0086897
885 1.02 0.0526609 0.00978988
886 1.02 0.059362 0.00918637
887 1.02 0.0546953 0.0097682
888 1.02 0.0585769 0.0101325
889 1.02 0.0625791 0.0119598
890 1.02 0.0647611 0.0128937
891 1.02 0.059549 0.0109971
892 1.02 0.0557784 0.0107666
893 1.02 0.0549446 0.0114927
894 1.02 0.0534674 0.00963818
895 1.02 0.0491971 0.0070069
896 1.02 0.0564624 0.0107268
897 1.02 0.0479022 0.00847625
898 1.02 0.0494797 0.00909441
899 1.02 0.064122 0.0132748
900 1.02 0.0520212 0.00892619
901 1.02 0.0723407 0.0146946
902 1.02 0.0494927 0.00881038
903 1.02 0.0581642 0.00990394
904 1.02 0.061675 0.0117786
905 1.02 0.0614416 0.0117077
906 1.02 0.065633 0.0146996
907 1.02 0.0794393 0.0160708
908 1.02 0.0559259 0.0116604
909 1.02 0.0627191 0.0128106
910 1.02 0.0542217 0.0107396
911 1.02 0.0523441 0.00981207
912 1.02 0.0539941 0.00855571
913 1.02 0.0565801 0.0104234
914 1.02 0.0513451 0.0104233
915 1.02 0.0596617 0.0109876
916 1.02 0.0721226 0.0139871
917 1.02 0.0743626 0.0169745
918 1.02 0.071497 0.0131751
919 1.02 0.0569616 0.0113257
920 1.02 0.0518079 0.0116595
921 1.02 0.0644512 0.014299
922 1.02 0.0553203 0.00929065
923 1.02 0.0485827 0.00762689
924 1.02 0.0610266 0.0116695
925 1.02 0.0716782 0.0147475
926 1.02 0.0672056 0.0138397
927 1.02 0.0662798 0.011997
928 1.02 0.0627254 0.0123354
929 1.02 0.0673061 0.0120372
930 1.02 0.0678041 0.012038
931 1.02 0.0684283 0.0130719
932 1.02 0.0780712 0.0169288
933 1.02 0.065497 0.0136407
934 1.02 0.0585437 0.0119753
935 1.02 0.0803692 0.0159649
936 1.02 0.0701404 0.0138771
937 1.02 0.0613972 0.0119925
938 1.02 0.0660286 0.0136274
939 1.02 0.0470689 0.00688937
940 1.02 0.0560562 0.00982249
941 1.02 0.0492374 0.00880932
942 1.02 0.0586825 0.0112087
943 1.02 0.0531543 0.00958966
944 1.02 0.0592108 0.0108791
945 1.02 0.0579388 0.00904009
946 1.02 0.0566131 0.00997591
947 1.02 0.0526448 0.00932759
948 1.02 0.0524153 0.00699098
949 1.02 0.0593594 0.0102583
950 1.02 0.0533591 0.0102772
951 1.02 0.058739 0.0100304
952 1.02 0.0511047 0.00758787
953 1.02 0.0576212 0.0103868
954 1.02 0.0543951 0.00867103
955 1.02 0.0432739 0.00593478
956 1.02 0.0490483 0.00645259
957 1.02 0.0547176 0.0088684
958 1.02 0.050389 0.00624757
959 1.02 0.0538005 0.00931478
960 1.02 0.0471792 0.00762305
961 1.02 0.0437308 0.00680654
962 1.02 0.0514917 0.00795174
963 1.02 0.0458921 0.00675324
964 1.02 0.04818 0.00711957
965 1.02 0.0489206 0.00761141
966 1.02 0.0488702 0.00695676
967 1.02 0.0511472 0.00723432
968 1.02 0.0508518 0.00859104
969 1.02 0.0571488 0.00694691
970 1.02 0.0538452 0.00857076
971 1.02 0.0410729 0.00597816
972 1.02 0.057479 0.00923546
973 1.02 0.0542255 0.0100888
974 1.02 0.0478153 0.00767092
975 1.02 0.0613091 0.0113926
976 1.02 0.0687542 0.0115337
977 1.02 0.0663 0.0109723
978 1.02 0.054401 0.00988514
979 1.02 0.0656389 0.0109788
980 1.02 0.0623574 0.0109168
981 1.02 0.0428202 0.00754594
982 1.02 0.0541608 0.0096128
983 1.02 0.0597676 0.0112099
984 1.02 0.060184 0.0119254
985 1.02 0.0570864 0.0101263
986 1.02 0.0589001 0.0111165
987 1.02 0.0624893 0.0117382
988 1.02 0.0617716 0.0130879
989 1.02 0.0604893 0.0118821
990 1.02 0.0595759 0.0112722
991 1.02 0.061823 0.0132329
992 1.02 0.0685753 0.0131759
993 1.02 0.0556728 0.0104555
994 1.02 0.0618167 0.01341
995 1.02 0.0571132 0.0108939
996 1.02 0.0770725 0.0178936
997 1.02 0.0557528 0.00983828
998 1.02 0.0652905 0.0127423
999 1.02 0.0554788 0.00978091
1000 1.02 0.0541357 0.00901216
