0 0.20748 0.0449452 0.00420876
1 0.20748 0.0130495 0.000866414
2 0.26397 0.0201944 0.00200559
3 0.29117 0.0358588 0.00409779
4 0.29117 0.0276185 0.00235953
5 0.29117 0.0306602 0.00291559
6 0.29117 0.0282473 0.00264007
7 0.29117 0.0249641 0.00268647
8 0.29117 0.0331796 0.00338396
9 0.29117 0.0241172 0.00239983
10 0.29117 0.0297088 0.00314173
11 0.29117 0.0307476 0.00324305
12 0.29117 0.0308292 0.00305382
13 0.29117 0.0322535 0.00294351
14 0.29117 0.0313832 0.00263192
15 0.29117 0.0281213 0.00263278
16 0.29117 0.0301231 0.00303387
17 0.3279 0.0338048 0.00358883
18 0.3279 0.0340018 0.00345337
19 0.33108 0.040574 0.00466973
20 0.33334 0.0414627 0.00491808
21 0.36922 0.0352735 0.00407366
22 0.36922 0.0386876 0.00462687
23 0.36922 0.0389237 0.00384875
24 0.36922 0.0369168 0.00491879
25 0.45511 0.0349737 0.0042324
26 0.45511 0.0357421 0.00361732
27 0.4762 0.0488716 0.0058917
28 0.4762 0.0444657 0.00525387
29 0.4816 0.0416994 0.00554434
30 0.4816 0.0436937 0.00586013
31 0.50688 0.0374998 0.00550717
32 0.50688 0.0431468 0.0056672
33 0.50688 0.0492519 0.00759425
34 0.50688 0.041405 0.00542131
35 0.50688 0.0443799 0.00652436
36 0.50794 0.0418243 0.00642769
37 0.50794 0.0444946 0.0058837
38 0.50794 0.049325 0.00698115
39 0.50794 0.037538 0.0054358
40 0.50794 0.0378105 0.00474861
41 0.50794 0.0528877 0.00776804
42 0.50794 0.048971 0.0069337
43 0.50794 0.0506893 0.00950711
44 0.50794 0.0574358 0.0102002
45 0.50794 0.0514566 0.00845779
46 0.50794 0.0505946 0.00696003
47 0.50794 0.0523975 0.00974378
48 0.50794 0.0535295 0.00830157
49 0.50794 0.0433501 0.00709851
50 0.50794 0.0481145 0.007121
51 0.50794 0.0413841 0.0066034
52 0.50794 0.0492176 0.00896829
53 0.50794 0.0455161 0.00665286
54 0.50794 0.0584111 0.0118216
55 0.50794 0.0550656 0.00982147
56 0.50794 0.0464935 0.00561562
57 0.50794 0.059536 0.00907034
58 0.50794 0.0426257 0.0066939
59 0.50794 0.0491235 0.00870243
60 0.50794 0.0568629 0.00996522
61 0.50794 0.0512476 0.00981066
62 0.50794 0.0515006 0.00827272
63 0.50794 0.0641119 0.01151
64 0.50794 0.0549268 0.0101942
65 0.50794 0.0635317 0.00957167
66 0.50794 0.0603876 0.0104913
67 0.50794 0.0544901 0.00979588
68 0.50794 0.0597259 0.0109548
69 0.50794 0.0597015 0.0105643
70 0.50794 0.0491975 0.00908391
71 0.50794 0.058324 0.0117337
72 0.50794 0.0616067 0.0114263
73 0.50794 0.0550705 0.0106291
74 0.50794 0.0550623 0.00990694
75 0.50794 0.0612457 0.0105993
76 0.50794 0.0550613 0.00871639
77 0.50794 0.0561011 0.0101615
78 0.50794 0.056762 0.011715
79 0.50794 0.0587305 0.0124776
80 0.50794 0.0504502 0.00956853
81 0.50794 0.0466099 0.00982498
82 0.50794 0.0565163 0.0110896
83 0.50794 0.057213 0.0109388
84 0.50794 0.05988 0.0108129
85 0.50794 0.0626291 0.0122854
86 0.50794 0.0454397 0.00660711
87 0.50794 0.0518052 0.00961763
88 0.50794 0.0539206 0.00835855
89 0.50794 0.0545715 0.0115311
90 0.50794 0.0624313 0.0135789
91 0.50794 0.0661815 0.0146783
92 0.50794 0.0556579 0.0114392
93 0.50794 0.0548103 0.010583
94 0.50794 0.0454474 0.00858102
95 0.50794 0.0584626 0.0137065
96 0.50794 0.0601403 0.0133244
97 0.50794 0.071659 0.0156211
98 0.50794 0.0593114 0.0127349
99 0.58143 0.0553166 0.0124206
100 0.58143 0.055774 0.0109111
101 0.58143 0.0466515 0.00968089
102 0.58143 0.0600456 0.0123298
103 0.58143 0.05264 0.0108126
104 0.58143 0.04784 0.00774349
105 0.58143 0.0590816 0.00931519
106 0.58143 0.0572584 0.0126835
107 0.58143 0.0452072 0.00814019
108 0.58731 0.0574589 0.0124233
109 0.58731 0.0505645 0.00936143
110 0.58731 0.0490943 0.00844824
111 0.58731 0.0412879 0.00766787
112 0.58731 0.0370573 0.00459734
113 0.58731 0.0433514 0.00709438
114 0.58731 0.0398715 0.0071795
115 0.58731 0.0544727 0.00921962
116 0.58731 0.04602 0.00836204
117 0.58731 0.0440967 0.00686598
118 0.58731 0.0452086 0.00914677
119 0.58731 0.0360967 0.0067312
120 0.58731 0.0423605 0.00796362
121 0.58731 0.0461525 0.00752018
122 0.58731 0.0385518 0.00598009
123 0.58731 0.0441553 0.0084553
124 0.58731 0.0476889 0.00772259
125 0.58731 0.0529522 0.0108359
126 0.58731 0.047524 0.00904526
127 0.58731 0.0575914 0.0102257
128 0.58731 0.0540298 0.00999922
129 0.58731 0.0561748 0.0101329
130 0.58731 0.0561697 0.0111806
131 0.58731 0.0504054 0.00893343
132 0.58731 0.052194 0.0106431
133 0.58731 0.0461839 0.00926528
134 0.58731 0.0538486 0.0105694
135 0.58731 0.0472732 0.00888838
136 0.58731 0.0568717 0.0109026
137 0.58731 0.0497495 0.00892159
138 0.58731 0.0598039 0.0120073
139 0.58731 0.0491239 0.00835188
140 0.58731 0.0519327 0.00875038
141 0.58731 0.042299 0.00746958
142 0.58731 0.0431131 0.00751663
143 0.58731 0.046897 0.00915347
144 0.58731 0.0514488 0.01048
145 0.58731 0.0596451 0.0121241
146 0.58731 0.0528045 0.00975818
147 0.58731 0.0525108 0.00999569
148 0.58731 0.0574558 0.0122575
149 0.58731 0.065509 0.0131373
150 0.58731 0.0583497 0.0111258
151 0.58731 0.0531134 0.0105003
152 0.58731 0.0556703 0.0131125
153 0.58731 0.067669 0.0153716
154 0.58731 0.0624726 0.0146212
155 0.58731 0.0574112 0.0108044
156 0.58731 0.064167 0.0125903
157 0.58731 0.0748018 0.0171056
158 0.58731 0.0521294 0.00950097
159 0.58731 0.0671134 0.0123304
160 0.58731 0.0656976 0.011971
161 0.58731 0.056687 0.010444
162 0.58731 0.054133 0.0106684
163 0.58731 0.0582839 0.0121924
164 0.58731 0.0572675 0.0106677
165 0.58731 0.0610631 0.0121538
166 0.58731 0.0606388 0.0130545
167 0.58731 0.056232 0.00974184
168 0.58731 0.0700916 0.0152903
169 0.58731 0.0670536 0.0138377
170 0.58731 0.0616374 0.0133407
171 0.58731 0.0528999 0.0115959
172 0.58731 0.059673 0.0127812
173 0.58731 0.0618733 0.0134054
174 0.58731 0.0678983 0.0144598
175 0.58731 0.0526803 0.0102563
176 0.58731 0.0564344 0.0101774
177 0.58731 0.0533816 0.0100957
178 0.58731 0.0655383 0.0132837
179 0.58731 0.0667465 0.0138271
180 0.58731 0.0661055 0.014556
181 0.58731 0.0484225 0.00854407
182 0.58731 0.0535574 0.00982129
183 0.58731 0.0510657 0.00870703
184 0.58731 0.0592774 0.0120393
185 0.58731 0.0609311 0.0110538
186 0.58731 0.0540871 0.0107865
187 0.58731 0.0621014 0.0121398
188 0.58731 0.0473678 0.00800529
189 0.58731 0.0495436 0.00967824
190 1.01 0.051224 0.0136718
190 0.47434 0.052204 0.00973036
191 0.4762 0.0463872 0.00876422
192 0.4762 0.0626805 0.0137477
193 0.4762 0.058397 0.0120196
194 0.4762 0.0552188 0.0104424
195 0.4762 0.0504409 0.00924106
196 0.4762 0.0532715 0.011595
197 0.4762 0.052278 0.00979987
198 0.4762 0.0548063 0.0101102
199 0.4762 0.0499011 0.00840973
200 0.50794 0.0628309 0.0127235
201 0.50794 0.0475774 0.00845784
202 0.50794 0.0613981 0.0127759
203 0.50794 0.0427781 0.00816932
204 0.50794 0.0580655 0.0125776
205 0.50794 0.0516659 0.0116865
206 0.50794 0.0538927 0.0118927
207 0.50794 0.0370621 0.00867974
208 0.50794 0.0565336 0.0130152
209 0.50794 0.0578291 0.0131463
210 0.50794 0.0629448 0.014781
211 0.50794 0.0457342 0.0109669
212 0.50794 0.0533151 0.0102226
213 0.50794 0.050758 0.00934932
214 0.50794 0.0606428 0.0119244
215 0.50794 0.0570986 0.0102537
216 0.50794 0.0660032 0.0143051
217 0.5386 0.0651259 0.0134465
218 0.5386 0.0545938 0.0106765
219 0.5386 0.0607593 0.0120733
220 0.5386 0.0550354 0.0102477
221 0.5386 0.0644962 0.0145711
222 0.5386 0.0614586 0.0110653
223 0.56007 0.0638748 0.014926
224 0.56007 0.057035 0.011077
225 0.56007 0.0502387 0.00992269
226 0.56007 0.0520305 0.0102091
227 0.56007 0.0412908 0.00784056
228 0.56007 0.0675822 0.0138056
229 0.56007 0.053621 0.0103456
230 0.56007 0.0510027 0.00952464
231 0.56007 0.0559011 0.00966249
232 0.56007 0.0659339 0.0121624
233 0.9291 0.0577269 0.0141183
234 0.9291 0.0508395 0.0115449
235 0.9291 0.0644011 0.0124768
236 0.9291 0.0573966 0.0130289
237 0.9291 0.0589615 0.011865
238 0.9291 0.0566055 0.011542
239 0.9291 0.0611659 0.0129249
240 0.9291 0.0593755 0.0112371
241 0.9291 0.0583253 0.0108549
242 0.9291 0.0563767 0.0108922
243 0.9291 0.0766312 0.0162506
244 0.9291 0.0642901 0.0124551
245 0.9291 0.0636749 0.0137983
246 0.9291 0.0535596 0.0124923
247 0.9291 0.0571669 0.0113413
248 0.9291 0.057736 0.0109269
249 0.9291 0.052665 0.00893629
250 0.9291 0.0484012 0.00933416
251 0.9291 0.0555003 0.00999218
252 0.9291 0.0482981 0.00819526
253 0.9291 0.0522904 0.0094284
254 0.9291 0.0615117 0.011567
255 0.9291 0.0567051 0.0118222
256 0.9291 0.0530135 0.0123148
257 0.9291 0.0479076 0.00864236
258 0.9291 0.0644768 0.0105062
259 0.9291 0.0590479 0.0110393
260 0.9291 0.0503693 0.00955979
261 0.9291 0.063846 0.0123943
262 0.9291 0.057016 0.011979
263 0.9291 0.071877 0.0126549
264 0.9291 0.0501885 0.00831956
265 0.9291 0.0616676 0.0137299
266 0.9291 0.0598252 0.0100757
267 0.9291 0.0570615 0.0104659
268 0.9291 0.0618098 0.0121231
269 0.9291 0.0603139 0.0122097
270 0.9291 0.0649048 0.0137969
271 0.9291 0.0702473 0.0139759
272 0.9291 0.055129 0.0111417
273 0.9291 0.0681357 0.0129528
274 0.9291 0.0659914 0.0129868
275 0.9291 0.0508519 0.00878193
276 0.9291 0.0578394 0.0110518
277 0.9291 0.0505784 0.00884367
278 0.9291 0.0466136 0.00708284
279 0.9291 0.056687 0.00889924
280 0.9291 0.0555016 0.00839681
281 0.9291 0.0581138 0.00960638
282 0.9291 0.0602838 0.0116519
283 0.9291 0.0468816 0.00762759
284 0.9291 0.0550243 0.00962924
285 0.9291 0.0483923 0.00789035
286 0.9291 0.0592331 0.011039
287 0.9291 0.0625079 0.0114462
288 0.9291 0.0603176 0.0118358
289 0.9291 0.063281 0.0131287
290 0.9291 0.0611086 0.0126464
291 0.9291 0.057292 0.0111152
292 0.9291 0.0666707 0.0131784
293 0.9291 0.0584929 0.0105661
294 0.9291 0.0496911 0.00949433
295 0.9291 0.0618341 0.0137683
296 0.9291 0.0573171 0.0144207
297 0.9291 0.0659414 0.0140201
298 0.9291 0.055159 0.010366
299 0.9291 0.0541524 0.00844396
300 0.9291 0.0621989 0.0127412
301 0.9291 0.0692695 0.0140068
302 0.9291 0.0469588 0.0107437
303 0.9291 0.0546805 0.0114345
304 0.9291 0.0680413 0.0152432
305 0.9291 0.0651855 0.0145538
306 0.9291 0.064634 0.0138312
307 0.9291 0.0714738 0.0143401
308 0.9291 0.0714761 0.0166192
309 0.9291 0.060613 0.0129773
310 0.9291 0.0573226 0.0102276
311 0.9291 0.052812 0.00902571
312 0.9291 0.0580378 0.0117395
313 0.9291 0.0554416 0.0122799
314 0.9291 0.0528642 0.0116104
315 0.9291 0.0406551 0.00553382
316 0.9291 0.0444174 0.00730951
317 0.9291 0.0457556 0.0073714
318 0.9291 0.0498165 0.00884603
319 0.9291 0.0483078 0.00838034
320 0.9291 0.0593193 0.0110375
321 0.9291 0.0474605 0.00807415
322 0.9291 0.0542143 0.00915325
323 0.9291 0.0510521 0.00964571
324 0.9291 0.0484472 0.00856305
325 0.9291 0.0566216 0.0103547
326 0.9291 0.0526637 0.0092351
327 0.9291 0.0551591 0.00962244
328 0.9291 0.0502267 0.00644551
329 0.9291 0.0627034 0.0106282
330 0.9291 0.0549545 0.00966363
331 0.9291 0.0613784 0.0132168
332 0.9291 0.0720772 0.0151988
333 0.9291 0.0564754 0.0106741
334 0.9291 0.0355451 0.0052567
335 0.9291 0.0643638 0.0119506
336 0.9291 0.0557045 0.0124354
337 0.9291 0.0559375 0.0111102
338 0.9291 0.0550571 0.0119909
339 0.9291 0.0502035 0.0102247
340 0.9291 0.0661848 0.012897
341 0.9291 0.0688158 0.0141929
342 0.9291 0.0564156 0.00904593
343 0.9291 0.0562721 0.0114705
344 0.9291 0.0586748 0.0105583
345 0.9291 0.0630151 0.0135345
346 0.9291 0.0477352 0.00956274
347 0.9291 0.0549545 0.0112248
348 0.9291 0.0501269 0.010188
349 0.9291 0.049435 0.0083634
350 0.9291 0.0560686 0.0104721
351 0.9291 0.053348 0.0104596
352 0.9291 0.0568294 0.011193
353 0.9291 0.0449717 0.00669558
354 0.9291 0.0477702 0.00672662
355 0.9291 0.0431164 0.00691351
356 0.9291 0.0380154 0.00571287
357 0.9291 0.0378586 0.00612148
358 0.9291 0.0418199 0.00663957
359 0.9291 0.0556468 0.00893978
360 0.9291 0.0359995 0.00566254
361 0.9291 0.0431339 0.007959
362 0.9291 0.0474568 0.00738576
363 0.9291 0.0425073 0.00646004
364 0.9291 0.0564932 0.0106678
365 0.9291 0.0509572 0.00841268
366 0.9291 0.0457226 0.00807667
367 0.9291 0.0514333 0.00829584
368 0.9291 0.0548378 0.00917614
369 0.9291 0.0463503 0.00778008
370 0.9291 0.0420033 0.00823246
371 0.9291 0.0429304 0.00684995
372 0.9291 0.0456925 0.00812226
373 0.9291 0.0455931 0.00726791
374 0.9291 0.0350351 0.00496159
375 0.9291 0.0509761 0.00768757
376 0.9291 0.0569824 0.0106501
377 0.9291 0.0508924 0.00782803
378 0.9291 0.0454515 0.00711448
379 0.9291 0.05318 0.00885764
380 0.9291 0.0397099 0.00561463
381 0.9291 0.0550176 0.0106551
382 0.9291 0.0547056 0.0111505
383 0.9291 0.0618496 0.0111158
384 0.9291 0.0581821 0.0105189
385 0.9291 0.0550679 0.0104252
386 0.9291 0.0585921 0.0119514
387 0.9291 0.0587059 0.0109149
388 0.9291 0.0478483 0.00913162
389 0.9291 0.0529422 0.00975663
390 0.9291 0.0412987 0.00814961
391 0.9291 0.0392637 0.00627167
392 0.9291 0.0494751 0.00936813
393 0.9291 0.0605748 0.00973387
394 0.9291 0.0464331 0.00786341
395 0.9291 0.0526852 0.0098974
396 0.9291 0.0633178 0.0127722
397 0.9291 0.0652429 0.0120533
398 0.9291 0.0596035 0.0121795
399 0.9291 0.0556067 0.0121985
400 0.9291 0.0512548 0.0107826
401 0.9291 0.0424632 0.00620739
402 0.9291 0.0555693 0.011101
403 0.9291 0.0602805 0.0103633
404 0.9291 0.0505034 0.00833436
405 0.9291 0.0583866 0.0104287
406 0.9291 0.0470285 0.00945581
407 0.9291 0.0458709 0.00587733
408 0.9291 0.0589495 0.010574
409 0.9291 0.0502729 0.00985039
410 0.9291 0.0438997 0.00667996
411 0.9291 0.0559628 0.00982162
412 0.9291 0.0558888 0.00985885
413 0.9291 0.0458243 0.00838562
414 0.9291 0.0508677 0.00845053
415 0.9291 0.0559111 0.0114445
416 0.9291 0.0575937 0.0116006
417 0.9291 0.05574 0.00909942
418 0.9291 0.0483387 0.00918549
419 0.9291 0.0548291 0.0105924
420 0.9291 0.0555857 0.0096118
421 0.9291 0.0700985 0.0140417
422 0.9291 0.045253 0.00749008
423 0.9291 0.0455391 0.0088652
424 0.9291 0.0572883 0.0106301
425 0.9291 0.0605555 0.0117921
426 0.9291 0.0542496 0.00860888
427 0.9291 0.0546623 0.0104934
428 0.9291 0.0565817 0.00948141
429 0.9291 0.0577832 0.0102138
430 0.9291 0.0516804 0.00954337
431 0.9291 0.0649847 0.0123015
432 0.9291 0.0559428 0.0108123
433 0.9291 0.0604751 0.0110986
434 0.9291 0.055187 0.0113723
435 0.9291 0.0489759 0.00969758
436 0.9291 0.0475734 0.00922847
437 0.9291 0.0541674 0.00981118
438 0.9291 0.0514319 0.0104573
439 0.9291 0.0573447 0.0104567
440 0.9291 0.0540936 0.00957721
441 0.9291 0.0722428 0.0153318
442 0.9291 0.0583174 0.0110493
443 0.9291 0.0613062 0.00999471
444 0.9291 0.0633603 0.0111247
445 0.9291 0.0648178 0.012537
446 0.9291 0.0646154 0.0144676
447 0.9291 0.0706162 0.0130155
448 0.9291 0.0678161 0.0128892
449 0.9291 0.0600428 0.0106756
450 0.9291 0.0573336 0.0112029
451 0.9291 0.0568482 0.0102187
452 0.9291 0.0538634 0.00930905
453 0.9291 0.0687264 0.0127508
454 0.9291 0.0686622 0.0113262
455 0.9291 0.0446456 0.00683325
456 0.9291 0.0622894 0.0113523
457 0.9291 0.0593804 0.00973241
458 0.9291 0.0765823 0.0148053
459 0.9291 0.0602276 0.0105919
460 0.9291 0.0661871 0.0120367
461 0.9291 0.0633485 0.0110814
462 0.9291 0.0574533 0.0100369
463 0.9291 0.0620062 0.0109524
464 0.9291 0.0536557 0.0100176
465 0.9291 0.0641995 0.0112589
466 0.9291 0.0565293 0.00990352
467 0.9291 0.056273 0.00990871
468 0.9291 0.0554763 0.0101602
469 0.9291 0.0479855 0.00789665
470 0.9291 0.0568294 0.0100847
471 0.9291 0.0526059 0.00700484
472 0.9291 0.0473829 0.00625331
473 0.9291 0.0651473 0.0105341
474 0.9291 0.0612119 0.0122849
475 0.9291 0.0597139 0.0116306
476 0.9291 0.0581315 0.0106639
477 0.9291 0.0521133 0.00795279
478 0.9291 0.05342 0.00938827
479 0.9291 0.056264 0.0113772
480 0.9291 0.0656161 0.0127419
481 0.9291 0.0459472 0.00820481
482 0.9291 0.070202 0.0139056
483 0.9291 0.0702957 0.0133565
484 0.9291 0.07474 0.0133916
485 0.9291 0.0627115 0.0122489
486 0.9291 0.0541251 0.00875512
487 0.9291 0.0530185 0.0101259
488 0.9291 0.0609896 0.0134572
489 0.9291 0.0571363 0.0121
490 0.9291 0.0531142 0.0106538
491 0.9291 0.061168 0.013385
492 0.9291 0.0556024 0.00894215
493 0.9291 0.0602084 0.0105762
494 0.9291 0.0460143 0.00791056
495 0.9291 0.0569063 0.0092765
496 0.9291 0.0606957 0.010813
497 0.9291 0.0621088 0.0105381
498 0.9291 0.0567625 0.0105878
499 0.9291 0.0583176 0.00851376
500 0.9291 0.0564004 0.00912694
501 0.9291 0.0567697 0.0109874
502 0.9291 0.0604786 0.0116755
503 0.9291 0.0623988 0.0124145
504 0.9291 0.068012 0.014261
505 0.9291 0.0698624 0.0148164
506 0.9291 0.0563307 0.0109764
507 0.9291 0.0625804 0.0126899
508 0.9291 0.0672872 0.0122071
509 0.9291 0.0578425 0.0126582
510 0.9291 0.0529242 0.00840319
511 0.9291 0.0742786 0.0146107
512 0.9291 0.0685645 0.0145703
513 0.9291 0.0572849 0.0104136
514 0.9291 0.0621597 0.0116532
515 0.9291 0.0682866 0.01267
516 0.9291 0.0680497 0.0128119
517 0.9291 0.0576304 0.0102491
518 0.9291 0.0644562 0.0132537
519 0.9291 0.0525436 0.0102623
520 0.9291 0.0615341 0.0117476
521 0.9291 0.0559297 0.00976785
522 0.9291 0.0546278 0.00954284
523 0.9291 0.0465463 0.0087811
524 0.9291 0.0547612 0.0101924
525 0.9291 0.0443919 0.00744904
526 0.9291 0.0674883 0.0113376
527 0.9291 0.0516944 0.00932702
528 0.9291 0.0644472 0.0104324
529 0.9291 0.0509697 0.00974382
530 0.9291 0.0672248 0.0117324
531 0.9291 0.06977 0.0118429
532 0.9291 0.0544975 0.0105414
533 0.9291 0.0586775 0.010034
534 0.9291 0.0542394 0.00924619
535 0.9291 0.0636051 0.0106909
536 0.9291 0.0605124 0.0109568
537 0.9291 0.0549728 0.0086932
538 0.9291 0.048222 0.00844713
539 0.9291 0.0432833 0.00626737
540 0.9291 0.0440997 0.00574983
541 0.9291 0.0529213 0.0090575
542 0.9291 0.0468533 0.0077855
543 0.9291 0.0569167 0.0111924
544 0.9291 0.0664848 0.0111483
545 0.9291 0.0446102 0.0076518
546 0.9291 0.0502731 0.00773704
547 0.9291 0.0553985 0.00944517
548 0.9291 0.0507458 0.0075747
549 0.9291 0.04764 0.00809341
550 0.9291 0.0610999 0.010767
551 0.9291 0.0561288 0.00854633
552 0.9291 0.0553355 0.00884292
553 0.9291 0.0517198 0.00989228
554 0.9291 0.0409045 0.00674617
555 0.9291 0.0534433 0.00793632
556 0.9291 0.0566654 0.0110432
557 0.9291 0.0518061 0.00845373
558 0.9291 0.0567422 0.00977508
559 0.9291 0.052397 0.0093406
560 0.9291 0.0493579 0.00817216
561 0.9291 0.0573867 0.00964202
562 0.9291 0.058856 0.0113912
563 0.9291 0.0509259 0.00888438
564 0.9291 0.0503182 0.00836104
565 0.9291 0.0472518 0.00756384
566 0.9291 0.0559178 0.00966406
567 0.9291 0.0654718 0.0100288
568 0.9291 0.0521818 0.00887915
569 0.9291 0.049412 0.00802678
570 0.9291 0.0551139 0.00757954
571 0.9291 0.041177 0.00608815
572 0.9291 0.0549565 0.00787598
573 0.9291 0.0587482 0.0116122
574 0.9291 0.0523165 0.00774945
575 0.9291 0.0532754 0.00972722
576 0.9291 0.0464586 0.00701375
577 0.9291 0.0589066 0.0111234
578 0.9291 0.049782 0.00847696
579 0.9291 0.0511022 0.00935065
580 0.9291 0.0588864 0.0108463
581 0.9291 0.0572851 0.0111308
582 0.9291 0.0623833 0.0121101
583 0.9291 0.0533018 0.00950229
584 0.9291 0.056729 0.00988681
585 0.9291 0.0511368 0.00962708
586 0.9291 0.0590995 0.0101583
587 0.9291 0.0551744 0.00910489
588 0.9291 0.0550439 0.0100284
589 0.9291 0.0594046 0.0123254
590 0.9291 0.0591852 0.0106867
591 0.9291 0.0539416 0.00876193
592 0.9291 0.0612885 0.0100729
593 0.9291 0.0716787 0.0135912
594 0.9291 0.055483 0.00879985
595 0.9291 0.0553089 0.0105093
596 0.9291 0.0493945 0.00860615
597 0.9291 0.0586695 0.0100136
598 0.9291 0.0601506 0.0101677
599 0.9291 0.0620468 0.0130701
600 0.9291 0.0512336 0.00879256
601 0.9291 0.0603206 0.0103794
602 0.9291 0.0541385 0.0101468
603 0.9291 0.0625455 0.0101649
604 0.9291 0.0640392 0.0134318
605 0.9291 0.0671279 0.0118535
606 0.9291 0.0655984 0.0130967
607 0.9291 0.0650432 0.0139203
608 0.9291 0.0481118 0.00748663
609 0.9291 0.0553445 0.00932547
610 0.9291 0.060044 0.0101143
611 0.9291 0.0453456 0.00720958
612 0.9291 0.0613049 0.0113431
613 0.9291 0.0795181 0.0167563
614 0.9291 0.0513436 0.00960935
615 0.9291 0.0545451 0.0103559
616 0.9291 0.0566658 0.0116136
617 0.9291 0.062148 0.0120456
618 0.9291 0.065375 0.0148927
619 0.9291 0.066583 0.01473
620 0.9291 0.0655032 0.0124787
621 0.9291 0.0516295 0.00996445
622 0.9291 0.0707871 0.0127862
623 0.9291 0.0547906 0.010077
624 0.9291 0.0584861 0.0110153
625 0.9291 0.0563895 0.00934447
626 0.9291 0.060849 0.0117502
627 0.9291 0.0731107 0.0138901
628 0.9291 0.0472472 0.0069715
629 0.9291 0.064948 0.0126868
630 0.9291 0.0610643 0.0101259
631 0.9291 0.0625332 0.0136556
632 0.9291 0.0673856 0.0144597
633 0.9291 0.0742466 0.0131277
634 0.9291 0.0557287 0.0102301
635 0.9291 0.0593462 0.0120723
636 0.9291 0.0612587 0.0122252
637 0.9291 0.0558978 0.0116924
638 0.9291 0.0554839 0.0095768
639 0.9291 0.0562871 0.00914192
640 0.9291 0.0611944 0.0112482
641 0.9291 0.0698198 0.0137212
642 0.9291 0.0493242 0.00930789
643 0.9291 0.0583019 0.0101103
644 0.9291 0.0598771 0.0118029
645 0.9291 0.0601244 0.010318
646 0.9291 0.0734829 0.0145543
647 0.9291 0.0675537 0.0141175
648 0.9291 0.0677602 0.0131719
649 0.9291 0.0623743 0.0130396
650 0.9291 0.0587146 0.0113629
651 0.9291 0.0503592 0.00761305
652 0.9291 0.0584529 0.0107275
653 0.9291 0.0532346 0.0114838
654 0.9291 0.0537885 0.0084509
655 0.9291 0.054634 0.00969834
656 0.9291 0.050987 0.00932006
657 0.9291 0.0701457 0.0149804
658 0.9291 0.0553886 0.0106648
659 0.9291 0.057835 0.0105392
660 0.9291 0.0634034 0.0112166
661 0.9291 0.0623571 0.012778
662 0.9291 0.0600892 0.0121619
663 0.9291 0.0703444 0.0136623
664 0.9291 0.0494604 0.0081503
665 0.9291 0.0582407 0.0112361
666 0.9291 0.0501602 0.00956628
667 0.9291 0.0571231 0.0096749
668 0.9291 0.0650924 0.0125941
669 0.9291 0.0601198 0.0116283
670 0.9291 0.0672941 0.0122123
671 0.9291 0.0661285 0.0146602
672 0.9291 0.0612805 0.0101678
673 0.9291 0.0637356 0.0121926
674 0.9291 0.0653701 0.0110182
675 0.9291 0.0672649 0.0120984
676 0.9291 0.0659263 0.0112969
677 0.9291 0.0664074 0.0109628
678 0.9291 0.0647302 0.012894
679 0.9291 0.0591529 0.010584
680 0.9291 0.0586629 0.0111725
681 0.9291 0.061789 0.0123164
682 0.9291 0.0598526 0.0107182
683 0.9291 0.0511395 0.00858871
684 0.9291 0.0553178 0.00840211
685 0.9291 0.0450625 0.00755506
686 0.9291 0.0567887 0.00843544
687 0.9291 0.0446182 0.00643251
688 0.9291 0.057814 0.0091528
689 0.9291 0.048019 0.00728802
690 0.9291 0.0620337 0.0119572
691 0.9291 0.0637299 0.0106446
692 0.9291 0.0593965 0.0107731
693 0.9291 0.0505203 0.0086477
694 0.9291 0.0478924 0.00850232
695 0.9291 0.0506228 0.00789683
696 0.9291 0.0587135 0.0104664
697 0.9291 0.0454435 0.00565536
698 0.9291 0.0565733 0.00983541
699 0.9291 0.0604838 0.0104095
700 0.9291 0.0695562 0.013547
701 0.9291 0.0609883 0.0105444
702 0.9291 0.0612711 0.0107032
703 0.9291 0.0584639 0.00998228
704 0.9291 0.0548034 0.00878098
705 0.9291 0.0511719 0.00918045
706 0.9291 0.0635142 0.0121611
707 0.9291 0.0549933 0.00895988
708 0.9291 0.0497764 0.00771716
709 0.9291 0.0553616 0.00972093
710 1.00457 0.0512049 0.0117113
710 0.4762 0.0442166 0.00732168
711 0.4762 0.0552868 0.00864117
712 0.4762 0.046171 0.00849451
713 0.4762 0.0612153 0.010193
714 0.4762 0.0584981 0.0102636
715 0.4762 0.053036 0.00879621
716 0.4762 0.0472508 0.00913081
717 0.4762 0.0551471 0.0084132
718 0.4762 0.0477739 0.00831212
719 0.4762 0.0529967 0.010085
720 0.4762 0.0609058 0.0123157
721 0.4762 0.05402 0.00928298
722 0.51192 0.0503407 0.00961322
723 0.51192 0.0605027 0.0109257
724 0.51192 0.0620014 0.0113068
725 0.51192 0.0570551 0.0106577
726 0.51192 0.0725714 0.0138569
727 0.51192 0.0651857 0.0130357
728 0.51192 0.0542812 0.00971138
729 0.51192 0.0642669 0.0117529
730 0.51192 0.0623024 0.0101606
731 0.51192 0.073918 0.014342
732 0.51192 0.0658093 0.0142452
733 0.51192 0.0667911 0.0133558
734 0.51192 0.0497967 0.0102133
735 0.51192 0.061968 0.00961105
736 0.51192 0.0680452 0.0111359
737 0.51192 0.0646438 0.0129142
738 0.51192 0.0718792 0.0143098
739 0.83431 0.0622072 0.0157174
740 0.83431 0.0574107 0.0105533
741 0.83431 0.0709855 0.0129239
742 0.83431 0.06145 0.0131684
743 0.83431 0.0593103 0.0108074
744 0.83431 0.0573096 0.0106409
745 0.83431 0.0669479 0.0119713
746 0.83431 0.0683898 0.0136183
747 0.83431 0.073738 0.0131229
748 0.83431 0.0645604 0.012
749 0.83431 0.0647576 0.0103449
750 0.83431 0.0477743 0.00730051
751 0.83431 0.0692433 0.0117144
752 0.83431 0.0725827 0.0140277
753 0.83431 0.0499365 0.00916085
754 0.83431 0.0660351 0.0148793
755 0.83431 0.0684935 0.0118985
756 0.83431 0.0585893 0.0114912
757 0.83431 0.0638462 0.011582
758 0.83431 0.0547076 0.00902566
759 0.83431 0.0699462 0.0112054
760 0.83431 0.0666221 0.0122706
761 0.83431 0.0611199 0.0102886
762 0.83431 0.0540437 0.00880294
763 0.83431 0.0633836 0.0123457
764 0.83431 0.0763583 0.0155706
765 0.83431 0.0655892 0.0131353
766 0.83431 0.0626554 0.0122959
767 0.83431 0.0586146 0.0123751
768 0.83431 0.0560664 0.00851096
769 0.83431 0.0503453 0.00894406
770 0.83431 0.0657654 0.0118582
771 0.83431 0.068768 0.0150347
772 0.83431 0.069572 0.0142736
773 0.83431 0.0543555 0.00961205
774 0.83431 0.0555725 0.0117718
775 0.83431 0.058322 0.0135236
776 0.83431 0.0546826 0.0106449
777 0.83431 0.0648166 0.0101404
778 0.83431 0.0638448 0.0130094
779 0.83431 0.0524015 0.0111025
780 0.83431 0.0680298 0.0147323
781 0.83431 0.0687595 0.0137014
782 0.83431 0.0677135 0.0143672
783 0.83431 0.0555242 0.0105484
784 0.83431 0.0647863 0.0128038
785 0.83431 0.0508762 0.00936671
786 0.83431 0.0648986 0.0128646
787 0.83431 0.0623365 0.0118933
788 0.83431 0.0568158 0.0109824
789 0.83431 0.0584416 0.0095561
790 0.83431 0.0614465 0.0108741
791 0.83431 0.0703112 0.0153156
792 0.83431 0.0625021 0.0129144
793 0.83431 0.078906 0.016171
794 0.83431 0.0630196 0.0127727
795 0.83431 0.0666908 0.0127861
796 0.83431 0.0576762 0.012063
797 0.83431 0.0685226 0.0131845
798 0.83431 0.0639774 0.0111553
799 0.83431 0.0694108 0.0154852
800 0.83431 0.0593217 0.0103087
801 0.83431 0.0528738 0.00895443
802 0.83431 0.0677427 0.0158024
803 0.91804 0.0626269 0.0140694
804 1.01 0.0622173 0.0193206
804 0.7994 0.057925 0.0118854
805 0.7994 0.0524071 0.00911731
806 0.7994 0.0568134 0.00915278
807 1 0.0607168 0.0141232
807 0.4762 0.0455143 0.00723523
808 0.4762 0.0496809 0.00859853
809 0.6798 0.0688215 0.0140527
810 0.73858 0.0648524 0.016162
811 0.73858 0.0705867 0.0149948
812 0.73858 0.0648827 0.0115263
813 0.73858 0.0704516 0.0144909
814 0.73858 0.0531658 0.00954217
815 0.73858 0.0580825 0.0108683
816 0.73858 0.0592077 0.0118811
817 0.73858 0.0649842 0.012969
818 0.73858 0.0689321 0.0141852
819 0.73858 0.0593156 0.0118473
820 0.73858 0.0622842 0.0140503
821 0.73858 0.0611185 0.0128225
822 0.73858 0.0651629 0.0139963
823 0.73858 0.0593243 0.0115174
824 0.73858 0.0743242 0.0150687
825 0.73858 0.0578612 0.00882476
826 0.73858 0.0605315 0.00973706
827 0.73858 0.0621536 0.0100056
828 0.73858 0.0606579 0.0109774
829 0.73858 0.0520956 0.00836214
830 0.73858 0.0588267 0.0100851
831 0.73858 0.0570621 0.0108767
832 0.73858 0.0545451 0.00965247
833 0.73858 0.0515162 0.00864298
834 0.73858 0.0511611 0.00884899
835 0.73858 0.0608682 0.0109889
836 0.73858 0.0581143 0.0103645
837 0.73858 0.0681813 0.0125327
838 0.73858 0.0543442 0.00946621
839 0.73858 0.0563967 0.00957121
840 0.73858 0.0660644 0.0137872
841 0.73858 0.0576058 0.0123546
842 0.73858 0.057832 0.00875391
843 0.73858 0.0665912 0.0135601
844 0.73858 0.0608014 0.0112227
845 0.95091 0.0580587 0.0117584
846 0.95091 0.0556239 0.00902138
847 0.95091 0.0581076 0.00981833
848 0.95091 0.0710674 0.0139247
849 0.95091 0.0665462 0.0135502
850 0.95091 0.0611193 0.0143775
851 0.95091 0.0559637 0.0114435
852 0.95091 0.0675905 0.0135762
853 0.95091 0.0520872 0.0102159
854 0.95091 0.0669266 0.0126638
855 0.95091 0.0692342 0.0140222
856 0.95091 0.055871 0.0111558
857 0.95091 0.0543219 0.0104871
858 0.95091 0.0660727 0.0139714
859 0.95091 0.0601553 0.0120564
860 0.95091 0.0502142 0.00967243
861 0.95091 0.0600131 0.0108285
862 0.95091 0.0612991 0.011075
863 0.95091 0.0604461 0.0109477
864 0.95091 0.0559853 0.00922687
865 0.95091 0.0546576 0.0103463
866 0.95091 0.0576078 0.0109984
867 0.95091 0.0601495 0.0117239
868 0.95091 0.0529311 0.0101962
869 0.95091 0.060965 0.0114513
870 0.95091 0.0648787 0.012276
871 0.95091 0.0643557 0.0103506
872 0.95091 0.0535101 0.0101109
873 0.95091 0.0664334 0.0116863
874 0.95091 0.0545346 0.00974585
875 0.95091 0.047664 0.00908059
876 0.95091 0.0467192 0.00734724
877 0.95091 0.0583223 0.00977632
878 0.95091 0.0565642 0.0119111
879 0.95091 0.0561445 0.0104746
880 0.95091 0.0569713 0.0103597
881 0.95091 0.0440554 0.00594826
882 0.95091 0.0497536 0.00757508
883 0.95091 0.047048 0.00795284
884 0.95091 0.0521362 0.0103227
885 0.95091 0.0509772 0.010795
886 0.95091 0.0516099 0.0108223
887 0.95091 0.0557035 0.0125075
888 0.95091 0.0644704 0.0155697
889 0.95091 0.0686082 0.0138634
890 0.95091 0.0661797 0.0137877
891 0.95091 0.0621578 0.0126398
892 0.95091 0.0605626 0.0129145
893 0.95091 0.0562222 0.00988197
894 0.95091 0.0633178 0.0113229
895 0.95091 0.0568759 0.00915893
896 0.95091 0.0645238 0.0109179
897 0.95091 0.0534276 0.0100504
898 0.95091 0.0662773 0.0126167
899 0.95091 0.0620799 0.012954
900 0.95091 0.0718582 0.0158252
901 0.95091 0.0566506 0.0126557
902 0.95091 0.0622906 0.0130602
903 0.95091 0.058393 0.0118561
904 0.95091 0.056726 0.0103899
905 0.95091 0.0588826 0.0105951
906 0.95091 0.0746554 0.0138342
907 0.95091 0.0646853 0.0148719
908 0.95091 0.0739609 0.0154287
909 0.95091 0.0680001 0.0150021
910 0.95091 0.067626 0.0140928
911 0.95091 0.0690268 0.01463
912 0.95091 0.0619749 0.0119998
913 0.95091 0.0634107 0.012392
914 0.95091 0.0494842 0.0089178
915 0.95091 0.0497809 0.00935925
916 0.95091 0.0496328 0.00948463
917 0.95091 0.0477267 0.00723814
918 0.95091 0.0470558 0.00734371
919 0.95091 0.0603568 0.0116854
920 0.95091 0.0490126 0.008204
921 0.95091 0.0579749 0.0119726
922 0.95091 0.0596459 0.0117718
923 0.95091 0.0527601 0.00837309
924 0.95091 0.0645373 0.0146027
925 0.95091 0.0693373 0.0139012
926 0.95091 0.0508484 0.00990514
927 0.95091 0.0516842 0.0081959
928 0.95091 0.0438259 0.00744036
929 0.95091 0.0647764 0.0122919
930 0.95091 0.0636593 0.012067
931 0.95091 0.0600545 0.0126328
932 0.95091 0.0675248 0.0140334
933 0.95091 0.068222 0.0133886
934 0.95091 0.0644289 0.0137114
935 0.95091 0.064094 0.0143114
936 0.95091 0.0747074 0.0155703
937 0.95091 0.0734743 0.016942
938 0.95091 0.0714579 0.0138779
939 0.95091 0.0732935 0.0136973
940 0.95091 0.0658382 0.0106636
941 0.95091 0.0642236 0.0135411
942 0.95091 0.0640165 0.0138553
943 0.95091 0.0684145 0.0148996
944 0.95091 0.0592099 0.0109609
945 0.95091 0.0656714 0.0133344
946 0.95091 0.0726887 0.012955
947 0.95091 0.0580441 0.0102334
948 0.95091 0.0663829 0.0135967
949 0.95091 0.0621362 0.0129116
950 0.95091 0.0635844 0.0127862
951 0.95091 0.0625805 0.0120021
952 0.95091 0.0596651 0.0118237
953 0.95091 0.0658458 0.0132624
954 0.95091 0.0515448 0.0101798
955 0.95091 0.0707439 0.0156047
956 1.01 0.0674842 0.0175908
956 0.4762 0.0715462 0.0141516
957 0.4762 0.0625309 0.011812
958 0.79191 0.07098 0.0165738
959 0.79191 0.0678516 0.0132895
960 0.79191 0.0772072 0.0160447
961 0.79191 0.0635461 0.0130656
962 0.79191 0.0717893 0.0149855
963 0.79191 0.0578073 0.0116341
964 0.79191 0.0657584 0.0129866
965 0.79191 0.0652982 0.0139864
966 0.79191 0.0499571 0.00889535
967 0.79191 0.0603638 0.0112298
968 0.79191 0.0691007 0.0144429
969 0.79191 0.0637885 0.0122588
970 0.79191 0.0621105 0.012661
971 0.79191 0.0741699 0.0179849
972 0.79191 0.0704885 0.0121407
973 0.79191 0.0681368 0.0139896
974 0.79191 0.0688183 0.0130071
975 0.79191 0.078627 0.0172542
976 0.79191 0.065629 0.0159678
977 0.79191 0.0702129 0.0156288
978 0.79191 0.0604894 0.011732
979 0.79191 0.0687771 0.0154539
980 0.79191 0.0653757 0.0131126
981 0.79191 0.0636185 0.0121698
982 0.79191 0.0686711 0.0149902
983 0.79191 0.0654021 0.0125683
984 0.79191 0.0649909 0.0140136
985 0.79191 0.0665811 0.013127
986 0.79191 0.0679087 0.0130277
987 0.79191 0.0621884 0.0120856
988 0.79191 0.0628239 0.0111589
989 0.79191 0.0556687 0.0111861
990 0.79191 0.0638551 0.012455
991 0.79191 0.0617182 0.0117723
992 0.79191 0.0743941 0.0155217
993 0.79191 0.0712321 0.0140799
994 0.79191 0.0755336 0.0160263
995 0.79191 0.0680968 0.0130425
996 0.79191 0.0674997 0.0132732
997 0.79191 0.0655556 0.0125043
998 0.79191 0.0625116 0.0101514
999 0.79191 0.0658799 0.0125129
1000 0.79191 0.0660257 0.012156
1000 0.4762 0.0602248 0.00935182
1000 0.4762 0.0661374 0.011482
1000 0.4762 0.0648671 0.0117028
1000 0.4762 0.0687141 0.0137551
1000 0.4762 0.0597654 0.0104308
