0 0.21854 0.0362827 0.00303376
1 0.24641 0.0222226 0.00200738
2 0.29193 0.0260283 0.00259239
3 0.29193 0.034784 0.00381231
4 0.29193 0.0321188 0.00323778
5 0.29193 0.0252583 0.00241305
6 0.29584 0.0278311 0.00301541
7 0.29584 0.035903 0.00379232
8 0.29584 0.0394537 0.00368238
9 0.29584 0.0256049 0.00275143
10 0.29584 0.0181293 0.00148534
11 0.29584 0.0356022 0.00356927
12 0.29584 0.0353732 0.00333179
13 0.29584 0.0289531 0.00309395
14 0.33697 0.0390854 0.00441668
15 0.33697 0.0344584 0.0041627
16 0.33697 0.0328865 0.00341389
17 0.33697 0.0413982 0.00428348
18 0.33697 0.0341559 0.00364206
19 0.33697 0.0442175 0.00510196
20 0.33697 0.0434885 0.00451238
21 0.33697 0.0374313 0.00388808
22 0.33697 0.0347553 0.00359943
23 0.33697 0.031259 0.00274785
24 0.33697 0.0428565 0.00451106
25 0.33697 0.0395416 0.00402738
26 0.33697 0.0396933 0.00430802
27 0.33697 0.0420411 0.00382249
28 0.33697 0.0405516 0.00480511
29 0.35793 0.0460479 0.00511631
30 0.35793 0.0427349 0.00428842
31 0.35793 0.0356067 0.00373351
32 0.35793 0.0383253 0.00414027
33 0.35793 0.040301 0.00418078
34 0.35793 0.0345456 0.00368813
35 0.35793 0.0374012 0.00404184
36 0.35793 0.0384575 0.00418231
37 0.35793 0.0434415 0.00474351
38 0.35793 0.0450694 0.00544776
39 0.35793 0.0379807 0.00365265
40 0.35793 0.0369397 0.00365938
41 0.35793 0.0448839 0.00507833
42 0.35793 0.0484667 0.00525025
43 0.35793 0.0446049 0.00498841
44 0.35793 0.0376484 0.00422459
45 0.35793 0.0513569 0.00550236
46 0.35793 0.0354324 0.00418925
47 0.35793 0.0381332 0.00427542
48 0.35793 0.0325322 0.00332642
49 0.35793 0.0344178 0.0038061
50 0.35793 0.0275749 0.00317932
51 0.35793 0.0426542 0.0049712
52 0.35793 0.0420143 0.00415848
53 0.35793 0.0349271 0.0036005
54 0.35793 0.0313903 0.00326104
55 0.35793 0.0362511 0.00374987
56 0.35793 0.0330427 0.00345523
57 0.35793 0.0413982 0.00477938
58 0.35793 0.0309036 0.00307183
59 0.35793 0.0459089 0.00483718
60 0.35793 0.0328463 0.00314988
61 0.35793 0.0449855 0.00462942
62 0.35793 0.0413214 0.00491227
63 0.35793 0.0451544 0.00440455
64 0.35793 0.0424738 0.00455927
65 0.35793 0.0424833 0.00474905
66 0.35793 0.0322228 0.00318331
67 0.35793 0.0325934 0.00323589
68 0.35921 0.0452926 0.0055468
69 0.35921 0.0381357 0.00438112
70 0.35921 0.0421247 0.00471819
71 0.35921 0.041001 0.00476205
72 0.35921 0.038619 0.00426842
73 0.35921 0.0373521 0.00424682
74 0.35921 0.033403 0.00425691
75 0.35921 0.0296642 0.00291902
76 0.35921 0.0429524 0.0047812
77 0.35921 0.0358281 0.00394085
78 0.35921 0.0332099 0.00338924
79 0.35921 0.0359076 0.00382953
80 0.35921 0.0368337 0.00420389
81 0.35921 0.0351209 0.00380179
82 0.35921 0.0432054 0.00451957
83 0.35921 0.0462825 0.00511994
84 0.35921 0.038359 0.0041987
85 0.35921 0.0420372 0.00431857
86 0.35921 0.0365607 0.00414005
87 0.35921 0.0428021 0.00439926
88 0.35921 0.0473517 0.00496727
89 0.35921 0.0492171 0.00530863
90 0.35921 0.0405234 0.00376867
91 0.35921 0.0400904 0.00426497
92 0.35921 0.0395725 0.0039192
93 0.35921 0.0412914 0.00520013
94 0.35921 0.0369861 0.00427087
95 0.35921 0.0393259 0.00378839
96 0.35921 0.0439169 0.00491621
97 0.35921 0.0387595 0.004145
98 0.35921 0.0375848 0.00448481
99 0.35921 0.0347446 0.00341519
100 0.35921 0.0417884 0.0048777
101 0.35921 0.0448836 0.00485214
102 0.35921 0.0354218 0.00395238
103 0.35921 0.0391764 0.00364564
104 0.35921 0.0437696 0.00483673
105 0.35921 0.0409313 0.00410509
106 0.35921 0.0408576 0.00413388
107 0.35921 0.0396654 0.00456798
108 0.35921 0.0440715 0.00485721
109 0.35921 0.0445577 0.00497488
110 0.35921 0.0388701 0.00368508
111 0.35921 0.0391089 0.00418027
112 0.35921 0.0505332 0.00558273
113 0.35921 0.0399006 0.00475771
114 0.35921 0.0413893 0.0043089
115 0.35921 0.0359991 0.00385048
116 0.35921 0.0405545 0.00446499
117 0.35921 0.039678 0.00468828
118 0.35921 0.0441482 0.00484423
119 0.35921 0.042568 0.00406804
120 0.35921 0.0289508 0.00264641
121 0.35921 0.0377563 0.00396932
122 0.35921 0.0448834 0.00526677
123 0.35921 0.0384018 0.00388001
124 0.35921 0.0453389 0.00467022
125 0.35921 0.036426 0.00381427
126 0.35921 0.0395612 0.00435927
127 0.35921 0.0387234 0.00429901
128 0.35921 0.0378738 0.0042782
129 0.35921 0.0422634 0.00451436
130 0.35921 0.0408499 0.00450345
131 0.35921 0.0416916 0.00472191
132 0.35921 0.0437098 0.00503882
133 0.35921 0.040203 0.00410299
134 0.35921 0.0405246 0.00425154
135 0.35921 0.0452953 0.0048562
136 0.35921 0.0470333 0.00509037
137 0.35921 0.0510222 0.00567077
138 0.35921 0.043206 0.00437966
139 0.35921 0.0500499 0.00541202
140 0.35921 0.0375557 0.00344812
141 0.35921 0.0448707 0.00517947
142 0.35921 0.0447624 0.00487794
143 0.35921 0.0399433 0.00389055
144 0.35921 0.0343616 0.00355697
145 0.35921 0.0367279 0.00364846
146 0.35921 0.0438479 0.00461822
147 0.35921 0.0387234 0.00408278
148 0.35921 0.031565 0.00326246
149 0.35921 0.0347842 0.0034994
150 0.35921 0.0488553 0.00529897
151 0.35921 0.0339539 0.00344453
152 0.35921 0.0419335 0.00393996
153 0.35921 0.0332421 0.00360981
154 0.35921 0.0347867 0.00388222
155 0.35921 0.0445281 0.00490592
156 0.35921 0.0425411 0.00464252
157 0.35921 0.0512131 0.0056169
158 0.35921 0.0532589 0.00554624
159 0.3726 0.0382599 0.004274
160 0.3726 0.0396227 0.00392843
161 0.3726 0.0505735 0.0055224
162 0.3726 0.0428458 0.00441472
163 0.3726 0.048305 0.00506484
164 0.3726 0.038855 0.00427397
165 0.3726 0.0393842 0.00464837
166 0.3726 0.0468779 0.00517338
167 0.3726 0.0385655 0.00407295
168 0.3726 0.0387028 0.00425259
169 0.3726 0.0411781 0.00414624
170 0.39402 0.0433799 0.00525033
171 0.39402 0.044016 0.00535685
172 0.39402 0.0477346 0.00520511
173 0.39402 0.0382254 0.00406308
174 0.39402 0.0419287 0.00493881
175 0.39402 0.0533715 0.00610854
176 0.39402 0.0339334 0.0032039
177 0.39402 0.0403801 0.00422153
178 0.39402 0.0403071 0.00401739
179 0.39402 0.055025 0.00608496
180 0.39402 0.0410622 0.0049292
181 0.39402 0.0397186 0.00423195
182 0.39402 0.0349278 0.00360742
183 0.39402 0.035567 0.00458421
184 0.39402 0.0417726 0.00463864
185 0.41372 0.0474243 0.00605422
186 0.41372 0.040554 0.00447063
187 0.41372 0.0432483 0.00542412
188 0.41372 0.0382928 0.00447759
189 0.41372 0.0432175 0.00579402
190 0.41372 0.0407651 0.00522098
191 0.4762 0.0467661 0.00635468
192 0.4762 0.049384 0.00620957
193 0.4762 0.0466982 0.00620445
194 0.4762 0.0465712 0.00520718
195 0.4762 0.0529497 0.0070986
196 0.4762 0.0507433 0.00663631
197 0.4762 0.0444553 0.00570855
198 0.4762 0.0539554 0.00710513
199 0.4762 0.0490092 0.00620266
200 0.4762 0.052407 0.00669596
201 0.4762 0.053342 0.00771205
202 0.4762 0.0428306 0.0063395
203 0.4762 0.0476069 0.00629618
204 0.4762 0.0579483 0.00958563
205 0.4762 0.0539703 0.00717121
206 0.4762 0.0472545 0.00698045
207 0.4762 0.0405772 0.00526829
208 0.4762 0.0556199 0.00858254
209 0.4762 0.0480101 0.00669119
210 0.4762 0.0510839 0.00746266
211 0.4762 0.0593291 0.00932589
212 0.49398 0.0641435 0.0111186
213 0.49398 0.0522407 0.00843519
214 0.49398 0.0623654 0.0100768
215 0.49398 0.0501771 0.00787785
216 0.49398 0.0557163 0.0078826
217 0.49398 0.0566868 0.00885695
218 0.49398 0.0546584 0.00681302
219 0.49398 0.0535265 0.00713505
220 0.49398 0.0572065 0.00867949
221 0.49398 0.053491 0.00774131
222 0.49398 0.0578316 0.00789895
223 0.52099 0.0509527 0.00825669
224 0.52099 0.0631745 0.0105902
225 0.52099 0.0648864 0.0116313
226 0.58143 0.0526234 0.00900721
227 0.58143 0.0397091 0.00551064
228 0.58143 0.0517169 0.00838126
229 0.58143 0.0585648 0.0106068
230 0.58143 0.0527863 0.00760127
231 0.58143 0.0554846 0.0104723
232 0.58143 0.0462976 0.00724648
233 0.58143 0.0474731 0.0076332
234 0.58143 0.0593686 0.00894138
235 0.58143 0.0543107 0.00826154
236 0.58143 0.051869 0.00798951
237 0.58143 0.0479379 0.00810102
238 0.58143 0.0454986 0.00763244
239 0.58143 0.0626609 0.0103611
240 0.58143 0.055139 0.0105485
241 0.58143 0.0584569 0.0120958
242 0.58143 0.0518532 0.00975031
243 0.58143 0.0559003 0.0102592
244 0.58143 0.0513751 0.00917069
245 0.58143 0.0547891 0.0105542
246 0.58143 0.0535622 0.00965505
247 0.58143 0.0608929 0.0113501
248 0.69254 0.0525215 0.0105728
249 0.69254 0.0544155 0.0104924
250 0.69254 0.0594603 0.00984711
251 0.69254 0.0570168 0.0117287
252 0.69254 0.0530287 0.0077229
253 0.69254 0.0549055 0.00824777
254 0.69254 0.0442597 0.00950132
255 0.69254 0.0546686 0.0109555
256 0.69254 0.060665 0.0131306
257 0.69254 0.0562404 0.0117844
258 0.69254 0.056694 0.009714
259 0.69254 0.067133 0.0137394
260 0.71438 0.0561368 0.012876
261 0.71438 0.0481394 0.0106733
262 0.71438 0.0634677 0.0146442
263 0.71438 0.068439 0.0152234
264 0.71438 0.0709089 0.0174318
265 0.71438 0.0655131 0.0134234
266 0.71438 0.0573997 0.0107505
267 0.92064 0.0617749 0.0167313
268 0.92064 0.0635665 0.0146972
269 0.92064 0.0625987 0.010958
270 0.92064 0.0560958 0.0111945
271 0.92064 0.0679653 0.0157771
272 0.92064 0.0569885 0.0110902
273 0.92064 0.0433183 0.00702072
274 0.92064 0.0631482 0.0130053
275 0.92064 0.0648329 0.0135937
276 0.92064 0.058818 0.0105822
277 0.92064 0.0544865 0.00904519
278 0.92064 0.0525497 0.0103763
279 0.92064 0.0559979 0.00959546
280 0.92064 0.0612222 0.0109684
281 0.92064 0.0459521 0.0071347
282 0.92064 0.059108 0.0119952
283 1.01 0.0776069 0.0197539
283 1.01 0.0676922 0.0145941
283 0.4762 0.0566188 0.00975176
284 0.4762 0.0546888 0.00871942
285 0.4762 0.0541279 0.00903843
286 0.6508 0.0657177 0.0130586
287 0.6508 0.0553718 0.00980936
288 0.6508 0.0538928 0.00868606
289 0.6508 0.0587568 0.00952165
290 0.6508 0.053989 0.0090651
291 0.6508 0.0576066 0.00984079
292 0.6508 0.067466 0.0127317
293 0.6508 0.0509275 0.00988723
294 0.6508 0.0574508 0.0109229
295 0.6508 0.0529198 0.0113995
296 0.6508 0.0619071 0.0125847
297 0.6508 0.0502223 0.00804163
298 0.6508 0.045847 0.00814438
299 0.6508 0.0500164 0.00907772
300 0.6508 0.0404807 0.00637983
301 0.6508 0.0538737 0.0100877
302 0.6508 0.0514944 0.00859709
303 0.6508 0.0502828 0.00915109
304 0.6508 0.0515366 0.0098637
305 0.6508 0.0578749 0.011818
306 0.6508 0.0544147 0.0105463
307 0.6508 0.0542646 0.0108639
308 0.6508 0.0605061 0.0129247
309 0.6508 0.0554913 0.0131826
310 0.6508 0.057904 0.0128994
311 0.6508 0.0527494 0.00897765
312 0.6508 0.058268 0.0111676
313 0.6508 0.047689 0.00914976
314 0.6508 0.0548748 0.0111956
315 0.6508 0.059472 0.0103656
316 0.6508 0.0523862 0.00971845
317 0.6508 0.0546141 0.0103237
318 0.6508 0.0569283 0.0109351
319 0.6508 0.0648686 0.0136069
320 0.6508 0.0687318 0.0143892
321 0.6508 0.057324 0.00939487
322 0.6508 0.0697922 0.014803
323 0.6508 0.0656528 0.0140114
324 0.6508 0.0509224 0.0114351
325 0.6508 0.0493156 0.0110618
326 0.6508 0.047611 0.00923924
327 0.6508 0.0623193 0.0119071
328 0.6508 0.0500606 0.0101388
329 0.6508 0.0503733 0.00870906
330 0.6508 0.044306 0.00806926
331 0.6508 0.0456154 0.0071462
332 0.6508 0.044239 0.00730609
333 0.6508 0.0449865 0.00678002
334 0.6508 0.0626452 0.0110005
335 0.6508 0.0624931 0.0124356
336 0.6508 0.0472269 0.00744119
337 0.6508 0.0539194 0.00948629
338 0.6508 0.0542527 0.00927304
339 0.6508 0.0394054 0.00531611
340 0.6508 0.0565276 0.0100245
341 0.6508 0.0553448 0.00887345
342 0.6508 0.0507497 0.00908471
343 0.6508 0.0437083 0.00687313
344 0.6508 0.0586823 0.0105915
345 0.6508 0.0646998 0.0116112
346 0.6508 0.0602168 0.0114651
347 0.6508 0.0452154 0.0074871
348 0.6508 0.0489793 0.00814618
349 0.6508 0.0457507 0.00779968
350 0.6508 0.066455 0.0121253
351 0.6508 0.0579447 0.0101271
352 0.6508 0.0550688 0.00980442
353 0.6508 0.04397 0.00712322
354 0.6508 0.0462551 0.00747595
355 0.80366 0.0555334 0.0111631
356 1.01 0.0704828 0.0172821
356 0.52381 0.0545897 0.010691
357 0.55388 0.0639683 0.0134578
358 0.55388 0.0719409 0.0131377
359 0.55388 0.067219 0.0133227
360 0.55388 0.0644896 0.0107848
361 0.55388 0.0537548 0.00922185
362 0.55388 0.0539565 0.00930924
363 0.55388 0.063158 0.0118162
364 0.55388 0.0580015 0.00911962
365 0.55388 0.0497397 0.00884511
366 0.55388 0.0497256 0.00753159
367 0.55388 0.0604404 0.00975076
368 0.55388 0.0616365 0.0121598
369 0.55388 0.0605886 0.00959511
370 0.55388 0.0647131 0.0115431
371 0.55388 0.0445601 0.00775217
372 0.55388 0.0568863 0.0106827
373 0.55388 0.0610213 0.0124619
374 0.55388 0.0441255 0.00676924
375 0.55388 0.0507313 0.008853
376 0.55388 0.0458523 0.00910826
377 0.55388 0.0385921 0.00634552
378 0.55388 0.045419 0.00824139
379 0.55388 0.0417336 0.0087156
380 0.55388 0.0529097 0.0116748
381 0.55388 0.0572819 0.0118284
382 0.55388 0.057774 0.0131993
383 0.55388 0.0505166 0.00921452
384 0.55388 0.0588336 0.0143578
385 0.55388 0.0515613 0.0102396
386 0.55388 0.0432709 0.00758997
387 0.55388 0.0429229 0.00699859
388 0.55388 0.0482173 0.00869218
389 0.55388 0.0449735 0.00863989
390 0.55388 0.0392555 0.00662582
391 0.55388 0.0438206 0.00554103
392 0.55388 0.0547885 0.00828588
393 0.55388 0.0523046 0.00950523
394 0.55388 0.0468981 0.00833348
395 0.55388 0.0660978 0.0111481
396 0.55388 0.0517132 0.00918767
397 0.55388 0.0495059 0.00861609
398 0.55388 0.0554456 0.00807744
399 0.55388 0.059649 0.00912607
400 0.55388 0.0451915 0.00725575
401 0.55388 0.0575194 0.0107868
402 0.55388 0.0473932 0.00822574
403 0.55388 0.0605443 0.0107845
404 0.55388 0.0541814 0.00993952
405 0.55388 0.0645985 0.0131509
406 0.55388 0.0557307 0.00938292
407 0.55388 0.0550405 0.00904233
408 0.55388 0.0599747 0.0103847
409 0.80953 0.0625887 0.0145375
410 0.80953 0.0584841 0.0104726
411 0.80953 0.0605791 0.0104779
412 0.80953 0.0623458 0.0120209
413 0.80953 0.0576332 0.012155
414 0.80953 0.0549839 0.0102527
415 0.80953 0.0533203 0.00893959
416 0.80953 0.0572816 0.0121843
417 0.80953 0.0659776 0.0123098
418 0.80953 0.0563895 0.0120521
419 0.80953 0.0726437 0.0147096
420 0.80953 0.057129 0.0128138
421 0.80953 0.0726508 0.0162431
422 0.80953 0.0691094 0.0140686
423 0.80953 0.0711102 0.0127303
424 0.80953 0.0651481 0.0122739
425 0.80953 0.0654625 0.0127095
426 0.80953 0.0522281 0.0103203
427 0.80953 0.0657378 0.0147977
428 0.80953 0.061865 0.0133165
429 0.80953 0.0770952 0.0176957
430 0.80953 0.0610074 0.0129836
431 0.80953 0.0704822 0.0152724
432 0.80953 0.0639667 0.0128807
433 0.80953 0.0714416 0.0151646
434 0.80953 0.0454553 0.00950696
435 0.80953 0.0597389 0.0129965
436 0.80953 0.0682369 0.0130714
437 0.80953 0.0733633 0.0154072
438 0.80953 0.062572 0.0115485
439 0.80953 0.06372 0.0131514
440 0.80953 0.0645759 0.0138612
441 0.80953 0.0598646 0.0132333
442 0.80953 0.0649479 0.014684
443 0.80953 0.0597624 0.0109522
444 0.80953 0.0528322 0.00901638
445 0.80953 0.0617708 0.0106743
446 0.80953 0.0503934 0.00935349
447 0.80953 0.0643337 0.0135815
448 0.80953 0.0592992 0.0126972
449 0.80953 0.0565271 0.0101006
450 0.80953 0.0488922 0.00824909
451 0.80953 0.0701185 0.0149222
452 0.80953 0.0555995 0.0105863
453 0.80953 0.0567749 0.011919
454 0.80953 0.0656569 0.0124673
455 0.80953 0.0355117 0.00597304
456 0.80953 0.0578331 0.0123167
457 0.80953 0.0493531 0.00838564
458 0.80953 0.0596333 0.013255
459 0.80953 0.0592181 0.0106922
460 0.80953 0.0586034 0.0107145
461 0.80953 0.045806 0.00766726
462 0.80953 0.0478835 0.00875079
463 0.80953 0.0479909 0.0098091
464 0.80953 0.0606566 0.0111813
465 0.80953 0.0600018 0.0120209
466 0.80953 0.058872 0.0101064
467 0.80953 0.0557411 0.00894488
468 0.80953 0.0508436 0.00897977
469 0.80953 0.0561587 0.00983244
470 0.80953 0.0622417 0.0121902
471 0.80953 0.0528515 0.0103955
472 0.80953 0.0490536 0.00931997
473 0.80953 0.04782 0.00825463
474 0.80953 0.0478915 0.00869798
475 0.80953 0.0471473 0.00729089
476 0.80953 0.0526599 0.0100872
477 0.80953 0.0618415 0.0108327
478 0.80953 0.0604109 0.0134598
479 0.80953 0.0681582 0.0145913
480 0.80953 0.0664863 0.0143881
481 0.80953 0.0621103 0.0109748
482 0.80953 0.0546103 0.0107981
483 0.80953 0.0597831 0.0121525
484 0.80953 0.0565955 0.0100162
485 0.80953 0.0538581 0.0112169
486 0.80953 0.0563919 0.0098719
487 0.80953 0.048043 0.00733863
488 0.80953 0.0438231 0.00951974
489 0.80953 0.0437267 0.00904722
490 0.80953 0.0431398 0.00710302
491 0.80953 0.0350073 0.00489891
492 0.80953 0.0505566 0.00920693
493 0.80953 0.0583087 0.0116844
494 0.80953 0.0631157 0.0128941
495 0.80953 0.0595328 0.0131069
496 0.80953 0.0529381 0.0108701
497 0.80953 0.0553191 0.0112536
498 0.80953 0.063708 0.0128965
499 0.80953 0.0542203 0.010597
500 0.80953 0.055171 0.0109852
501 0.80953 0.0505381 0.00839105
502 0.80953 0.0568747 0.0124316
503 0.80953 0.0634343 0.00998039
504 0.80953 0.0510014 0.0103324
505 0.80953 0.0600726 0.0114896
506 0.80953 0.0620877 0.0143303
507 0.80953 0.0626492 0.0121939
508 0.80953 0.0562224 0.0105752
509 0.80953 0.0500611 0.0110464
510 0.80953 0.0558147 0.0121969
511 0.80953 0.0418369 0.00811874
512 0.80953 0.0537034 0.0101002
513 0.89827 0.0536303 0.0137353
514 0.89827 0.0574258 0.0125538
515 0.89827 0.0576437 0.0110055
516 0.89827 0.0500358 0.00969106
517 0.89827 0.0446603 0.0073577
518 0.89827 0.0439502 0.00859969
519 0.89827 0.0512869 0.0111719
520 0.89827 0.0575372 0.011822
521 0.89827 0.0484631 0.00980189
522 0.89827 0.069692 0.0174908
523 0.89827 0.0477973 0.0108294
524 1.01 0.0502175 0.0129982
524 0.4762 0.0578622 0.0115853
525 0.4762 0.0506799 0.0101453
526 0.4762 0.0521869 0.00882141
527 0.4762 0.0554287 0.0112604
528 0.4762 0.0468919 0.00902094
529 0.49207 0.0562221 0.0116868
530 0.49207 0.051819 0.0114169
531 0.49207 0.0512597 0.0109264
532 0.50612 0.0627484 0.0159323
533 0.50612 0.0481926 0.0103516
534 0.50612 0.0485084 0.00927607
535 0.50612 0.0535755 0.0115416
536 0.50612 0.0490667 0.00967642
537 0.50612 0.0609887 0.0137071
538 0.55556 0.0514644 0.0120759
539 0.55556 0.0568377 0.0141042
540 0.55556 0.0555399 0.0116549
541 0.55556 0.0571995 0.0119793
542 0.55556 0.0538202 0.0110315
543 0.55556 0.0578758 0.0122938
544 0.55556 0.0615569 0.0135418
545 0.55556 0.0613591 0.0130686
546 0.55556 0.0632951 0.013182
547 0.55556 0.0599257 0.0129214
548 0.55556 0.0512165 0.0113574
549 0.55556 0.0602698 0.0126705
550 0.69254 0.0595741 0.0155162
551 0.69254 0.0525947 0.0112179
552 0.69254 0.0553524 0.0113674
553 0.69254 0.0531058 0.0089018
554 0.69254 0.035154 0.00631926
555 0.69254 0.0539614 0.0106636
556 0.69254 0.0610662 0.0133744
557 0.69254 0.0633069 0.0137995
558 0.69254 0.0504898 0.0100586
559 0.69254 0.0540794 0.0111975
560 0.69254 0.0573185 0.01188
561 0.69254 0.0547946 0.012582
562 0.69254 0.0622813 0.0105055
563 0.69254 0.0507771 0.009428
564 0.69254 0.0448961 0.00803215
565 0.69254 0.0605706 0.010848
566 0.69254 0.0457434 0.0068183
567 0.69254 0.0426694 0.00696395
568 0.69254 0.0511654 0.00874625
569 0.69254 0.0470483 0.00807858
570 0.69254 0.047723 0.00687079
571 0.69254 0.044172 0.00720155
572 0.69254 0.052075 0.0104594
573 0.69254 0.0439428 0.00680958
574 0.69254 0.0517421 0.0106844
575 0.69254 0.0498812 0.00865251
576 0.69254 0.0519414 0.0109464
577 0.69254 0.0567658 0.0100657
578 0.69254 0.0495923 0.00897478
579 0.69254 0.0589572 0.0113491
580 0.69254 0.0506062 0.0083517
581 0.69254 0.0427708 0.00790366
582 0.69254 0.0401736 0.00557534
583 0.69254 0.061464 0.0119806
584 0.69254 0.0541028 0.0102356
585 0.69254 0.0515616 0.0104832
586 0.69254 0.0416159 0.00780184
587 0.69254 0.0516096 0.00898702
588 0.69254 0.0479043 0.00908268
589 0.69254 0.0527757 0.00901151
590 0.69254 0.0510292 0.00854932
591 0.69254 0.0413841 0.00644732
592 0.69254 0.0421296 0.00665663
593 0.69254 0.0466069 0.00777803
594 0.69254 0.048477 0.0082374
595 0.69254 0.0555038 0.0103237
596 0.69254 0.0564744 0.0119141
597 0.69254 0.0567773 0.0130936
598 0.69254 0.0553641 0.0105445
599 0.69254 0.0486967 0.00919617
600 0.69254 0.0600143 0.0118481
601 0.69254 0.0564087 0.0113477
602 0.69254 0.0464083 0.00707982
603 0.69254 0.0660876 0.014765
604 0.69254 0.0595154 0.0123498
605 0.69254 0.0539782 0.0113878
606 0.69254 0.0583606 0.0121124
607 0.69254 0.0684617 0.0131704
608 0.69254 0.0655272 0.0116187
609 0.69254 0.0666698 0.0136508
610 0.69254 0.0531271 0.00997042
611 0.69254 0.0665643 0.0135055
612 0.69254 0.0594252 0.0128947
613 0.69254 0.0557463 0.00998917
614 0.69254 0.0508744 0.00854129
615 0.69254 0.0373943 0.00592462
616 0.69254 0.056589 0.0106878
617 0.69254 0.0692342 0.0143698
618 0.69254 0.0528117 0.00804838
619 0.69254 0.0560461 0.0113126
620 0.69254 0.0575512 0.00988251
621 0.69254 0.0632004 0.0121571
622 0.69254 0.0577042 0.0105185
623 0.69254 0.0488368 0.00971156
624 0.69254 0.0549578 0.0131988
625 0.69254 0.0503428 0.00737712
626 0.69254 0.0491871 0.00890969
627 0.69254 0.0546511 0.0107802
628 0.69254 0.0604806 0.0118959
629 0.69254 0.0515142 0.0110939
630 0.69254 0.0536563 0.0104767
631 0.69254 0.0647079 0.0115491
632 0.69254 0.0544496 0.0100725
633 0.69254 0.0556791 0.010461
634 0.69254 0.0574715 0.012773
635 0.69254 0.0576425 0.0113336
636 0.69254 0.0566781 0.0123215
637 0.69254 0.0635121 0.0135112
638 0.69254 0.0592226 0.0129889
639 0.69254 0.0584866 0.0130124
640 0.69254 0.0557712 0.0125087
641 0.69254 0.0598257 0.0137365
642 0.69254 0.0603583 0.0114588
643 0.69254 0.0543787 0.0106646
644 0.69254 0.0613321 0.0137475
645 0.69254 0.0545324 0.0123472
646 0.69254 0.0650076 0.0150314
647 0.69254 0.0726841 0.0162022
648 0.69254 0.0545649 0.0108097
649 0.69254 0.0598433 0.011015
650 0.69254 0.0546628 0.0129907
651 0.69254 0.0488361 0.00850769
652 0.69254 0.0645033 0.0146894
653 0.69254 0.0631602 0.0131443
654 0.69254 0.0545844 0.0106893
655 0.69254 0.0768366 0.0195978
656 0.69254 0.0607525 0.0112636
657 0.69254 0.0713035 0.0158844
658 0.69254 0.0582228 0.0118018
659 0.69254 0.066894 0.0156711
660 0.69254 0.0573067 0.0106423
661 0.69254 0.0665545 0.0156663
662 0.69254 0.065366 0.0126804
663 0.69254 0.0601785 0.0119006
664 0.69254 0.0622684 0.012988
665 0.69254 0.0646229 0.014285
666 0.69254 0.0495206 0.0102988
667 0.69254 0.0678522 0.0144072
668 0.69254 0.0633826 0.0118328
669 0.69254 0.0514228 0.0103253
670 0.69254 0.0563574 0.0120495
671 0.69254 0.0542589 0.00981143
672 0.69254 0.059341 0.0112664
673 0.69254 0.0725056 0.0153725
674 0.69254 0.0626932 0.0140527
675 0.69254 0.0576447 0.0119279
676 0.69254 0.0593415 0.0122248
677 0.69254 0.0590963 0.0133094
678 0.69254 0.0713252 0.0160288
679 0.69254 0.0674838 0.0146197
680 0.69254 0.0615492 0.0134807
681 0.69254 0.0784808 0.0170583
682 0.69254 0.0527298 0.0101903
683 0.69254 0.0621476 0.0121646
684 0.69254 0.0649256 0.0117503
685 0.69254 0.0764696 0.0160038
686 0.69254 0.0573195 0.0101746
687 0.69254 0.0662668 0.0127202
688 0.69254 0.0651874 0.0129686
689 0.69254 0.0611311 0.0124198
690 0.69254 0.0557714 0.0105962
691 0.69254 0.0514998 0.010238
692 0.69254 0.0599287 0.0141322
693 0.69254 0.0665129 0.0157077
694 0.69254 0.0599088 0.0133664
695 0.69254 0.0580853 0.0126809
696 0.69254 0.0563849 0.0121876
697 0.69254 0.0703378 0.0151457
698 0.69254 0.0592204 0.0133978
699 0.69254 0.050224 0.00886603
700 0.69254 0.049098 0.00973899
701 0.69254 0.0474089 0.00849609
702 0.69254 0.0508652 0.0105017
703 0.69254 0.0518902 0.00938403
704 0.69254 0.0418572 0.00760485
705 0.69254 0.0625981 0.0138719
706 0.69254 0.0564936 0.010033
707 0.69254 0.0561489 0.0108172
708 0.69254 0.0570016 0.00987834
709 0.69254 0.0541979 0.0102337
710 0.69254 0.0573814 0.0123773
711 0.69254 0.0703148 0.013824
712 0.69254 0.0618547 0.0127009
713 0.69254 0.0596153 0.0101885
714 0.69254 0.0651676 0.011907
715 0.69254 0.0648896 0.0121446
716 0.69254 0.0517179 0.00950935
717 0.69254 0.0471064 0.00966559
718 0.69254 0.0641134 0.0135092
719 0.69254 0.0600661 0.0123773
720 0.69254 0.0562728 0.0103163
721 0.69254 0.0429532 0.00695312
722 0.69254 0.0525239 0.0103964
723 0.69254 0.0392099 0.00583603
724 0.69254 0.0542773 0.0107167
725 0.69254 0.0547518 0.0106715
726 0.69254 0.0614564 0.0109813
727 0.69254 0.053798 0.0094417
728 0.69254 0.0442108 0.00786534
729 0.69254 0.0528594 0.0093801
730 0.69254 0.0697492 0.0147654
731 0.69254 0.0614249 0.011918
732 0.69254 0.0621094 0.0118626
733 0.69254 0.0476659 0.00884994
734 0.69254 0.0578254 0.0104162
735 0.69254 0.0533262 0.00893661
736 0.69254 0.0584769 0.0114
737 0.69254 0.0530529 0.0113931
738 0.69254 0.0571744 0.0120286
739 0.69254 0.0540595 0.013172
740 0.69254 0.0525871 0.0105755
741 0.69254 0.0625365 0.0128631
742 0.69254 0.0501037 0.00964435
743 0.69254 0.0536002 0.00985202
744 0.69254 0.0439437 0.00630511
745 0.69254 0.0591288 0.0105989
746 0.69254 0.0541694 0.0103156
747 0.69254 0.0538447 0.0108116
748 0.69254 0.0622567 0.0117527
749 0.69254 0.0521724 0.0101449
750 0.69254 0.0608524 0.0121706
751 0.69254 0.071061 0.0145163
752 0.69254 0.0580323 0.0103817
753 0.69254 0.0650673 0.0137996
754 0.69254 0.0630258 0.0125464
755 0.69254 0.0712317 0.0153139
756 0.69254 0.062437 0.0144395
757 0.69254 0.0556313 0.0123273
758 0.69254 0.0618425 0.0100337
759 0.69254 0.0602636 0.0117421
760 0.69254 0.0631176 0.0121335
761 0.69254 0.0645688 0.0110589
762 0.69254 0.0547624 0.0108102
763 0.69254 0.0657711 0.014144
764 0.69254 0.0760719 0.0166828
765 0.69254 0.0664518 0.0136723
766 0.69254 0.0589248 0.0134659
767 0.69254 0.0656678 0.0131257
768 0.69254 0.0736554 0.0151474
769 0.69254 0.0535131 0.0112637
770 0.69254 0.0698471 0.0141372
771 0.69254 0.0656554 0.012463
772 0.69254 0.0484321 0.00858353
773 0.69254 0.0500572 0.0101068
774 0.69254 0.0555027 0.0102036
775 0.69254 0.0578114 0.0116673
776 0.69254 0.0690085 0.011957
777 0.69254 0.0571319 0.010627
778 0.69254 0.0597428 0.0126067
779 0.69254 0.0672174 0.0153529
780 0.69254 0.0617997 0.0157066
781 0.69254 0.0622107 0.0123044
782 0.69254 0.0654167 0.0121675
783 0.69254 0.0649841 0.0127411
784 0.69254 0.0523556 0.00862845
785 0.69254 0.0452787 0.00861387
786 0.69254 0.0535212 0.0091176
787 0.69254 0.0523084 0.0114357
788 0.69254 0.0701267 0.0143953
789 0.69254 0.0660259 0.0118561
790 0.69254 0.0770797 0.0165206
791 1 0.0701418 0.0203396
791 1 0.070669 0.0149847
791 0.85715 0.0754305 0.0201316
792 1 0.0644556 0.0154671
792 1 0.0608982 0.0136821
792 1.01 0.0591589 0.0142806
792 1 0.0709219 0.0205616
792 1 0.074241 0.0178373
793 1 0.0707107 0.0158614
794 1 0.0535479 0.0150649
795 1.01 0.0697614 0.0165141
796 1.01 0.0777904 0.0255349
797 1.01 0.0695327 0.0195462
798 1.01 0.0764217 0.0258384
799 1.01 0.0676507 0.0275872
800 1.01 0.0819118 0.0338757
801 1.01 0.0893833 0.0387077
802 1.01 0.082894 0.0388855
803 1.01 0.0549439 0.0203848
804 1.01 0.0742528 0.0238539
805 1.01 0.0793197 0.0237147
806 1.01 0.0765318 0.0277734
807 1.01 0.0648268 0.0189277
808 1.01 0.0636245 0.0184866
809 1.01 0.0824414 0.026355
810 1.01 0.0711264 0.0239808
811 1.01 0.0706624 0.0221083
812 1.01 0.0608596 0.014621
813 1.01 0.069551 0.0173751
814 1.01 0.0786663 0.0181635
815 1.01 0.0694437 0.0138437
816 1.01 0.068612 0.0175779
817 1.01 0.0628905 0.0208465
818 1.01 0.0622702 0.014634
819 1.01 0.0589496 0.0112036
820 1.01 0.0541291 0.0127976
821 1.01 0.0608188 0.0101563
822 1.01 0.066183 0.0118007
823 1.01 0.0598269 0.0125095
824 1.01 0.0615195 0.0116494
825 1.01 0.0620834 0.0105339
826 1.01 0.059124 0.0102156
827 1.01 0.0499996 0.00893661
828 1.01 0.0582557 0.00997714
829 1.01 0.0590251 0.010816
830 1.01 0.0559088 0.013217
831 1.01 0.0624066 0.0141699
832 1.01 0.0590664 0.00907998
833 1.01 0.0704138 0.0124098
834 1.01 0.0617289 0.0100036
835 1.01 0.0688712 0.015389
836 1.01 0.0611444 0.0118047
837 1.01 0.049457 0.0102692
838 1.01 0.0592446 0.0109422
839 1.01 0.060522 0.0104176
840 1.01 0.0618264 0.0143992
841 1.01 0.0669472 0.0145681
842 1.01 0.0620023 0.0133782
843 1.01 0.0554119 0.00965564
844 1.01 0.0622694 0.0154905
845 1.01 0.0703217 0.0140718
846 1.01 0.057087 0.0137659
847 1.01 0.0545639 0.00764631
848 1.01 0.0684077 0.0116509
849 1.01 0.0622872 0.0151986
850 1.01 0.0565927 0.0111519
851 1.01 0.0625251 0.0137105
852 1.01 0.0701003 0.0192037
853 1.01 0.0588748 0.012198
854 1.01 0.0577217 0.0102582
855 1.01 0.0498822 0.00864609
856 1.01 0.0580181 0.0137516
857 1.01 0.0677765 0.014023
858 1.01 0.0562102 0.0097354
859 1.01 0.0720507 0.0130414
860 1.01 0.0634017 0.0128055
861 1.01 0.0708993 0.0152372
862 1.01 0.068757 0.0125219
863 1.01 0.0553892 0.00988025
864 1.01 0.0672813 0.0140948
865 1.01 0.0582151 0.0102283
866 1.01 0.067647 0.0126255
867 1.01 0.067543 0.0137939
868 1.01 0.0631555 0.0119093
869 1.01 0.0641472 0.0138406
870 1.01 0.0624029 0.0108184
871 1.01 0.069024 0.0126741
872 1.01 0.0672799 0.013437
873 1.01 0.0654547 0.0125977
874 1.01 0.0741392 0.0146434
875 1.01 0.0473722 0.00840293
876 1.01 0.0710604 0.015851
877 1.01 0.0439247 0.00901827
878 1.01 0.0458744 0.00981767
879 1.01 0.0564076 0.0103341
880 1.01 0.0583496 0.0112309
881 1.01 0.0470514 0.00784965
882 1.01 0.0556312 0.0103738
883 1.01 0.0611041 0.0135154
884 1.01 0.0599209 0.0122027
885 1.01 0.0748705 0.0164208
886 1.01 0.0568775 0.011016
887 1.01 0.0584477 0.0116331
888 1.01 0.0746443 0.0162824
889 1.01 0.0669099 0.0134844
890 1.01 0.0686823 0.0131633
891 1.01 0.0508649 0.00718541
892 1.01 0.0617224 0.0124884
893 1.01 0.0621011 0.0112634
894 1.01 0.0611354 0.0129578
895 1.01 0.0562653 0.0104182
896 1.01 0.0623263 0.0122602
897 1.01 0.0644471 0.0127748
898 1.01 0.0572906 0.00996212
899 1.01 0.0653287 0.0130286
900 1.01 0.0662275 0.0113786
901 1.01 0.0501002 0.00861513
902 1.01 0.0634158 0.0140128
903 1.01 0.0621781 0.0116213
904 1.01 0.0657584 0.0134834
905 1.01 0.0565279 0.0112769
906 1.01 0.0533443 0.00937547
907 1.01 0.0527041 0.00829066
908 1.01 0.0554383 0.00929237
909 1.01 0.0589644 0.0102201
910 1.01 0.0488997 0.00899968
911 1.01 0.0594796 0.012261
912 1.01 0.0527675 0.0107351
913 1.01 0.0643554 0.0132416
914 1.01 0.0704465 0.015737
915 1.01 0.0626007 0.0129411
916 1.01 0.0489186 0.00774229
917 1.01 0.0549073 0.00951893
918 1.01 0.0534417 0.0084944
919 1.01 0.0481927 0.0075704
920 1.01 0.0535555 0.00921863
921 1.01 0.0708296 0.0118206
922 1.01 0.0625991 0.0117368
923 1.01 0.0673214 0.0120272
924 1.01 0.0565521 0.0104268
925 1.01 0.0633283 0.0114845
926 1.01 0.0706009 0.0126883
927 1.01 0.0641977 0.012825
928 1.01 0.0566439 0.0102933
929 1.01 0.0627848 0.0110789
930 1.01 0.0615568 0.0115981
931 1.01 0.0506092 0.00877937
932 1.01 0.0489114 0.00932749
933 1.01 0.0580356 0.00963472
934 1.01 0.0396817 0.00609248
935 1.01 0.056837 0.00910067
936 1.01 0.0625801 0.0094797
937 1.01 0.0539426 0.0125321
938 1.01 0.0515175 0.00872344
939 1.01 0.0614896 0.0116875
940 1.01 0.0444401 0.00699174
941 1.01 0.04941 0.00834918
942 1.01 0.0695437 0.0188698
943 1.01 0.058183 0.0104828
944 1.01 0.0619844 0.0138613
945 1.01 0.0562021 0.010295
946 1.01 0.0572314 0.00983848
947 1.01 0.055224 0.00997316
948 1.01 0.0501272 0.00847272
949 1.01 0.0581444 0.0118097
950 1.01 0.0635044 0.012095
951 1.01 0.0666534 0.0126231
952 1.01 0.06878 0.0141873
953 1.01 0.0730197 0.0135834
954 1.01 0.0690552 0.0121188
955 1.01 0.0677331 0.0126132
956 1.01 0.0579126 0.0112624
957 1.01 0.0683576 0.0169733
958 1.01 0.0691266 0.0145638
959 1.01 0.0733587 0.0128979
960 1.01 0.0560948 0.0116041
961 1.01 0.0706281 0.0174566
962 1.01 0.0618804 0.0119925
963 1.01 0.069776 0.0142873
964 1.01 0.0592303 0.00973155
965 1.01 0.0680913 0.0138396
966 1.01 0.0749713 0.0156759
967 1.01 0.0758571 0.0191404
968 1.01 0.0494253 0.0100122
969 1.01 0.0558851 0.0133803
970 1.01 0.0611022 0.0109927
971 1.01 0.0572652 0.00967896
972 1.01 0.0513295 0.00752841
973 1.01 0.0616877 0.0121227
974 1.01 0.0630608 0.0110662
975 1.01 0.0503443 0.00882985
976 1.01 0.0658485 0.0136058
977 1.01 0.0560771 0.00933535
978 1.01 0.0648172 0.0103339
979 1.01 0.0708548 0.0128484
980 1.01 0.0575976 0.010469
981 1.01 0.0566839 0.00991287
982 1.01 0.0622534 0.0110788
983 1.01 0.0588723 0.0091385
984 1.01 0.0683384 0.0131523
985 1.01 0.0553175 0.00977183
986 1.01 0.065682 0.0115659
987 1.01 0.0632442 0.0137651
988 1.01 0.0607152 0.0109833
989 1.01 0.055112 0.00992096
990 1.01 0.0576917 0.011758
991 1.01 0.0498865 0.0104373
992 1.01 0.0546328 0.0102427
993 1.01 0.0449758 0.00788923
994 1.01 0.0543874 0.00974969
995 1.01 0.0447782 0.00869525
996 1.01 0.0653498 0.0130778
997 1.01 0.0567925 0.0114761
998 1.01 0.0543886 0.00910423
999 1.01 0.0659593 0.0140541
1000 1.01 0.0582074 0.0107166
