0 0.22391 0.0422543 0.00349465
1 0.22391 0.0216005 0.00193019
2 0.2619 0.018804 0.0018418
3 0.31094 0.0346937 0.0042248
4 0.31094 0.0361395 0.00380814
5 0.31094 0.0311073 0.00366143
6 0.31094 0.026975 0.00236819
7 0.31094 0.0291066 0.00313029
8 0.31094 0.0301822 0.00317983
9 0.31251 0.0400398 0.00487136
10 0.32557 0.0269091 0.00315709
11 0.32557 0.0256799 0.00259678
12 0.32557 0.0288142 0.00312075
13 0.32557 0.034737 0.00328325
14 0.36744 0.0361603 0.00403712
15 0.36744 0.0302352 0.00293593
16 0.36744 0.0421294 0.00460383
17 0.36744 0.0312002 0.00353005
18 0.36744 0.032693 0.0035882
19 0.36744 0.0364344 0.00344934
20 0.36744 0.0292436 0.00303145
21 0.36744 0.0445011 0.00521607
22 0.36744 0.0440079 0.0045614
23 0.36744 0.0378754 0.00408791
24 0.40243 0.0346214 0.00400974
25 0.40243 0.0370425 0.00439259
26 0.40243 0.0381101 0.00397974
27 0.40243 0.0349259 0.00350721
28 0.40243 0.0341027 0.00390509
29 0.40243 0.0389158 0.00372566
30 0.40243 0.0350018 0.00422156
31 0.40243 0.0342829 0.00375864
32 0.4762 0.0455843 0.00735535
33 0.4762 0.040266 0.00456712
34 0.4762 0.0328433 0.00363068
35 0.4762 0.0414607 0.00530986
36 0.4762 0.051811 0.00672214
37 0.4762 0.043218 0.0050768
38 0.4762 0.0581233 0.00745702
39 0.4762 0.0531343 0.00728637
40 0.49207 0.0391602 0.00563674
41 0.49207 0.0465691 0.00617867
42 0.53596 0.0643204 0.00916666
43 0.53596 0.0482056 0.00904721
44 0.53596 0.0471281 0.00752056
45 0.53596 0.044679 0.00814513
46 0.53596 0.0593216 0.0108269
47 0.53596 0.0446265 0.00820121
48 0.53596 0.0565824 0.0101206
49 0.53596 0.0517078 0.00882822
50 0.53596 0.0521389 0.00870498
51 0.53596 0.0534038 0.00945341
52 0.53596 0.0573954 0.00878098
53 0.53596 0.0608431 0.0114361
54 0.53596 0.0614887 0.0102878
55 0.53596 0.0579274 0.0108641
56 0.53596 0.0382027 0.00583655
57 0.53596 0.0502319 0.00992509
58 0.53596 0.0621972 0.0103011
59 0.53596 0.0488118 0.00679556
60 0.53596 0.0579223 0.0103074
61 0.53596 0.0645938 0.0123926
62 0.53596 0.0637965 0.0116493
63 0.53596 0.0471419 0.00792975
64 0.53596 0.057993 0.010695
65 0.53596 0.0707349 0.0130394
66 0.53596 0.0493165 0.00785237
67 0.53596 0.0590866 0.0103781
68 0.53596 0.0443542 0.00942952
69 0.53596 0.0519258 0.0083935
70 0.53596 0.0643897 0.0137906
71 0.53596 0.0591679 0.0108394
72 0.53596 0.0606528 0.0116333
73 0.53596 0.0727751 0.0139246
74 0.53596 0.0518842 0.0091891
75 0.53596 0.0553376 0.0113039
76 0.53596 0.0617705 0.0134511
77 0.53596 0.0559841 0.0115991
78 0.57143 0.0596113 0.014194
79 0.57143 0.0505573 0.0103715
80 0.58143 0.0585445 0.0109243
81 0.58143 0.0692817 0.0135972
82 0.58143 0.0551794 0.0101596
83 0.58143 0.0581044 0.0116438
84 0.58143 0.0717684 0.014183
85 0.58143 0.0544538 0.0110236
86 0.58143 0.0608697 0.0115512
87 0.58143 0.0511159 0.00987829
88 0.58143 0.0572585 0.0122799
89 0.58143 0.0594937 0.0103422
90 0.69254 0.0697384 0.0168305
91 0.69254 0.0510961 0.0103325
92 0.69254 0.0547041 0.00935592
93 0.69254 0.0697126 0.0142683
94 0.69254 0.0558524 0.0108218
95 0.69254 0.0448222 0.00816829
96 0.69254 0.0427343 0.00650261
97 0.69254 0.0619364 0.0122761
98 0.69254 0.0500383 0.00931023
99 0.69254 0.0465063 0.00733389
100 0.69254 0.0536739 0.0101764
101 0.69254 0.0517083 0.0100093
102 0.69254 0.0560967 0.0116728
103 0.69254 0.0613729 0.0114527
104 0.69254 0.0472821 0.00870129
105 0.69254 0.0491477 0.0083229
106 0.69254 0.051797 0.00896345
107 0.69254 0.0548711 0.00890204
108 0.69254 0.0436319 0.00699345
109 0.69254 0.0552309 0.011449
110 0.69254 0.0601322 0.011071
111 0.69254 0.0363314 0.00506311
112 0.69254 0.0617712 0.0103277
113 0.69254 0.0497914 0.00848158
114 0.69254 0.0520538 0.00924636
115 0.69254 0.0569645 0.0117848
116 0.69254 0.0594109 0.0121658
117 0.69254 0.045495 0.00871929
118 0.69254 0.0502692 0.0095102
119 0.69254 0.0489208 0.00865462
120 0.69254 0.0585379 0.0111075
121 0.69254 0.0619261 0.014369
122 0.69254 0.0680684 0.0148058
123 0.69254 0.0642817 0.0144289
124 0.69254 0.0675541 0.0156866
125 0.69254 0.0552811 0.0118598
126 0.69254 0.0527457 0.00950919
127 0.69254 0.0584568 0.0103471
128 0.69254 0.0530613 0.0102995
129 0.69254 0.0521871 0.0111339
130 0.69254 0.04956 0.00900328
131 0.69254 0.0615522 0.0116127
132 0.69254 0.0595102 0.00956127
133 0.69254 0.0549227 0.00942774
134 0.69254 0.0586858 0.0104499
135 0.69254 0.0613279 0.0148091
136 0.69254 0.0482896 0.0102551
137 0.69254 0.0480161 0.00991736
138 0.69254 0.0574822 0.0133879
139 0.69254 0.0516886 0.00957089
140 0.69254 0.0496594 0.00981116
141 0.69254 0.0463657 0.00814759
142 0.69254 0.0478357 0.00786869
143 0.69254 0.0564625 0.00985914
144 0.69254 0.060147 0.0118841
145 0.69254 0.0554115 0.0105589
146 0.69254 0.0509016 0.0108166
147 0.69254 0.0512034 0.010134
148 0.69254 0.0585668 0.0123497
149 0.69254 0.059916 0.0122252
150 0.69254 0.0601034 0.0119632
151 0.69254 0.0423402 0.00738729
152 0.69254 0.0573673 0.0108042
153 0.69254 0.0599439 0.0119616
154 0.69254 0.0558958 0.0100138
155 0.69254 0.0449157 0.00854215
156 0.69254 0.0550103 0.0114828
157 0.69254 0.0497012 0.00854287
158 0.69254 0.0580806 0.0112799
159 0.69254 0.0579077 0.0124043
160 0.69254 0.0582403 0.0109818
161 0.69254 0.0698784 0.013178
162 0.69254 0.0543243 0.0109572
163 0.69254 0.0570045 0.0114376
164 0.69254 0.0584464 0.0113175
165 0.69254 0.0525478 0.0106851
166 0.69254 0.0651857 0.0136892
167 0.69254 0.0585635 0.0115718
168 0.69254 0.0753949 0.0141279
169 0.69254 0.054301 0.0116433
170 0.69254 0.0578951 0.0101811
171 0.69254 0.0564082 0.00952079
172 0.69254 0.0647172 0.0130947
173 0.69254 0.0583707 0.00894538
174 0.69254 0.0598704 0.0111856
175 0.69254 0.0725966 0.0143876
176 0.69254 0.0507296 0.00823519
177 0.69254 0.0594667 0.00946392
178 0.69254 0.0577857 0.00964334
179 0.69254 0.0569348 0.00906352
180 0.69254 0.0467831 0.00750702
181 0.69254 0.052417 0.00855731
182 0.69254 0.0488326 0.00858724
183 0.69254 0.0470281 0.00590809
184 0.69254 0.0535052 0.00707192
185 0.69254 0.0489498 0.00845983
186 0.69254 0.0592194 0.010589
187 0.69254 0.0657449 0.0110644
188 0.69254 0.049687 0.00870683
189 0.69254 0.0567393 0.0108034
190 0.69254 0.0547712 0.0108521
191 0.69254 0.063313 0.0133323
192 0.69254 0.0565814 0.0109681
193 0.69254 0.0600414 0.0102774
194 0.69254 0.0615121 0.0120632
195 0.69254 0.055936 0.0120581
196 0.69254 0.0611181 0.0125368
197 0.69254 0.055009 0.0121677
198 0.69254 0.0527024 0.00907003
199 0.69254 0.0579023 0.0101966
200 0.69254 0.0651149 0.0132118
201 0.69254 0.0669169 0.0128773
202 0.69254 0.0585272 0.0111099
203 0.69254 0.0528688 0.0101014
204 0.69254 0.0595382 0.0133322
205 0.69254 0.0492145 0.00921983
206 0.69254 0.0597391 0.0126499
207 0.69254 0.0705574 0.0169949
208 0.69254 0.0736109 0.0158685
209 0.69254 0.0639846 0.0122792
210 0.69254 0.0628141 0.01276
211 0.69254 0.0636292 0.0142919
212 0.69254 0.0819071 0.0198492
213 1.01 0.0581492 0.0151757
213 0.61905 0.0570813 0.0128199
214 0.61905 0.0589388 0.0117832
215 0.61905 0.0489598 0.00979683
216 0.61905 0.0553808 0.0126117
217 0.61905 0.0611442 0.0121353
218 0.61905 0.0642414 0.0127116
219 0.61905 0.0566555 0.0109321
220 0.61905 0.0608403 0.012062
221 0.61905 0.0597732 0.0136889
222 0.61905 0.0606704 0.0144441
223 0.61905 0.0523188 0.00767471
224 0.61905 0.0555702 0.00845561
225 0.61905 0.0581432 0.0110879
226 0.61905 0.055949 0.0134389
227 0.61905 0.0597723 0.0122722
228 0.61905 0.0555357 0.0120757
229 1.01 0.0636618 0.0165817
229 1.01 0.0768137 0.0201191
229 1 0.0722099 0.0183838
229 0.50794 0.0626133 0.0136051
230 0.50794 0.0656219 0.0152076
231 1 0.0738737 0.0187743
231 0.50794 0.0553159 0.0117532
232 0.58731 0.0632058 0.0118114
233 0.58731 0.0524206 0.0103275
234 0.58731 0.0553211 0.00945957
235 0.58731 0.0622322 0.0123073
236 0.62453 0.0596616 0.0134648
237 0.62453 0.0529557 0.0104192
238 0.62453 0.0642281 0.0147632
239 0.62453 0.0658184 0.0122113
240 0.62453 0.060235 0.0117988
241 0.62453 0.060533 0.0110086
242 0.62453 0.0651122 0.0116018
243 0.62453 0.0470187 0.00822257
244 0.62453 0.0515511 0.00856429
245 0.62453 0.0608451 0.0130714
246 0.62453 0.0638865 0.0138016
247 0.62453 0.0572365 0.0107867
248 0.62453 0.0551621 0.0124014
249 0.62453 0.0638686 0.0137131
250 0.62453 0.070929 0.0167482
251 0.62453 0.0697599 0.0165641
252 0.62453 0.056402 0.012205
253 1 0.0585221 0.0152065
253 0.50794 0.0681569 0.0137462
254 0.50794 0.0575897 0.0107843
255 0.53969 0.0562761 0.0118052
256 0.53969 0.0543479 0.0125735
257 0.53969 0.0656473 0.0141774
258 0.53969 0.0763705 0.0173653
259 0.53969 0.0648835 0.0128122
260 0.53969 0.0691495 0.0149162
261 0.53969 0.0604931 0.0109473
262 0.53969 0.0476006 0.0079129
263 0.53969 0.0525307 0.0113303
264 0.53969 0.0617596 0.0129371
265 0.53969 0.0533746 0.0104008
266 0.53969 0.0602647 0.014086
267 0.53969 0.0458127 0.00724485
268 0.53969 0.048863 0.0098283
269 0.53969 0.0489402 0.00939342
270 0.53969 0.0575117 0.0123432
271 0.53969 0.0420064 0.00706164
272 0.53969 0.0550522 0.0106062
273 0.53969 0.0550629 0.0110601
274 0.53969 0.0536538 0.0102215
275 0.53969 0.059094 0.013786
276 0.53969 0.0508647 0.0109032
277 0.53969 0.0556761 0.0103559
278 0.58143 0.0548874 0.0120115
279 0.58143 0.056396 0.0114562
280 0.69254 0.0589146 0.0145389
281 0.69254 0.0654557 0.0135239
282 0.69254 0.0653005 0.0136332
283 0.69254 0.0563924 0.0116314
284 0.69254 0.0610747 0.0130774
285 0.69254 0.0558912 0.0116886
286 0.69254 0.0455383 0.00973608
287 0.69254 0.0548153 0.0110054
288 0.69254 0.0538507 0.0114784
289 0.69254 0.0514007 0.0107534
290 0.69254 0.0704188 0.0163581
291 0.69254 0.0474068 0.010036
292 0.69254 0.0631144 0.0134664
293 0.69254 0.0438417 0.00710008
294 0.69254 0.0533569 0.00981387
295 0.69254 0.0462845 0.0084924
296 0.69254 0.0372747 0.00520605
297 0.69254 0.0553961 0.0104916
298 0.69254 0.0568351 0.0091893
299 0.69254 0.0537941 0.0090208
300 0.69254 0.0521873 0.00922021
301 0.69254 0.0560513 0.0108648
302 0.69254 0.0560507 0.010723
303 0.69254 0.0575623 0.011443
304 0.69254 0.0533758 0.00953774
305 0.69254 0.0499578 0.0098944
306 0.69254 0.0560825 0.0112027
307 0.69254 0.0516111 0.0111881
308 0.69254 0.0660005 0.0141021
309 0.69254 0.0454683 0.00771341
310 0.69254 0.0579836 0.0127625
311 0.69254 0.0553771 0.0117781
312 0.69254 0.0532 0.0125857
313 0.69254 0.0582922 0.0117182
314 0.69254 0.0613183 0.0113018
315 0.69254 0.0548011 0.0100644
316 0.69254 0.0564619 0.0099508
317 0.69254 0.0492002 0.00914688
318 0.69254 0.0492664 0.00860093
319 0.69254 0.0496178 0.00925732
320 0.69254 0.0646538 0.0125178
321 0.69254 0.0550883 0.0104819
322 0.69254 0.0549334 0.00943911
323 0.69254 0.0595314 0.010664
324 0.69254 0.0590459 0.0108522
325 0.69254 0.0513401 0.0095469
326 0.69254 0.0647172 0.0112985
327 0.69254 0.0555546 0.0109969
328 0.69254 0.055572 0.0110342
329 0.69254 0.0584078 0.00983831
330 0.69254 0.0590042 0.0117137
331 0.69254 0.0533158 0.00944504
332 0.69254 0.0468999 0.00971069
333 0.69254 0.057698 0.00917614
334 0.69254 0.0581121 0.0109101
335 0.69254 0.0500014 0.00828985
336 0.69254 0.056418 0.01018
337 0.69254 0.0595003 0.0129219
338 0.69254 0.0591847 0.0102806
339 0.69254 0.0519649 0.00928192
340 0.69254 0.055344 0.0103121
341 0.69254 0.0473152 0.00813854
342 0.69254 0.0594993 0.0114702
343 0.69254 0.0567933 0.0114588
344 0.69254 0.055033 0.0109814
345 0.69254 0.0481082 0.0077167
346 0.69254 0.0426698 0.00765817
347 0.69254 0.0551843 0.0103923
348 0.69254 0.0531495 0.00941758
349 0.69254 0.0496442 0.0090939
350 0.69254 0.0601356 0.0111717
351 0.69254 0.0592819 0.0102025
352 0.69254 0.0629618 0.0122019
353 0.69254 0.061519 0.0124203
354 0.69254 0.0511285 0.00985257
355 0.69254 0.0690831 0.0133059
356 0.69254 0.0543684 0.00978318
357 0.69254 0.0559664 0.00947327
358 0.69254 0.0598118 0.0114394
359 0.69254 0.0776158 0.0159575
360 0.69254 0.0529349 0.0113386
361 0.69254 0.0680361 0.0134071
362 0.69254 0.0628432 0.0129671
363 0.69254 0.0571051 0.012316
364 0.69254 0.064685 0.0124444
365 0.69254 0.0500379 0.00983024
366 0.69254 0.0673248 0.0147865
367 0.69254 0.0556591 0.0104328
368 0.69254 0.0663703 0.0132084
369 0.69254 0.0598147 0.0115493
370 0.69254 0.0648379 0.0133165
371 0.69254 0.0619983 0.0127831
372 0.69254 0.0715077 0.0153219
373 0.69254 0.0592068 0.00936376
374 0.69254 0.0622663 0.0122702
375 0.69254 0.0713643 0.012412
376 0.69254 0.0723395 0.0142051
377 0.69254 0.0769757 0.0165087
378 0.69254 0.0705201 0.0136691
379 0.69254 0.0567097 0.0105044
380 0.69254 0.0723449 0.0150648
381 0.69254 0.0528705 0.0114767
382 0.69254 0.0688498 0.0137283
383 0.69254 0.0553979 0.011666
384 0.69254 0.0595798 0.0107948
385 0.69254 0.0694865 0.0155324
386 0.69254 0.0618263 0.0130467
387 0.69254 0.0600698 0.0103167
388 0.69254 0.0640134 0.0126712
389 0.69254 0.0600731 0.00954214
390 0.69254 0.0731097 0.0153631
391 0.69254 0.0715728 0.0159544
392 0.69254 0.0629519 0.013891
393 0.69254 0.0700123 0.0155581
394 0.69254 0.0585785 0.0107075
395 0.69254 0.0652056 0.0124504
396 0.69254 0.0610067 0.0114778
397 0.69254 0.0679648 0.0142977
398 0.69254 0.0647855 0.0128314
399 0.69254 0.0626099 0.0118398
400 0.69254 0.0587325 0.0120489
401 0.69254 0.0797126 0.0159314
402 0.69254 0.0696969 0.0147574
403 0.69254 0.0626391 0.012541
404 0.69254 0.0586543 0.0110053
405 0.69254 0.0521178 0.0104158
406 0.69254 0.0598062 0.010973
407 0.69254 0.0590144 0.00961988
408 0.69254 0.0554494 0.0104845
409 0.69254 0.0534169 0.0108189
410 0.69254 0.0569857 0.00959742
411 0.69254 0.0488448 0.00771357
412 0.69254 0.0676514 0.0139652
413 0.69254 0.0489015 0.0086658
414 0.69254 0.069062 0.0135391
415 0.69254 0.0566431 0.0104117
416 0.69254 0.0609921 0.0111479
417 0.69254 0.058803 0.0124182
418 0.69254 0.0516285 0.00973987
419 0.69254 0.0641736 0.0143213
420 0.69254 0.0555766 0.00929623
421 0.69254 0.0617154 0.0116208
422 0.69254 0.0552374 0.0105066
423 0.69254 0.050248 0.0082679
424 0.69254 0.0545303 0.0103444
425 0.69254 0.0571344 0.0117599
426 0.69254 0.0474191 0.00718019
427 0.69254 0.0555033 0.0105502
428 0.69254 0.0556836 0.00991134
429 0.69254 0.0543785 0.0108114
430 0.69254 0.0615372 0.0118463
431 0.69254 0.0577528 0.0112491
432 0.69254 0.0502604 0.0085131
433 0.69254 0.0465771 0.00782519
434 0.69254 0.04899 0.00916838
435 0.69254 0.0469514 0.00723436
436 0.69254 0.0422148 0.00648248
437 0.69254 0.0526756 0.00949975
438 0.69254 0.0463153 0.00713481
439 0.69254 0.044996 0.00638084
440 0.69254 0.0538753 0.00836931
441 0.69254 0.0394488 0.00559421
442 0.69254 0.0513091 0.00822179
443 0.69254 0.0621076 0.010791
444 0.69254 0.048616 0.00959983
445 0.69254 0.0537092 0.01138
446 0.69254 0.0493697 0.00805693
447 0.69254 0.0522652 0.00827214
448 0.69254 0.0577497 0.0106656
449 0.69254 0.0458838 0.00780694
450 0.69254 0.0586007 0.0104638
451 0.69254 0.0439221 0.00687643
452 0.69254 0.0513159 0.00940921
453 0.69254 0.0485453 0.00815505
454 0.69254 0.0572148 0.0106984
455 0.69254 0.0536891 0.00905551
456 0.69254 0.0450423 0.00857323
457 0.69254 0.0508345 0.00928554
458 0.69254 0.0577207 0.0111412
459 0.69254 0.0571009 0.0113029
460 0.69254 0.0590857 0.0124123
461 0.69254 0.0490985 0.00992336
462 0.69254 0.0654244 0.0122934
463 0.69254 0.0491947 0.00888405
464 0.69254 0.0555489 0.0112662
465 0.69254 0.0578941 0.0119749
466 0.69254 0.0514922 0.00978585
467 0.69254 0.0639338 0.0128855
468 0.69254 0.0544459 0.0111491
469 0.69254 0.0607878 0.0109986
470 0.69254 0.0477402 0.0093049
471 0.69254 0.0594944 0.0115221
472 0.69254 0.0602303 0.0118241
473 0.69254 0.0595242 0.0130542
474 0.69254 0.062617 0.0126438
475 0.69254 0.0582246 0.0110596
476 0.69254 0.0465504 0.00811174
477 0.69254 0.0596416 0.0128936
478 0.69254 0.049022 0.00913233
479 0.69254 0.0542438 0.0129375
480 0.69254 0.0562427 0.0108456
481 0.69254 0.0535487 0.00932171
482 0.69254 0.0553776 0.0109719
483 0.69254 0.0548255 0.0118441
484 0.69254 0.0722466 0.0151689
485 0.69254 0.0650965 0.0133155
486 0.69254 0.0549763 0.0103837
487 0.69254 0.0632981 0.0132208
488 0.69254 0.0557105 0.0118359
489 0.69254 0.056381 0.0127483
490 0.69254 0.0592852 0.0120019
491 0.69254 0.0602172 0.0111106
492 0.69254 0.0710894 0.0161792
493 0.69254 0.0631064 0.0122253
494 0.69254 0.052131 0.009801
495 0.69254 0.062209 0.0112833
496 0.69254 0.050988 0.00981199
497 0.69254 0.0580844 0.01133
498 0.69254 0.0661722 0.0134983
499 0.69254 0.059014 0.0107569
500 0.69254 0.0666136 0.0123121
501 0.69254 0.0478467 0.00870794
502 0.69254 0.0588816 0.0113532
503 0.69254 0.0608006 0.0119981
504 0.69254 0.0602994 0.00994837
505 0.69254 0.0701703 0.0147624
506 0.69254 0.0598712 0.0116095
507 0.69254 0.0554819 0.00897994
508 0.69254 0.0635447 0.0118088
509 0.69254 0.0509887 0.00939647
510 0.69254 0.0617067 0.0128849
511 0.69254 0.0621066 0.011808
512 0.69254 0.0553959 0.00950934
513 0.69254 0.0541485 0.0107056
514 0.69254 0.0517424 0.010892
515 0.69254 0.0580721 0.0106736
516 0.69254 0.0742828 0.0147827
517 0.69254 0.0455218 0.0075055
518 0.69254 0.062855 0.0122474
519 0.69254 0.0560321 0.0110506
520 0.69254 0.0589348 0.0119318
521 0.69254 0.069935 0.0152691
522 0.69254 0.0743983 0.0153289
523 0.69254 0.0637374 0.0128759
524 0.69254 0.0609995 0.0118889
525 0.69254 0.067397 0.0145834
526 0.69254 0.0614328 0.0146665
527 0.69254 0.055068 0.0109564
528 0.69254 0.0564029 0.00992418
529 0.69254 0.0568413 0.0117594
530 0.69254 0.0639355 0.0135788
531 0.69254 0.0433624 0.00659997
532 0.69254 0.0535654 0.0102525
533 0.69254 0.0639619 0.0153543
534 0.69254 0.0686207 0.0129021
535 0.69254 0.0529696 0.0112092
536 0.69254 0.058769 0.0112448
537 0.69254 0.0609031 0.0122522
538 0.69254 0.0540981 0.0114763
539 0.69254 0.056146 0.0109033
540 0.69254 0.0589353 0.0117773
541 0.69254 0.069444 0.0155942
542 0.69254 0.0520294 0.0102505
543 0.69254 0.0710447 0.0141156
544 0.69254 0.0665315 0.0124911
545 0.69254 0.0508083 0.00956388
546 0.69254 0.0597642 0.012701
547 0.69254 0.0605545 0.0113978
548 0.69254 0.0588047 0.0110427
549 0.69254 0.0473364 0.00793218
550 0.69254 0.0594516 0.00996867
551 0.69254 0.0550845 0.0107366
552 0.69254 0.0490876 0.00801684
553 0.69254 0.061966 0.0130473
554 0.69254 0.0450237 0.0080237
555 0.69254 0.056935 0.00992167
556 0.69254 0.0564477 0.0117341
557 0.69254 0.0484799 0.00909182
558 0.69254 0.0527195 0.00984656
559 0.69254 0.0516408 0.00736865
560 0.69254 0.0570136 0.0111951
561 0.69254 0.0570337 0.009781
562 0.69254 0.0561222 0.0107249
563 0.69254 0.047787 0.00723777
564 0.69254 0.0541005 0.0103891
565 0.69254 0.0497165 0.00949227
566 0.69254 0.05911 0.0122969
567 0.69254 0.0460927 0.00747948
568 0.69254 0.0596129 0.0108224
569 0.69254 0.0486839 0.00741613
570 0.69254 0.0565962 0.00928044
571 0.69254 0.047265 0.00885888
572 0.69254 0.063645 0.0116406
573 0.69254 0.0619513 0.0127189
574 0.69254 0.0618903 0.0125877
575 0.69254 0.0577665 0.0109765
576 0.69254 0.0577854 0.010731
577 0.69254 0.0601886 0.00967488
578 0.69254 0.055917 0.00971807
579 0.69254 0.0533482 0.00954722
580 0.69254 0.0525261 0.00810355
581 0.69254 0.0578926 0.0114524
582 0.69254 0.0520543 0.00881561
583 0.69254 0.0626575 0.0109149
584 0.69254 0.0532588 0.010075
585 0.69254 0.0491054 0.00929837
586 0.69254 0.0520902 0.00806262
587 0.69254 0.0581403 0.010987
588 0.69254 0.0610632 0.0127562
589 0.69254 0.0645489 0.0132552
590 0.69254 0.0635569 0.0121896
591 0.69254 0.0537248 0.0104606
592 0.69254 0.0662167 0.0121344
593 0.69254 0.0550783 0.0110893
594 0.69254 0.0569541 0.0120285
595 0.69254 0.0608668 0.0105679
596 0.69254 0.0611297 0.0131162
597 0.69254 0.0437935 0.00736686
598 0.69254 0.0517132 0.00795099
599 0.69254 0.0550129 0.00940129
600 0.69254 0.052839 0.00874528
601 0.69254 0.0434331 0.00679723
602 0.69254 0.0606045 0.0110461
603 0.69254 0.0540674 0.00882137
604 0.69254 0.055774 0.00907314
605 0.69254 0.0463615 0.00834069
606 0.69254 0.0492211 0.0078656
607 0.69254 0.0480834 0.00733289
608 0.69254 0.0609568 0.0107207
609 0.69254 0.0486115 0.00718402
610 0.69254 0.0543789 0.00971548
611 0.69254 0.0563747 0.0103557
612 0.69254 0.0587014 0.0117399
613 0.69254 0.0701402 0.0130857
614 0.69254 0.0538284 0.0112472
615 0.69254 0.0567922 0.0111018
616 0.69254 0.051541 0.00783111
617 0.69254 0.0624202 0.0132045
618 0.69254 0.0671363 0.0121634
619 0.69254 0.0559036 0.0108273
620 0.69254 0.0527157 0.01102
621 0.69254 0.0531044 0.0103066
622 0.69254 0.0592156 0.0110024
623 0.69254 0.0518777 0.00732816
624 0.69254 0.0515779 0.00876124
625 0.69254 0.0541694 0.00728951
626 0.69254 0.0523482 0.00731874
627 0.69254 0.0659191 0.0116433
628 0.69254 0.0518658 0.00905975
629 0.69254 0.0539972 0.010413
630 0.69254 0.0643505 0.0106715
631 0.69254 0.0420147 0.0067501
632 0.69254 0.0552537 0.00994526
633 0.69254 0.0559444 0.00786542
634 0.69254 0.0475688 0.00815913
635 0.69254 0.0414578 0.00654638
636 0.69254 0.0411665 0.00725016
637 0.69254 0.0509841 0.00754703
638 0.69254 0.0542926 0.00978221
639 0.69254 0.0504715 0.00778951
640 0.69254 0.0512164 0.00833047
641 0.69254 0.0526018 0.00869123
642 0.69254 0.0540074 0.00853314
643 0.69254 0.0488906 0.00785242
644 0.69254 0.0430116 0.00824665
645 0.69254 0.0562299 0.00853771
646 0.69254 0.050392 0.00851901
647 0.69254 0.0560229 0.0120676
648 0.69254 0.0555728 0.00999699
649 0.69254 0.0589031 0.0105913
650 0.69254 0.0544488 0.010995
651 0.69254 0.0708927 0.0159415
652 0.69254 0.0624151 0.0119857
653 0.69254 0.0629645 0.0132926
654 0.69254 0.0568929 0.0106618
655 0.69254 0.0732906 0.0172253
656 0.69254 0.0482766 0.0100958
657 0.69254 0.0580967 0.0117037
658 0.69254 0.0520169 0.0082784
659 0.69254 0.0592267 0.0140418
660 0.69254 0.0630036 0.0124099
661 0.69254 0.0731387 0.0167114
662 0.69254 0.050908 0.00945268
663 0.69254 0.0577774 0.0117689
664 0.69254 0.0578138 0.0125687
665 0.69254 0.051452 0.0125581
666 0.69254 0.0600013 0.0124219
667 0.69254 0.0587657 0.0114506
668 0.69254 0.0484386 0.00779747
669 0.69254 0.0582586 0.0115765
670 0.69254 0.0566245 0.0113346
671 0.69254 0.0522549 0.00944233
672 0.69254 0.0571148 0.0110707
673 0.69254 0.0598281 0.012863
674 0.69254 0.0590118 0.012087
675 0.69254 0.0542182 0.00935249
676 0.69254 0.0624613 0.0135374
677 0.69254 0.0589764 0.0123755
678 0.69254 0.0654967 0.0127011
679 0.69254 0.0581139 0.0120616
680 0.69254 0.0626452 0.0129967
681 0.69254 0.0635568 0.0149101
682 0.69254 0.0607956 0.012919
683 0.69254 0.0551432 0.0109744
684 0.69254 0.0683006 0.0126463
685 0.69254 0.0672313 0.0158348
686 0.69254 0.0581635 0.0110473
687 0.69254 0.0591317 0.00969607
688 0.69254 0.0828729 0.0163259
689 0.69254 0.0696916 0.014161
690 0.69254 0.0620768 0.0114217
691 0.69254 0.0541353 0.0108324
692 0.69254 0.0565785 0.0105575
693 0.69254 0.0557467 0.00992094
694 0.69254 0.0668207 0.0136392
695 0.69254 0.0694722 0.0145565
696 0.69254 0.0644364 0.0131079
697 0.69254 0.0554891 0.0101097
698 0.69254 0.0554448 0.00947339
699 0.69254 0.0560215 0.0104845
700 0.69254 0.0632024 0.0115374
701 0.69254 0.0577166 0.0104456
702 0.69254 0.0503838 0.00819647
703 0.69254 0.0492295 0.00816605
704 0.69254 0.052792 0.0121953
705 0.69254 0.0581789 0.0110434
706 0.69254 0.0549606 0.0109176
707 0.69254 0.0455321 0.00979352
708 0.69254 0.0578405 0.0119847
709 0.69254 0.0560368 0.00990207
710 0.69254 0.0471822 0.0105531
711 0.69254 0.0474846 0.00950947
712 0.69254 0.0437347 0.00836456
713 0.69254 0.0526374 0.00879242
714 0.69254 0.0673802 0.0153251
715 0.69254 0.0531262 0.00971991
716 0.69254 0.0553818 0.0113218
717 0.69254 0.0400659 0.00548958
718 0.69254 0.0568925 0.0109261
719 0.69254 0.0414979 0.00643736
720 0.69254 0.0472027 0.00817876
721 0.69254 0.0460021 0.00800146
722 0.69254 0.0487288 0.00779252
723 0.69254 0.0520465 0.0100696
724 0.69254 0.0569339 0.00911603
725 0.69254 0.0605374 0.0123449
726 0.69254 0.0495644 0.00922236
727 0.69254 0.0700003 0.0148042
728 0.69254 0.048505 0.00797564
729 0.69254 0.0579832 0.0115663
730 0.69254 0.0375953 0.00608359
731 0.69254 0.0485824 0.00960603
732 0.69254 0.0459087 0.00851918
733 0.69254 0.0532838 0.0091814
734 0.69254 0.05616 0.011014
735 0.69254 0.0458355 0.00897777
736 0.69254 0.044261 0.00678941
737 0.69254 0.0405593 0.00611422
738 0.69254 0.0483133 0.00728848
739 0.69254 0.0623124 0.0110768
740 0.69254 0.0580599 0.0104035
741 0.69254 0.0623178 0.012359
742 0.69254 0.0607009 0.0111931
743 0.69254 0.047586 0.00868325
744 0.69254 0.0458091 0.00827535
745 0.69254 0.0491998 0.00808097
746 0.69254 0.0541344 0.0102651
747 0.69254 0.0417524 0.00689999
748 0.69254 0.0435795 0.00757632
749 0.69254 0.0478485 0.00907755
750 0.69254 0.0540801 0.0109831
751 0.69254 0.0641765 0.0131318
752 0.69254 0.0514835 0.008798
753 0.69254 0.0538901 0.00970547
754 0.69254 0.051885 0.00848544
755 0.69254 0.0561089 0.0115
756 0.69254 0.0631091 0.012347
757 0.69254 0.0662907 0.0142938
758 0.69254 0.0624906 0.0139527
759 0.69254 0.053893 0.012013
760 0.69254 0.0622678 0.0136067
761 0.69254 0.0499466 0.00819756
762 0.69254 0.0597966 0.0127371
763 0.69254 0.0643734 0.0143124
764 0.69842 0.062151 0.0134513
765 0.69842 0.0615549 0.0129176
766 0.69842 0.0677893 0.011108
767 0.69842 0.0538116 0.0102844
768 0.69842 0.0626861 0.0111923
769 0.69842 0.0627059 0.0121214
770 0.69842 0.0674708 0.011557
771 0.69842 0.0622942 0.0125664
772 0.69842 0.047737 0.00891144
773 0.69842 0.0572082 0.0107728
774 0.69842 0.049787 0.0097978
775 0.69842 0.0670713 0.0145412
776 0.69842 0.0659661 0.0136498
777 0.69842 0.0615112 0.0118171
778 0.69842 0.0536379 0.0103937
779 0.69842 0.0627354 0.013493
780 0.69842 0.0453084 0.00749711
781 0.69842 0.0593797 0.0127898
782 0.69842 0.0694897 0.0141282
783 0.69842 0.0492571 0.00712404
784 0.69842 0.059101 0.0119696
785 0.69842 0.066227 0.013035
786 0.69842 0.0613454 0.010921
787 0.69842 0.0520497 0.0102108
788 0.69842 0.0483225 0.00782616
789 0.69842 0.0401523 0.00739467
790 0.69842 0.0550008 0.0102804
791 0.69842 0.0556279 0.0110388
792 0.69842 0.0539131 0.0106297
793 0.69842 0.0521643 0.00939829
794 0.69842 0.0425418 0.00734254
795 0.69842 0.0514952 0.0084388
796 0.69842 0.046251 0.00694101
797 0.69842 0.0472163 0.0092493
798 0.69842 0.0424234 0.00752404
799 0.69842 0.0435969 0.00753117
800 0.69842 0.0446471 0.00635887
801 0.69842 0.0573807 0.0100269
802 0.69842 0.0473661 0.00662124
803 0.69842 0.0506907 0.00775676
804 0.69842 0.0442961 0.00652207
805 0.69842 0.0478046 0.00721935
806 0.69842 0.0568024 0.00876119
807 0.69842 0.0604788 0.010661
808 0.69842 0.0580764 0.0103159
809 1 0.050249 0.0111888
809 0.56267 0.0466979 0.0081495
810 0.56267 0.0409952 0.0072942
811 0.56267 0.0485855 0.00768826
812 0.56267 0.0523795 0.00873712
813 0.63223 0.0557329 0.0108468
814 0.63223 0.0683524 0.0142189
815 0.63223 0.0619185 0.0128398
816 0.63223 0.051898 0.0106673
817 0.63223 0.0610527 0.0131301
818 0.71034 0.0600663 0.0151381
819 0.89062 0.0657569 0.0181131
820 0.89062 0.0559449 0.011201
821 0.89062 0.0568446 0.0110716
822 0.89062 0.0442783 0.00810121
823 0.89062 0.0519897 0.0090923
824 0.89062 0.0695924 0.0141792
825 0.89062 0.0640478 0.0137514
826 0.89062 0.0606436 0.0131031
827 0.89062 0.0599452 0.0113409
828 0.89062 0.0694458 0.0150846
829 0.89062 0.0582988 0.0123952
830 0.89062 0.0523605 0.0112879
831 0.89062 0.0495907 0.0105241
832 0.89062 0.049242 0.0125947
833 0.89062 0.0599739 0.014231
834 0.89062 0.0610473 0.0140151
835 0.89062 0.0692233 0.0163183
836 0.89062 0.0620202 0.013122
837 0.89062 0.0616325 0.0144672
838 0.89062 0.0584384 0.0135836
839 0.89062 0.0575138 0.0117088
840 0.89062 0.0551285 0.0112537
841 0.89062 0.0709194 0.0160535
842 0.89062 0.0691837 0.0146816
843 0.89062 0.0622096 0.013061
844 0.89062 0.0615283 0.0142234
845 0.89062 0.053678 0.0122191
846 0.89062 0.0365144 0.00551761
847 0.89062 0.0699388 0.0170237
848 0.89062 0.07275 0.0158841
849 0.89062 0.067909 0.0144928
850 0.89062 0.0767109 0.0157666
851 0.89062 0.0558674 0.0109983
852 0.89062 0.0654518 0.0133956
853 0.89062 0.0663391 0.0128519
854 0.89062 0.0509261 0.0101992
855 0.89062 0.0650453 0.0153936
856 0.89062 0.0536757 0.00981932
857 0.89062 0.0659528 0.0159013
858 0.89062 0.0563591 0.0124209
859 0.89062 0.0521283 0.0100684
860 0.89062 0.0570301 0.0135556
861 0.89062 0.0741722 0.0189734
862 0.89062 0.0622226 0.0146477
863 0.89062 0.0526274 0.0121385
864 0.89062 0.0536483 0.0111303
865 0.89062 0.0672329 0.0139393
866 0.89062 0.072909 0.0159686
867 0.89062 0.0605833 0.0136477
868 0.89062 0.0819247 0.0198713
869 0.89062 0.069568 0.0165429
870 0.89062 0.06292 0.0133431
871 0.89062 0.0647264 0.0132795
872 0.89062 0.0449529 0.00751515
873 0.89062 0.0537547 0.0101067
874 0.89062 0.0507828 0.00874642
875 0.89062 0.0654821 0.0128931
876 0.89062 0.0656686 0.0157718
877 0.89062 0.0737779 0.0161387
878 0.89062 0.0646872 0.0150714
879 0.89062 0.0609444 0.012202
880 0.89062 0.0608551 0.0128878
881 0.89062 0.067738 0.013816
882 0.89062 0.0624517 0.0120748
883 0.89062 0.0663642 0.0145581
884 0.89062 0.0841379 0.0193966
885 0.89062 0.0634464 0.0138952
886 0.89062 0.0674261 0.0154461
887 0.89062 0.0693045 0.0145062
888 0.89062 0.0672973 0.0158558
889 0.89062 0.0625709 0.0132928
890 0.89062 0.0490949 0.00987926
891 0.89062 0.0677735 0.0141034
892 0.89062 0.0545866 0.010895
893 0.89062 0.0705978 0.0179249
894 0.89062 0.0722044 0.0176642
895 0.89062 0.0663679 0.0147371
896 0.89062 0.0541794 0.0109314
897 0.89062 0.0792308 0.0166528
898 0.89062 0.0659256 0.0130845
899 0.89062 0.0487043 0.0100556
900 0.89062 0.0512511 0.00963775
901 0.89062 0.0635555 0.0134322
902 0.89062 0.0545222 0.00966799
903 0.89062 0.0601463 0.013519
904 0.89062 0.0522204 0.00943566
905 0.89062 0.0628324 0.0144596
906 0.89062 0.0513393 0.00983574
907 0.89062 0.0547489 0.0118603
908 0.89062 0.0505467 0.00983261
909 0.89062 0.0467941 0.00899041
910 0.89062 0.0591698 0.01226
911 0.89062 0.0580918 0.0122292
912 0.89062 0.0491105 0.00864051
913 0.89062 0.0460558 0.00770456
914 0.89062 0.0484685 0.00873644
915 0.89062 0.0577563 0.0131391
916 0.89062 0.0540397 0.0108372
917 0.89062 0.063115 0.0116369
918 0.89062 0.0489312 0.00910618
919 0.89062 0.0519601 0.00929337
920 0.89062 0.0460431 0.0085732
921 0.89062 0.062232 0.0143176
922 0.89062 0.0507898 0.0087702
923 0.89062 0.0610406 0.0140051
924 0.89062 0.0665634 0.0149239
925 0.89062 0.0498458 0.0107418
926 0.89062 0.0477192 0.00978478
927 0.89062 0.0480089 0.0102528
928 0.89062 0.0526168 0.00875877
929 0.89062 0.0418333 0.00828666
930 0.89062 0.0451883 0.00802886
931 0.89062 0.0544152 0.0118251
932 0.89062 0.0467139 0.00904198
933 0.89062 0.0497654 0.0089102
934 0.89062 0.0513283 0.0116926
935 0.89062 0.0506627 0.0110138
936 0.89062 0.0480661 0.0108392
937 0.89062 0.0523512 0.0101943
938 0.89062 0.0615192 0.0134497
939 0.89062 0.0578887 0.012224
940 0.89062 0.0524682 0.0100101
941 0.89062 0.0540236 0.00997478
942 0.89062 0.0534489 0.010786
943 0.89062 0.0651172 0.0146597
944 0.89062 0.0540175 0.0126244
945 0.89062 0.0462689 0.00991871
946 0.89062 0.0563684 0.0112293
947 0.89062 0.052738 0.00959808
948 0.89062 0.0551098 0.00951982
949 0.89062 0.0629728 0.0115286
950 0.89062 0.0664519 0.0136833
951 0.89062 0.0512599 0.0102171
952 0.89062 0.0485892 0.00896031
953 0.89062 0.0491044 0.00950305
954 0.89062 0.059894 0.0127399
955 0.89062 0.0649803 0.0132654
956 0.89062 0.0555514 0.0120586
957 0.89062 0.0533977 0.011397
958 0.89062 0.051884 0.0100562
959 0.89062 0.0565953 0.010031
960 0.89062 0.0600431 0.0126767
961 0.89062 0.0500579 0.0101131
962 0.89062 0.0592115 0.0128014
963 0.89062 0.052964 0.0100239
964 0.89062 0.0396733 0.00677475
965 0.89062 0.062609 0.0132531
966 0.89062 0.0500224 0.00894207
967 0.89062 0.0572494 0.0123058
968 0.89062 0.0469701 0.00888836
969 0.89062 0.0484024 0.0106629
970 0.89062 0.0660595 0.0138197
971 0.89062 0.0513648 0.00977753
972 0.89062 0.0691306 0.0151082
973 0.89062 0.0647388 0.0125288
974 0.89062 0.0567702 0.0109784
975 0.89062 0.0565129 0.0094759
976 0.89062 0.0532605 0.00987094
977 0.89062 0.0525504 0.00912319
978 0.89062 0.0553491 0.00860849
979 0.89062 0.0390609 0.0056644
980 0.89062 0.0673688 0.0121312
981 0.89062 0.0480533 0.00770527
982 0.89062 0.0449386 0.00854106
983 0.89062 0.0604784 0.0125161
984 0.89062 0.0470654 0.00906561
985 0.89062 0.0387684 0.00645357
986 0.89062 0.0461157 0.00795901
987 0.89062 0.0470786 0.00914718
988 0.89062 0.058484 0.0127522
989 0.89062 0.0563344 0.0108399
990 0.89062 0.0648505 0.0140082
991 0.89062 0.0577289 0.0110772
992 0.89062 0.0586235 0.0130709
993 0.89062 0.0639139 0.0121183
994 0.89062 0.0601707 0.0129125
995 0.89062 0.0421922 0.00721858
996 0.89062 0.0708298 0.0155802
997 0.89062 0.0534785 0.0110468
998 0.89062 0.0661909 0.0134442
999 0.89062 0.0606301 0.0112841
1000 0.89062 0.062653 0.0130716
1000 0.4762 0.0626922 0.012509
1000 0.58731 0.0604178 0.0131471
1000 0.58731 0.0562531 0.0125364
