0 0.2622 0.0430482 0.00367653
1 0.2622 0.0261605 0.00282196
2 0.2622 0.0178329 0.00169185
3 0.2622 0.0379453 0.00441524
4 0.2704 0.0431718 0.00407041
5 0.29068 0.0362391 0.00376795
6 0.29068 0.0232947 0.00241748
7 0.29256 0.0367317 0.00412927
8 0.29256 0.0298549 0.00294994
9 0.31332 0.0261161 0.00338105
10 0.31332 0.0299731 0.00327894
11 0.31332 0.0304362 0.00317734
12 0.32499 0.0372118 0.00431628
13 0.32499 0.0334886 0.00341006
14 0.32499 0.0342742 0.00376518
15 0.32499 0.041673 0.00469391
16 0.32499 0.0490236 0.00555337
17 0.32499 0.0370024 0.00405969
18 0.32499 0.0374446 0.00380646
19 0.32499 0.0385695 0.00422912
20 0.32499 0.033063 0.00334065
21 0.32499 0.0374079 0.00390999
22 0.34403 0.0374899 0.00400892
23 0.34403 0.0336203 0.00321268
24 0.34403 0.0405506 0.00438707
25 0.34705 0.0482653 0.0053453
26 0.34705 0.0453114 0.00509462
27 0.37268 0.038214 0.00495434
28 0.37268 0.0371081 0.00372646
29 0.3766 0.047309 0.0051329
30 0.3766 0.0372568 0.00395483
31 0.39029 0.0403579 0.00512422
32 0.39029 0.0376485 0.00466879
33 0.40207 0.048584 0.00583119
34 0.40207 0.0393878 0.00381367
35 0.47851 0.0489612 0.00641426
36 0.47851 0.0401568 0.00535246
37 0.47851 0.0501643 0.00782276
38 0.47851 0.0469623 0.00716598
39 0.47851 0.0535275 0.0085473
40 0.47851 0.0523067 0.00847333
41 0.47851 0.0542704 0.00824313
42 0.52133 0.0482839 0.00844248
43 0.52133 0.0542588 0.00799559
44 0.52133 0.0402789 0.00577445
45 0.52133 0.0485253 0.00661099
46 0.52133 0.0476136 0.00761663
47 0.52133 0.0387287 0.00571075
48 0.52133 0.0410308 0.0056733
49 0.52133 0.0529085 0.00768687
50 0.52133 0.0479408 0.00802155
51 0.52133 0.0611934 0.00943761
52 0.52133 0.0494659 0.0081485
53 0.52133 0.0611049 0.0115743
54 0.52133 0.0585593 0.0100225
55 0.52133 0.0468497 0.00747475
56 0.52133 0.0423659 0.00747767
57 0.52133 0.055431 0.0107951
58 0.52133 0.0585539 0.0109597
59 0.52133 0.0429695 0.00643695
60 0.53 0.0533232 0.0084364
61 0.53 0.0438359 0.00696468
62 0.53 0.0616709 0.00954786
63 0.53 0.0544057 0.00859356
64 0.53 0.0490097 0.00702603
65 0.53 0.0609794 0.0116317
66 0.53 0.0554697 0.00863942
67 0.53 0.0501563 0.00918796
68 0.53 0.0619631 0.0111805
69 0.53 0.05419 0.0100056
70 0.53 0.0511981 0.00863994
71 0.53 0.054414 0.0107771
72 0.53 0.0515825 0.00954232
73 0.53 0.050716 0.00854642
74 0.53 0.0565741 0.00935548
75 0.53 0.0444729 0.00746917
76 0.53 0.0588337 0.010286
77 0.53 0.0625649 0.0119134
78 0.53 0.0663811 0.0125811
79 0.53 0.0598225 0.0110519
80 0.53 0.0556805 0.0108265
81 0.53 0.0611368 0.0117462
82 0.53 0.0650963 0.0137876
83 0.53 0.0710042 0.0146924
84 0.53 0.0538718 0.0109425
85 0.53 0.0629585 0.0129484
86 0.53 0.061342 0.0131113
87 0.53116 0.0619823 0.0131044
88 0.53116 0.0610917 0.0119909
89 0.53116 0.0644611 0.014816
90 0.53116 0.0582453 0.012213
91 0.53116 0.0518139 0.0110358
92 0.53116 0.0623064 0.0136971
93 0.53116 0.0613047 0.0122141
94 0.53116 0.0645202 0.0117295
95 0.53116 0.0564967 0.0100268
96 0.53116 0.0587449 0.0101084
97 0.53116 0.0559743 0.00988488
98 0.53116 0.0615909 0.012348
99 0.53116 0.0645874 0.0147976
100 0.53116 0.0569475 0.00944192
101 0.53116 0.0522259 0.00980206
102 0.53116 0.0635766 0.0121027
103 0.60919 0.0653339 0.0129431
104 0.60919 0.064677 0.0124338
105 0.60919 0.0653474 0.0121682
106 0.60919 0.0793449 0.0166605
107 0.60919 0.0814656 0.0166197
108 0.60919 0.068644 0.0143268
109 0.60919 0.078379 0.0181186
110 0.60919 0.0603016 0.0127456
111 0.60919 0.0596113 0.0135608
112 0.60919 0.0633386 0.0115485
113 0.60919 0.0575203 0.0117801
114 0.60919 0.0709016 0.0130186
115 0.60919 0.0689694 0.0154207
116 0.60919 0.0548469 0.0103121
117 0.60919 0.0540954 0.00797899
118 0.60919 0.0608236 0.0119835
119 0.60919 0.0716121 0.0135289
120 0.60919 0.0616961 0.0127504
121 0.60919 0.0577191 0.0116604
122 0.60919 0.0607326 0.0109334
123 0.60919 0.0604217 0.0119048
124 0.60919 0.0538655 0.0112642
125 0.60919 0.060952 0.0106923
126 0.60919 0.0651381 0.0115577
127 0.60919 0.0635266 0.0107426
128 0.60919 0.0646925 0.011497
129 0.60919 0.0572878 0.0111739
130 0.60919 0.0544337 0.00989663
131 0.60919 0.0552401 0.0101002
132 0.60919 0.056437 0.0103461
133 0.60919 0.0466588 0.00712066
134 0.60919 0.050318 0.00831336
135 0.60919 0.044406 0.00676635
136 0.60919 0.0548366 0.00854699
137 0.60919 0.0587507 0.011726
138 0.60919 0.0683514 0.01394
139 0.60919 0.0679212 0.0148545
140 0.60919 0.0566532 0.0100253
141 0.60919 0.0489334 0.00877116
142 0.60919 0.0648629 0.0120341
143 0.60919 0.0626053 0.0118738
144 0.60919 0.0632063 0.011754
145 0.60919 0.0606988 0.0102403
146 0.60919 0.0574184 0.0114965
147 0.60919 0.0603768 0.0124157
148 0.60919 0.0560065 0.0101875
149 0.60919 0.0650454 0.0128719
150 0.60919 0.0506889 0.00949087
151 0.60919 0.0578627 0.0104621
152 0.60919 0.069292 0.0137483
153 0.60919 0.0676835 0.0143
154 0.60919 0.0715918 0.0128817
155 0.60919 0.0631555 0.011447
156 0.60919 0.0614173 0.0113751
157 0.60919 0.0400548 0.006923
158 0.60919 0.0644851 0.0125257
159 0.60919 0.0771827 0.0131478
160 0.60919 0.0725944 0.0142088
161 0.60919 0.0776818 0.0176744
162 0.60919 0.0655368 0.0105132
163 0.60919 0.0747971 0.0148828
164 0.60919 0.0676978 0.0131255
165 0.60919 0.0608787 0.0117213
166 0.60919 0.0591549 0.010336
167 0.60919 0.0469976 0.00707959
168 0.60919 0.0624433 0.0117952
169 0.60919 0.0598371 0.0121065
170 0.60919 0.0571957 0.012526
171 0.66105 0.0685415 0.0142418
172 0.66105 0.0734441 0.0146485
173 1.01 0.0662448 0.0162937
173 0.4762 0.0558704 0.0102198
174 0.4762 0.0646289 0.0126304
175 0.4762 0.0551047 0.0108836
176 0.4762 0.0431953 0.00697381
177 0.4762 0.0526479 0.00790267
178 0.4762 0.047888 0.00827713
179 0.4862 0.0521019 0.00991501
180 0.4862 0.0550166 0.0107297
181 0.4862 0.0594781 0.0114733
182 0.4862 0.080438 0.0160019
183 0.4862 0.0653106 0.010216
184 0.4862 0.0688765 0.0122363
185 0.4862 0.0565428 0.0104694
186 0.4862 0.0622961 0.0102286
187 0.4862 0.0548244 0.0097104
188 0.4862 0.0601985 0.0108859
189 0.4862 0.0686089 0.0131554
190 0.4862 0.0615168 0.0124208
191 0.4862 0.0545512 0.0096715
192 0.49207 0.0578561 0.0122649
193 0.49207 0.0650327 0.0139534
194 0.49207 0.0601516 0.0103946
195 0.49207 0.0711375 0.0134052
196 0.49207 0.0584968 0.0106255
197 0.50967 0.0625132 0.0112525
198 0.50967 0.0600988 0.0115595
199 0.50967 0.0506279 0.00928892
200 0.50967 0.0610209 0.0116373
201 0.50967 0.04918 0.00712293
202 0.50967 0.0460494 0.00698598
203 0.50967 0.0423159 0.00635696
204 0.50967 0.0528416 0.00782536
205 0.50967 0.0519142 0.00775156
206 0.50967 0.0540955 0.00783606
207 0.50967 0.0481542 0.00584228
208 0.58731 0.0490242 0.00793835
209 0.58731 0.0455898 0.00661063
210 0.58731 0.0472891 0.00725302
211 0.58731 0.0581423 0.0104075
212 0.58731 0.0448848 0.00837433
213 0.58731 0.0557699 0.00987049
214 0.58731 0.0535385 0.00950945
215 0.58731 0.0702875 0.0121267
216 0.60895 0.0616688 0.013149
217 0.60895 0.0593114 0.0102843
218 0.60895 0.0529423 0.00899527
219 0.60895 0.0533823 0.00896521
220 0.60895 0.0510657 0.00978321
221 0.60895 0.0515701 0.00923373
222 0.60895 0.0481441 0.00935414
223 0.60895 0.0377768 0.00565135
224 0.60895 0.0544804 0.00815232
225 0.60895 0.0532126 0.00913183
226 0.60895 0.0476278 0.0074565
227 0.60895 0.0594795 0.0108193
228 0.60895 0.0632237 0.0115352
229 0.60895 0.0595291 0.0108288
230 0.62863 0.0483596 0.00738527
231 0.62863 0.0519389 0.0098218
232 0.62863 0.0510668 0.00832232
233 0.62863 0.0483915 0.0093889
234 0.62863 0.0585155 0.0105484
235 0.62863 0.0498861 0.00728713
236 0.62863 0.0494399 0.0075475
237 0.62863 0.0418121 0.0061037
238 0.62863 0.0577303 0.00903559
239 0.62863 0.0490449 0.00669349
240 0.62863 0.0359384 0.00541569
241 0.62863 0.0473692 0.00829873
242 0.62863 0.0520285 0.00905188
243 0.62863 0.0558477 0.0100234
244 0.62863 0.0517841 0.00928228
245 0.62863 0.0585657 0.0113112
246 0.62863 0.0594012 0.0107571
247 0.62863 0.0534654 0.00871972
248 0.62863 0.0535655 0.00821644
249 0.62863 0.0537605 0.00878954
250 0.62863 0.0550318 0.00980365
251 0.62863 0.0546937 0.0103907
252 0.62863 0.0608628 0.0103353
253 0.62863 0.0521475 0.00929797
254 0.62863 0.0536526 0.00844965
255 0.62863 0.0464649 0.00763042
256 0.62863 0.0410128 0.00555817
257 0.62863 0.044577 0.00636965
258 0.62863 0.0582891 0.0094546
259 0.62863 0.0584795 0.0112102
260 0.62863 0.0510625 0.0084356
261 0.62863 0.0507819 0.00853562
262 0.62863 0.0579001 0.0111572
263 0.62863 0.0483141 0.00954338
264 0.65021 0.0518093 0.010307
265 0.65021 0.053067 0.00887723
266 0.65021 0.042712 0.00838295
267 0.65021 0.0458673 0.00646102
268 0.65021 0.0563073 0.0101039
269 0.6953 0.0585374 0.0146503
270 1 0.0494003 0.0123791
270 0.47361 0.0568699 0.00949075
271 0.69842 0.0614807 0.0134357
272 0.69842 0.0615449 0.0127137
273 0.69842 0.050898 0.00888375
274 0.69842 0.0520191 0.00826873
275 0.69842 0.0634028 0.0128587
276 0.69842 0.0607456 0.0112335
277 1 0.0532327 0.0128375
277 0.4762 0.0510591 0.00837598
278 0.48238 0.0535404 0.0110288
279 0.48238 0.0627142 0.0127911
280 0.48238 0.0618819 0.0117342
281 0.48238 0.0544606 0.00974934
282 0.58731 0.0595623 0.0116086
283 0.58731 0.0604801 0.0100409
284 0.58731 0.0624146 0.0100058
285 0.58731 0.0557311 0.0099707
286 0.58731 0.0523571 0.00963187
287 0.58731 0.0540941 0.00768907
288 0.58731 0.0629886 0.0117618
289 0.58731 0.0545054 0.0111582
290 0.58731 0.0475511 0.00930866
291 0.58731 0.0583765 0.00946099
292 0.58731 0.0706642 0.0127504
293 0.58731 0.0481834 0.00727
294 0.91293 0.0667933 0.0154995
295 0.91293 0.0468609 0.00755154
296 0.91293 0.0539775 0.0099016
297 0.91293 0.0558191 0.00973271
298 0.91293 0.0540489 0.00953602
299 0.91293 0.063392 0.012372
300 0.91293 0.0604345 0.0121987
301 0.91293 0.0576347 0.0112596
302 0.91293 0.050025 0.00949703
303 0.91293 0.0487987 0.0105094
304 0.91293 0.0514927 0.00931638
305 0.91293 0.052615 0.00974944
306 0.91293 0.0516893 0.00920749
307 0.91293 0.0671856 0.012045
308 0.91293 0.0589723 0.00986218
309 0.91293 0.0484086 0.0084875
310 0.91293 0.0541145 0.00928207
311 0.91293 0.0622545 0.0111988
312 0.91293 0.0705436 0.0117595
313 0.91293 0.0504693 0.00750916
314 0.91293 0.0546643 0.00793148
315 0.91293 0.061796 0.0103497
316 0.91293 0.0595608 0.0101228
317 0.91293 0.0589032 0.00851386
318 0.91293 0.0549586 0.0099697
319 0.91293 0.0658872 0.0122114
320 0.91293 0.0641431 0.0107983
321 0.91293 0.0604692 0.00808692
322 0.91293 0.0651852 0.00904804
323 0.91293 0.064803 0.011829
324 0.91293 0.0611025 0.0107065
325 0.91293 0.0654653 0.012092
326 0.91293 0.064795 0.012217
327 0.91293 0.0522063 0.00955765
328 0.91293 0.0713715 0.0140561
329 0.91293 0.0501986 0.00883006
330 0.91293 0.0546661 0.0102707
331 0.91293 0.05196 0.00750812
332 0.91293 0.0678356 0.0128419
333 0.91293 0.054102 0.0110776
334 0.91293 0.0594244 0.0124344
335 0.91293 0.0510757 0.00834527
336 0.95182 0.0661917 0.0155138
337 0.95182 0.0680616 0.0149336
338 0.95182 0.060617 0.0104257
339 0.95182 0.0709675 0.0135374
340 0.95182 0.0526225 0.00823699
341 0.95182 0.0507191 0.0101155
342 0.95182 0.0566985 0.0113958
343 0.95182 0.0611877 0.0106254
344 0.95182 0.0617995 0.011493
345 0.95182 0.0643677 0.0116791
346 0.95182 0.0515232 0.00947199
347 0.95182 0.068747 0.0137763
348 0.95182 0.0508076 0.00857468
349 0.95182 0.0558262 0.0107371
350 0.95182 0.0606019 0.00886246
351 0.95182 0.0632996 0.00985051
352 0.95182 0.0591369 0.0103541
353 0.95182 0.0519845 0.00758124
354 0.95182 0.0583825 0.0105085
355 1.01 0.0677649 0.0156306
355 0.6429 0.0671358 0.0135197
356 0.6429 0.0556501 0.00857156
357 0.65617 0.0740899 0.0140417
358 0.74804 0.061071 0.0128345
359 0.74804 0.0577082 0.0107758
360 0.74804 0.0574597 0.0110222
361 0.74804 0.060046 0.0124792
362 0.74804 0.0483397 0.00843332
363 0.74804 0.0497917 0.0096607
364 0.74804 0.0579951 0.0101022
365 0.74804 0.057372 0.00886117
366 0.74804 0.0576182 0.0130408
367 0.74804 0.0569151 0.00942378
368 0.74804 0.0578174 0.0110252
369 0.74804 0.0545503 0.00967134
370 0.74804 0.049285 0.00896855
371 0.74804 0.0537005 0.00964504
372 0.74804 0.0634888 0.0107337
373 0.74804 0.0505678 0.00977417
374 0.74804 0.0490382 0.00775528
375 0.74804 0.0515033 0.0103706
376 0.74804 0.062111 0.0127834
377 0.74804 0.0608565 0.0112162
378 0.74804 0.0657875 0.0116299
379 0.74804 0.0517042 0.00842325
380 0.74804 0.0531401 0.00917669
381 0.74804 0.058488 0.0108101
382 0.74804 0.0555159 0.0114159
383 0.74804 0.0539025 0.00920887
384 0.85905 0.0585144 0.0110714
385 0.85905 0.0608464 0.0105814
386 0.85905 0.0504718 0.00776872
387 0.85905 0.0555315 0.0105634
388 0.85905 0.0562752 0.0102119
389 0.85905 0.0507277 0.00959318
390 0.85905 0.0546594 0.00926447
391 0.85905 0.0455081 0.00798406
392 0.85905 0.0530082 0.00974326
393 0.85905 0.0581257 0.0100271
394 0.85905 0.0584655 0.011135
395 0.85905 0.0641736 0.0119567
396 0.85905 0.0482259 0.00895189
397 0.85905 0.0525306 0.00842141
398 0.85905 0.05246 0.00904292
399 0.85905 0.0398582 0.00619086
400 0.85905 0.0620597 0.0125877
401 0.85905 0.0600681 0.0128588
402 0.85905 0.0546232 0.0100386
403 0.85905 0.0548415 0.00851443
404 0.85905 0.0505245 0.00839405
405 0.85905 0.0689174 0.0124034
406 0.85905 0.0661607 0.013343
407 0.85905 0.0625799 0.0101393
408 0.85905 0.0576797 0.0108947
409 0.85905 0.0612978 0.00969674
410 0.85905 0.0615251 0.0106311
411 0.85905 0.0663895 0.0112842
412 0.85905 0.0637003 0.0114706
413 0.85905 0.065103 0.0101501
414 0.85905 0.0663462 0.0120709
415 0.85905 0.0721337 0.0140204
416 0.85905 0.0653313 0.0134109
417 0.85905 0.0567112 0.00976314
418 0.85905 0.0538802 0.00945668
419 0.85905 0.067448 0.0130607
420 0.85905 0.0678646 0.0149478
421 0.85905 0.0627707 0.0122931
422 0.85905 0.0643226 0.011537
423 0.85905 0.0601414 0.011233
424 0.85905 0.0592577 0.0112795
425 0.85905 0.0564994 0.00962308
426 0.85905 0.0642135 0.0124258
427 0.85905 0.0595423 0.0105046
428 0.85905 0.0634315 0.0125663
429 0.85905 0.0526527 0.00843313
430 0.85905 0.0574911 0.00895793
431 0.85905 0.0587065 0.0101282
432 0.85905 0.0621406 0.00918121
433 0.85905 0.0635156 0.0128959
434 0.85905 0.0580568 0.0107878
435 0.85905 0.0542684 0.00808797
436 0.85905 0.0762571 0.0160338
437 0.85905 0.0595712 0.0132882
438 0.85905 0.0618682 0.0120311
439 0.85905 0.0606902 0.0137502
440 0.85905 0.0737622 0.0154597
441 0.85905 0.0580209 0.0101577
442 0.85905 0.0585205 0.01104
443 0.85905 0.0641115 0.0111722
444 0.85905 0.0668113 0.0103431
445 0.85905 0.0624287 0.0112326
446 0.85905 0.0558555 0.00907598
447 0.85905 0.0623509 0.0112116
448 0.85905 0.0655293 0.0101238
449 0.85905 0.0541728 0.00917832
450 0.85905 0.0589907 0.0100001
451 0.85905 0.060694 0.0107016
452 0.85905 0.0540941 0.00834477
453 0.85905 0.0510728 0.0097278
454 0.85905 0.0553766 0.0106289
455 0.85905 0.0604119 0.0116424
456 0.85905 0.0500468 0.00812703
457 0.85905 0.064333 0.0131725
458 0.85905 0.049627 0.00786913
459 0.85905 0.0635402 0.0107636
460 0.85905 0.0597809 0.00974092
461 1.01 0.0763506 0.0178003
461 0.53604 0.063784 0.0114556
462 0.69254 0.0610151 0.0122502
463 0.69254 0.06191 0.0114284
464 0.69254 0.0599962 0.012481
465 0.69254 0.058642 0.00988016
466 0.69254 0.0698402 0.012357
467 0.69254 0.0636875 0.00990453
468 0.69254 0.0569262 0.00942181
469 0.69254 0.057166 0.0120226
470 0.69254 0.0531833 0.00843628
471 0.69254 0.0566237 0.0113383
472 0.69254 0.0483022 0.00783115
473 0.69254 0.0395575 0.0062339
474 0.69254 0.0510573 0.008511
475 0.69254 0.0588869 0.00779895
476 0.69254 0.0562546 0.00908028
477 0.69254 0.0656624 0.0121218
478 0.69254 0.0606596 0.00948815
479 0.69254 0.0521725 0.00815253
480 0.69254 0.0508651 0.00987245
481 0.69254 0.0504017 0.00855793
482 0.69254 0.0425079 0.00727299
483 0.69254 0.0439225 0.00715349
484 0.69254 0.0489798 0.00791726
485 0.69254 0.0503318 0.0068762
486 0.69254 0.0595207 0.0102711
487 0.69254 0.0490518 0.00901858
488 0.69254 0.0502013 0.00927117
489 0.69254 0.0542111 0.0087016
490 0.69254 0.0549568 0.00875886
491 0.69254 0.0621122 0.0115351
492 0.69254 0.0578593 0.010401
493 0.69254 0.0594147 0.00850697
494 0.69254 0.0491307 0.00748408
495 0.69254 0.0636248 0.0114428
496 0.69254 0.056337 0.00870966
497 0.69254 0.0580174 0.0105435
498 0.69254 0.0600949 0.0105531
499 0.69254 0.0574247 0.0101488
500 0.69254 0.05243 0.00868489
501 0.69254 0.0584559 0.00968804
502 0.69254 0.047353 0.00816021
503 0.69254 0.0473172 0.00806305
504 0.69254 0.0415289 0.00645599
505 0.69254 0.0584162 0.0117094
506 0.69254 0.05792 0.00978119
507 0.69254 0.0474176 0.00798057
508 0.69254 0.0468421 0.00810499
509 0.69254 0.0498414 0.00891946
510 0.69254 0.0494857 0.00928378
511 0.69254 0.0539415 0.00972335
512 0.69254 0.0527471 0.0103237
513 0.69254 0.0465615 0.00835326
514 0.69254 0.0552063 0.00986779
515 0.69254 0.0519746 0.00921279
516 0.69254 0.0510911 0.0114711
517 0.69254 0.0460849 0.0085402
518 0.69254 0.0609475 0.0108604
519 0.69254 0.0584177 0.0105941
520 0.69254 0.059414 0.0111603
521 0.69254 0.0473441 0.00835397
522 0.69254 0.0547584 0.00853394
523 0.69254 0.0430975 0.008402
524 0.69254 0.0460127 0.00713613
525 0.69254 0.0568113 0.00970351
526 0.69254 0.0538585 0.0105548
527 0.69254 0.058502 0.0123423
528 0.69254 0.0534065 0.0095122
529 0.69254 0.0575916 0.0100144
530 0.69254 0.0556997 0.010088
531 0.69254 0.0652259 0.0127436
532 0.69254 0.0478773 0.00849831
533 0.69254 0.0467943 0.00746118
534 0.69254 0.0433869 0.00634439
535 0.69254 0.0544077 0.0104358
536 0.69254 0.055484 0.00896551
537 0.69254 0.0414312 0.00729161
538 0.69254 0.0500672 0.00746791
539 0.69254 0.0615682 0.010363
540 0.69254 0.0554342 0.0108584
541 0.69254 0.0531283 0.00829832
542 0.69254 0.0461141 0.00726803
543 0.69254 0.0435142 0.00650449
544 0.69254 0.047375 0.00893423
545 0.69254 0.0671666 0.0114037
546 0.69254 0.0670708 0.0130436
547 0.69254 0.0559849 0.0108478
548 0.69254 0.0677439 0.0126368
549 0.69254 0.0707781 0.0143223
550 0.69254 0.064713 0.0128656
551 0.69254 0.0506764 0.00945452
552 0.69254 0.0566033 0.0100362
553 0.69254 0.0612002 0.0133548
554 0.69254 0.0558385 0.0116105
555 0.69254 0.0698638 0.0132924
556 0.69254 0.0582206 0.013515
557 0.69254 0.059347 0.0118234
558 0.69254 0.0594874 0.011407
559 0.69254 0.0581235 0.00894433
560 0.69254 0.0575483 0.0118337
561 0.69254 0.0609388 0.00993415
562 0.69254 0.0565133 0.0122764
563 0.69254 0.0630343 0.0145838
564 0.69254 0.0639402 0.0119598
565 0.69254 0.0543113 0.00997199
566 0.69254 0.0553649 0.0107611
567 0.69254 0.0699236 0.013435
568 0.69254 0.0693645 0.0131183
569 0.69254 0.0554282 0.00930292
570 0.69254 0.0620209 0.0109512
571 0.69254 0.0613666 0.0116934
572 0.69254 0.0594641 0.0101016
573 0.69254 0.0615934 0.0123666
574 0.69254 0.0622836 0.0120759
575 0.69254 0.0599774 0.0100505
576 0.69254 0.0550006 0.0096381
577 0.69254 0.0616795 0.01198
578 1.01 0.0707367 0.0178273
578 0.4762 0.0627762 0.012916
579 0.59063 0.0749487 0.0167342
580 0.59063 0.0608076 0.0116596
581 0.59063 0.0597785 0.0100761
582 0.59063 0.074842 0.0138647
583 0.59063 0.0652944 0.0120614
584 0.59063 0.0561355 0.00837874
585 0.59063 0.0528743 0.00880648
586 0.59063 0.0543851 0.010315
587 0.59063 0.0604673 0.00978657
588 0.59063 0.057723 0.00971785
589 0.59063 0.0670106 0.0120167
590 0.59063 0.0619528 0.011967
591 0.59063 0.0500626 0.00944173
592 0.59063 0.0699075 0.0144961
593 0.59063 0.0701453 0.0131901
594 0.59063 0.0664034 0.0152332
595 0.59063 0.0598536 0.0107269
596 0.59063 0.0645426 0.0127606
597 0.59063 0.0707196 0.0155197
598 0.59063 0.0643416 0.0126837
599 0.59063 0.0696199 0.0148258
600 0.59063 0.0611217 0.0117365
601 0.59063 0.0615102 0.0120823
602 0.59063 0.0642057 0.0115275
603 0.59063 0.0642483 0.0128008
604 0.59063 0.0454806 0.00837995
605 0.59063 0.0603858 0.0118723
606 0.59063 0.0563957 0.011007
607 0.59063 0.0754066 0.0150456
608 0.59063 0.0625261 0.0122212
609 0.59063 0.0632967 0.013912
610 0.59063 0.0765505 0.0140632
611 0.59063 0.058925 0.0101519
612 0.59063 0.056273 0.00884588
613 0.59063 0.0516163 0.00825974
614 0.59063 0.0650447 0.0107718
615 0.59063 0.0506265 0.0099526
616 0.59063 0.0539341 0.0098803
617 0.59063 0.0614574 0.0115424
618 0.59063 0.0536065 0.0128439
619 0.59063 0.0629256 0.011581
620 0.59063 0.0580826 0.00954553
621 0.59063 0.059142 0.0102423
622 0.59063 0.0524966 0.00855149
623 0.59063 0.0535201 0.00848599
624 0.59063 0.0521608 0.00865495
625 0.59063 0.0538078 0.00877471
626 0.59063 0.0700509 0.012883
627 0.59063 0.0598832 0.0110011
628 0.59063 0.062446 0.0123526
629 0.59063 0.0536485 0.0106396
630 0.59063 0.0659027 0.0135539
631 0.59063 0.0515684 0.00941304
632 0.59063 0.0473291 0.00746817
633 0.59063 0.055902 0.0103275
634 0.59063 0.0687865 0.0110276
635 0.59063 0.048566 0.00744483
636 0.59063 0.0512212 0.00778137
637 0.59063 0.0609368 0.0111178
638 0.59063 0.05279 0.00749426
639 0.59063 0.0486202 0.00701014
640 0.59063 0.0502123 0.00850835
641 0.59063 0.0569173 0.00937957
642 0.59063 0.0604789 0.0113327
643 0.59063 0.0599144 0.0101614
644 0.59063 0.0503334 0.00889836
645 0.59063 0.0702514 0.0123775
646 0.59063 0.0605944 0.00993115
647 0.59063 0.0641391 0.0117587
648 0.59063 0.0646448 0.0105362
649 0.59063 0.0583155 0.0104573
650 0.59063 0.0685122 0.0141029
651 0.59063 0.0537134 0.00843431
652 0.59063 0.0657074 0.0128603
653 0.59063 0.0642026 0.0143552
654 0.59063 0.0509497 0.00921546
655 0.59063 0.0630285 0.0111154
656 0.59063 0.050556 0.0100959
657 0.59063 0.0609891 0.0116819
658 0.59063 0.0605147 0.0147162
659 0.59063 0.0620442 0.0125343
660 0.59063 0.0733619 0.0149084
661 0.59063 0.056894 0.0107619
662 0.59063 0.0723546 0.0157095
663 0.59063 0.0519527 0.0105025
664 0.59063 0.0559915 0.00942607
665 0.59063 0.0553205 0.00980201
666 0.59063 0.0535729 0.00927407
667 0.59063 0.0667599 0.0127225
668 0.59063 0.061113 0.0109801
669 0.59063 0.0545346 0.00987672
670 0.59063 0.0539742 0.0105739
671 0.59063 0.0671131 0.0128096
672 0.59063 0.0529876 0.0106264
673 0.59063 0.0553647 0.010911
674 0.59063 0.0503209 0.0101988
675 0.59063 0.0476821 0.0074017
676 0.59063 0.0613811 0.00986205
677 0.59063 0.0405399 0.00711624
678 0.59063 0.0451213 0.00672492
679 0.59063 0.0536928 0.00932909
680 0.59063 0.0458348 0.00645558
681 0.59063 0.049785 0.0065384
682 0.59063 0.0443927 0.00741471
683 0.59063 0.0486912 0.00869878
684 0.59063 0.0532983 0.0104105
685 0.59063 0.0527407 0.0106184
686 0.59063 0.0541314 0.00938173
687 0.59063 0.0580297 0.010759
688 0.59063 0.0517722 0.0100527
689 0.59063 0.061876 0.0119939
690 0.59063 0.0499677 0.00862418
691 0.59063 0.0463794 0.00776962
692 0.59063 0.0536181 0.010719
693 0.59063 0.0406347 0.00675697
694 0.59063 0.0429742 0.0066878
695 0.59063 0.0576279 0.0107306
696 0.59063 0.0538836 0.00797593
697 0.59063 0.0396748 0.00664002
698 0.59063 0.053388 0.0103964
699 0.59063 0.0583967 0.00941202
700 0.59063 0.057896 0.0114536
701 0.59063 0.045757 0.0077707
702 0.59063 0.0530021 0.010348
703 0.59063 0.0657559 0.0133996
704 0.59063 0.0581758 0.0116565
705 0.59063 0.0534261 0.0116019
706 0.59063 0.0578697 0.0124594
707 0.59063 0.0670563 0.0139809
708 0.59063 0.0627415 0.0139398
709 0.59063 0.0552143 0.0100792
710 0.59063 0.0644839 0.0147039
711 0.59063 0.0699102 0.0124376
712 0.59063 0.0718305 0.0154551
713 0.59063 0.0727823 0.0149666
714 0.59063 0.0594628 0.0102207
715 0.59063 0.0607162 0.0109557
716 0.59063 0.0584362 0.011322
717 0.59063 0.0681264 0.0114322
718 0.59063 0.0675523 0.0140191
719 0.59063 0.0583647 0.0104681
720 0.59063 0.0609221 0.010884
721 0.59063 0.0605537 0.0116202
722 0.59063 0.0651644 0.0115251
723 0.59063 0.0455275 0.0070627
724 0.59063 0.0534715 0.00903111
725 0.59063 0.0565216 0.0113144
726 0.59063 0.0550843 0.00993389
727 0.59063 0.0522371 0.00816371
728 0.59063 0.0446469 0.00722138
729 0.59063 0.0620313 0.0111394
730 0.59063 0.0526191 0.00812888
731 0.59063 0.0508238 0.00774297
732 0.59063 0.0657532 0.0118937
733 0.59063 0.0509642 0.00990234
734 0.59063 0.0622886 0.0108431
735 0.59063 0.0477724 0.00774238
736 0.59063 0.0658328 0.0119328
737 0.59063 0.0593387 0.010432
738 0.59063 0.0673505 0.0124254
739 0.59063 0.0759995 0.0138862
740 0.59063 0.0635057 0.0119328
741 0.59063 0.0454155 0.00782245
742 0.59063 0.0579182 0.0101346
743 0.59063 0.0693812 0.0129649
744 0.59063 0.0593826 0.0101026
745 0.68667 0.0573705 0.0119186
746 0.68667 0.0478519 0.00842966
747 0.68667 0.0551511 0.00813552
748 0.68667 0.042337 0.00675338
749 0.68667 0.060093 0.00949368
750 0.68667 0.0588182 0.0102774
751 0.68667 0.051003 0.00822574
752 0.68667 0.0508165 0.00939769
753 0.68667 0.0453635 0.00665585
754 0.68667 0.051114 0.00924227
755 0.68667 0.0620771 0.0139391
756 0.68667 0.0536584 0.00923132
757 0.68667 0.0504187 0.0113444
758 0.68667 0.0608688 0.0108966
759 0.68667 0.057807 0.0115713
760 0.68667 0.0619706 0.0123269
761 0.68667 0.0539201 0.00969213
762 0.68667 0.055275 0.00978673
763 0.68667 0.0527768 0.00843759
764 0.68667 0.0650845 0.013346
765 0.68667 0.0593242 0.0120671
766 0.68667 0.0659791 0.0130271
767 0.68667 0.0591689 0.0111223
768 0.68667 0.0610115 0.0128101
769 0.68667 0.0527843 0.0087705
770 0.68667 0.0603028 0.0137593
771 0.68667 0.056185 0.0130779
772 0.68667 0.0669553 0.0140937
773 0.68667 0.0523158 0.0100914
774 0.68667 0.0462341 0.00785954
775 0.68667 0.0515545 0.00954478
776 0.68667 0.0446658 0.00832723
777 0.68667 0.0580537 0.0108787
778 0.68667 0.0599903 0.0111864
779 0.68667 0.0572195 0.0109741
780 0.68667 0.0613208 0.0136473
781 0.68667 0.0576723 0.0140984
782 0.68667 0.0527161 0.00896284
783 0.68667 0.0600647 0.0123393
784 0.68667 0.0648337 0.0131519
785 0.68667 0.0620663 0.0124707
786 0.68667 0.0554133 0.0107677
787 0.68667 0.0455584 0.0080478
788 0.68667 0.0640815 0.0120309
789 0.68667 0.049036 0.00999237
790 0.68667 0.0569055 0.0117637
791 0.68667 0.0504547 0.00760215
792 0.68667 0.0635701 0.0131615
793 0.68667 0.0556637 0.00911542
794 0.68667 0.0512 0.010396
795 0.68667 0.0579295 0.0124917
796 0.68667 0.0630711 0.011763
797 0.68667 0.0510433 0.00892603
798 0.68667 0.0700892 0.0161033
799 0.68667 0.0562506 0.0102689
800 0.68667 0.0523195 0.00982756
801 0.68667 0.0526262 0.00922257
802 0.68667 0.0717064 0.0123276
803 0.68667 0.0566812 0.0107441
804 0.68667 0.0659011 0.0138098
805 0.68667 0.0508621 0.00875701
806 0.68667 0.0603343 0.0127887
807 0.68667 0.0528392 0.00901552
808 0.68667 0.0620705 0.0128977
809 0.68667 0.0613146 0.0132973
810 0.68667 0.0703519 0.0129283
811 0.68667 0.0531343 0.0101064
812 0.68667 0.0602184 0.0123154
813 0.68667 0.0570136 0.0120719
814 0.68667 0.0654753 0.0147059
815 0.68667 0.0546756 0.0111657
816 0.68667 0.0600653 0.0120558
817 0.68667 0.0629358 0.0131409
818 0.68667 0.0527206 0.01172
819 0.68667 0.0459904 0.00869566
820 0.68667 0.0675432 0.0153141
821 0.68667 0.0595517 0.0107161
822 0.68667 0.0623155 0.0126874
823 0.68667 0.0569396 0.0111416
824 0.68667 0.0797123 0.0139046
825 0.68667 0.0653025 0.0150958
826 0.68667 0.0630758 0.0128888
827 0.68667 0.0634287 0.0106106
828 0.68667 0.0656817 0.01445
829 0.68667 0.0613699 0.0117803
830 0.68667 0.0467307 0.00907201
831 0.68667 0.0721248 0.0154074
832 0.68667 0.0699136 0.0135287
833 0.68667 0.0572146 0.0107962
834 0.68667 0.0605179 0.0123325
835 0.68667 0.0623632 0.0134112
836 0.68667 0.0584471 0.00970832
837 0.68667 0.0615501 0.0123825
838 0.68667 0.0540042 0.0105194
839 0.68667 0.0621823 0.0135639
840 0.68667 0.0797102 0.0176417
841 0.68667 0.0613227 0.0130094
842 0.68667 0.0661631 0.0144723
843 0.68667 0.0615698 0.0132919
844 0.68667 0.0534888 0.0119343
845 0.68667 0.0579415 0.0109252
846 0.68667 0.0682261 0.0129877
847 0.68667 0.0536849 0.00864116
848 0.68667 0.0548918 0.0104477
849 0.68667 0.0514382 0.00946513
850 0.68667 0.0461352 0.00818137
851 0.68667 0.0553315 0.00875
852 0.68667 0.0587852 0.010909
853 0.68667 0.0558861 0.0106792
854 0.68667 0.066585 0.0126408
855 0.68667 0.0652726 0.0120478
856 0.68667 0.0517053 0.00976132
857 0.68667 0.0649027 0.0132895
858 0.68667 0.0712448 0.0140634
859 0.68667 0.0514094 0.0093564
860 0.68667 0.0453506 0.00654231
861 0.68667 0.0530993 0.0105368
862 0.68667 0.0545526 0.008278
863 0.68667 0.0559545 0.00939147
864 0.68667 0.0599468 0.0101067
865 0.68667 0.0649093 0.0105575
866 0.68667 0.0564085 0.011354
867 0.68667 0.0656585 0.0116688
868 0.68667 0.0607687 0.0106714
869 0.68667 0.0666655 0.0133996
870 0.68667 0.0697378 0.0140062
871 0.68667 0.0627104 0.0100447
872 0.68667 0.0562594 0.0100743
873 0.68667 0.0480143 0.00905217
874 0.68667 0.0625774 0.0104011
875 0.68667 0.0640809 0.0112273
876 0.68667 0.056726 0.0107151
877 0.68667 0.0659513 0.0120297
878 0.68667 0.0690845 0.01273
879 0.68667 0.0672133 0.0130582
880 0.68667 0.0673101 0.0117978
881 0.68667 0.0646163 0.0111437
882 0.68667 0.05666 0.0102125
883 0.68667 0.0620366 0.0108524
884 0.68667 0.0638399 0.0136402
885 0.68667 0.0613346 0.0113642
886 0.68667 0.0637052 0.0111948
887 0.68667 0.0593199 0.0110887
888 0.68667 0.0696915 0.0120635
889 0.68667 0.0575618 0.0109649
890 0.68667 0.0545745 0.0106747
891 0.68667 0.0635168 0.0106375
892 0.68667 0.0708571 0.0145643
893 0.68667 0.0591299 0.0103681
894 0.68667 0.0519612 0.00771002
895 0.68667 0.0431853 0.00683774
896 0.68667 0.0601652 0.0107208
897 0.68667 0.0546942 0.0101268
898 0.68667 0.0543406 0.0100248
899 0.68667 0.0513785 0.00754635
900 0.68667 0.0635943 0.00907395
901 0.68667 0.0606925 0.00971048
902 0.68667 0.0542007 0.00976212
903 0.68667 0.0489165 0.00675695
904 0.68667 0.0594992 0.0107249
905 0.68667 0.0625935 0.0119024
906 0.68667 0.0560896 0.00940833
907 0.68667 0.0538645 0.00972616
908 0.68667 0.0564786 0.0118829
909 0.68667 0.070642 0.0125158
910 0.68667 0.0482425 0.00776325
911 0.68667 0.0657259 0.0119985
912 0.68667 0.0669133 0.0137624
913 0.68667 0.0570559 0.00957673
914 0.68667 0.0552485 0.0090549
915 0.68667 0.0526601 0.00930915
916 0.68667 0.0485645 0.00720297
917 0.68667 0.0549283 0.00882819
918 0.68667 0.0525816 0.00956272
919 0.68667 0.0580911 0.0103629
920 0.68667 0.0565662 0.0119407
921 0.68667 0.0573926 0.00940142
922 0.68667 0.0711767 0.0135625
923 0.68667 0.0656793 0.0132902
924 0.68667 0.0622665 0.0110681
925 0.68667 0.0653245 0.0137954
926 0.68667 0.0545798 0.0100663
927 0.68667 0.0519232 0.0115924
928 0.68667 0.0624613 0.011369
929 0.68667 0.0587656 0.00996741
930 0.68667 0.0515753 0.0107693
931 0.68667 0.0455489 0.00771232
932 0.68667 0.0662184 0.0135318
933 0.68667 0.0561093 0.00913926
934 0.68667 0.0625682 0.0130925
935 0.68667 0.0643927 0.0124021
936 0.68667 0.0778219 0.0167091
937 0.68667 0.0651392 0.012792
938 0.68667 0.0465932 0.00959935
939 0.68667 0.0685579 0.015966
940 0.68667 0.0685556 0.0148987
941 0.68667 0.0554574 0.0114481
942 0.68667 0.0657596 0.0123136
943 0.68667 0.0664405 0.0143955
944 0.68667 0.0672834 0.0135927
945 0.68667 0.0554864 0.0106292
946 0.68667 0.0498276 0.00968331
947 0.68667 0.0652952 0.0132338
948 0.68667 0.0567189 0.0117853
949 0.68667 0.0569918 0.0114278
950 0.68667 0.0554381 0.00952344
951 0.68667 0.0586311 0.0119571
952 0.68667 0.0526297 0.0110527
953 0.68667 0.0610157 0.0128151
954 0.68667 0.0460634 0.00723866
955 0.68667 0.0565828 0.010738
956 0.68667 0.0587591 0.0109236
957 0.68667 0.0677012 0.0122101
958 0.68667 0.0593433 0.0123412
959 0.68667 0.0657756 0.0129525
960 0.68667 0.0718831 0.0146142
961 0.68667 0.0639896 0.0132839
962 0.68667 0.0565592 0.0098129
963 0.68667 0.0654298 0.0104692
964 0.68667 0.0639634 0.0135146
965 0.68667 0.0591303 0.0119624
966 0.68667 0.0588404 0.0117598
967 0.68667 0.0496696 0.00797466
968 0.68667 0.0525617 0.00988209
969 0.68667 0.0569779 0.0111769
970 0.68667 0.0569758 0.0107626
971 0.68667 0.0685249 0.015025
972 0.68667 0.0565642 0.0107142
973 0.68667 0.0563524 0.00958544
974 0.68667 0.064189 0.012725
975 0.68667 0.0694545 0.0132038
976 0.68667 0.0714463 0.0133179
977 0.68667 0.0727299 0.0128094
978 0.68667 0.0697334 0.013417
979 0.68667 0.0621398 0.0109146
980 0.68667 0.069336 0.0116938
981 0.68667 0.0659405 0.0146968
982 0.68667 0.0633702 0.0123697
983 0.68667 0.0577982 0.0118368
984 0.68667 0.0655795 0.0124232
985 0.68667 0.0629041 0.0113448
986 0.68667 0.0603586 0.0109228
987 0.68667 0.0685558 0.0128182
988 0.68667 0.068365 0.0114013
989 0.68667 0.0728341 0.012565
990 0.68667 0.061778 0.0106027
991 0.68667 0.0558315 0.00998887
992 0.68667 0.0651484 0.0117326
993 0.68667 0.0679713 0.0138102
994 0.68667 0.0646386 0.0117825
995 0.68667 0.0736609 0.0135995
996 0.68667 0.0822122 0.0154764
997 0.68667 0.0730802 0.0130842
998 0.68667 0.0678618 0.0118349
999 0.68667 0.0696484 0.0124343
1000 0.68667 0.0650672 0.011008
1000 0.46509 0.0577871 0.0104315
1000 0.4762 0.0727473 0.0145443
1000 0.5371 0.0592444 0.0105949
1000 0.4762 0.0653502 0.0121275
