0 0.23793 0.0449729 0.00388396
1 0.23793 0.0210949 0.00166252
2 0.23793 0.0209176 0.00217048
3 0.25274 0.0513633 0.00546139
4 0.25274 0.0284228 0.00266332
5 0.28054 0.0312319 0.00319006
6 0.28054 0.0267128 0.00281321
7 0.29507 0.0310432 0.0033358
8 0.33334 0.0302663 0.003405
9 0.33334 0.0360265 0.00389851
10 0.33334 0.0293852 0.00320454
11 0.33334 0.034213 0.00405282
12 0.33334 0.0285989 0.00270015
13 0.33334 0.0331812 0.0038716
14 0.33334 0.0363503 0.00377757
15 0.33334 0.0339681 0.00365504
16 0.33334 0.0412099 0.00475899
17 0.33334 0.0351892 0.00360642
18 0.3335 0.0325458 0.00382483
19 0.3335 0.0368688 0.00387339
20 0.3335 0.0450319 0.00502185
21 0.3335 0.036266 0.00412719
22 0.33979 0.0416251 0.00441614
23 0.33979 0.0388845 0.00417578
24 0.33979 0.0381622 0.00415494
25 0.33979 0.0367331 0.00414318
26 0.33979 0.040468 0.00409669
27 0.33979 0.0393756 0.0039654
28 0.33979 0.0348542 0.00354776
29 0.33979 0.0318715 0.00316657
30 0.33979 0.0362767 0.00345109
31 0.33979 0.0288919 0.00297582
32 0.33979 0.0348519 0.00354943
33 0.33979 0.0367806 0.003931
34 0.33979 0.0418596 0.00426637
35 0.33979 0.0406715 0.00450011
36 0.33979 0.0344191 0.00368871
37 0.33979 0.033527 0.00302567
38 0.33979 0.0383315 0.00451042
39 0.33979 0.0349465 0.00384785
40 0.33979 0.0401122 0.00456157
41 0.33979 0.0333699 0.0034918
42 0.33979 0.0385476 0.00374044
43 0.33979 0.0432988 0.00456349
44 0.33979 0.0363064 0.00420261
45 0.33979 0.0371934 0.0038182
46 0.33979 0.0374468 0.0037152
47 0.33979 0.0406771 0.00440605
48 0.33979 0.031852 0.0036266
49 0.33979 0.0372139 0.00383828
50 0.33979 0.0409502 0.00449072
51 0.33979 0.041165 0.00430346
52 0.33979 0.0422482 0.00488428
53 0.33979 0.0377748 0.00396296
54 0.33979 0.0404667 0.00446127
55 0.33979 0.0371018 0.00369279
56 0.33979 0.0371932 0.00401345
57 0.33979 0.0499769 0.00474463
58 0.33979 0.0354692 0.00396997
59 0.33979 0.044389 0.00527442
60 0.33979 0.0464686 0.0047522
61 0.33979 0.0446002 0.00498339
62 0.33979 0.0443601 0.00478128
63 0.33979 0.0348171 0.00325395
64 0.33979 0.0345522 0.00381825
65 0.39148 0.0326635 0.00400054
66 0.39148 0.0414916 0.00433922
67 0.39148 0.0396006 0.00454768
68 0.39148 0.0402303 0.00419571
69 0.39148 0.0447865 0.0049585
70 0.39148 0.0378926 0.00424718
71 0.39148 0.0429872 0.00453229
72 0.39148 0.0464343 0.0051353
73 0.39148 0.036421 0.00387581
74 0.39148 0.0416054 0.00429574
75 0.39148 0.0374554 0.00394627
76 0.4762 0.0478185 0.0058671
77 0.4762 0.0444601 0.00487211
78 0.4762 0.0436915 0.00559027
79 0.4762 0.0451172 0.00492497
80 0.4762 0.0401323 0.00452244
81 0.4762 0.0419349 0.0046028
82 0.4762 0.0480386 0.00620598
83 0.4762 0.0448727 0.00578082
84 0.4762 0.0503732 0.00709932
85 0.4762 0.0528886 0.00688435
86 0.4762 0.0557585 0.00733135
87 0.4762 0.0417527 0.00652794
88 0.4762 0.0486122 0.00758666
89 0.4762 0.045002 0.00677
90 0.58143 0.0569095 0.00934726
91 0.58143 0.0580922 0.0100529
92 0.58143 0.0449596 0.00709479
93 0.58143 0.0557448 0.00824076
94 0.58143 0.0472578 0.00757332
95 0.58143 0.0464993 0.00571524
96 0.58143 0.0471192 0.00651009
97 0.58143 0.0377035 0.00502234
98 0.58143 0.0545284 0.00822666
99 0.58143 0.0523104 0.00763792
100 0.58143 0.0449444 0.00637104
101 0.58143 0.0547256 0.00943968
102 0.58143 0.0486629 0.00735059
103 0.58143 0.0472306 0.00839018
104 0.58143 0.0609354 0.00840409
105 0.58143 0.0602096 0.0095628
106 0.58143 0.0504052 0.00808115
107 0.58143 0.0610637 0.00933201
108 0.58143 0.0516023 0.00818836
109 0.58143 0.0585426 0.011338
110 0.58143 0.051737 0.00922028
111 0.58143 0.054327 0.0105554
112 0.58143 0.0542231 0.011358
113 0.58143 0.049416 0.00770633
114 0.58143 0.0569952 0.0087269
115 0.58143 0.0546334 0.0101382
116 0.58143 0.0503988 0.0082992
117 0.58143 0.0591276 0.0115763
118 0.58143 0.0475949 0.00789671
119 0.58143 0.0464272 0.00867132
120 0.58143 0.0508272 0.00924173
121 0.58143 0.0561793 0.00919905
122 0.58143 0.0529598 0.00971359
123 0.58143 0.0525082 0.00848412
124 0.58143 0.0545381 0.00877147
125 0.58143 0.0585458 0.00802959
126 0.58143 0.0510087 0.00899311
127 0.58143 0.0470432 0.00748827
128 0.58143 0.0422484 0.00664542
129 0.58143 0.0467836 0.00678207
130 0.58143 0.0425755 0.00688113
131 0.58143 0.0577824 0.00981869
132 0.58143 0.0497684 0.00906588
133 0.58143 0.0456484 0.00759809
134 0.58143 0.0510551 0.0079778
135 0.58143 0.0505439 0.00705136
136 0.58143 0.0472103 0.00663627
137 0.58143 0.0504648 0.00911844
138 0.58143 0.0551764 0.0092791
139 0.58143 0.0545183 0.0098939
140 0.58143 0.0444262 0.00855493
141 0.58143 0.0436969 0.00703499
142 0.58143 0.0559474 0.0114242
143 0.58143 0.0557973 0.00915736
144 0.58143 0.0485333 0.00740922
145 0.58143 0.0420905 0.00642991
146 0.58143 0.0605754 0.00995069
147 0.58143 0.0568 0.0095497
148 0.58143 0.0614988 0.0117682
149 0.58143 0.04333 0.00724688
150 0.58143 0.0633802 0.0140215
151 0.58143 0.0553262 0.0113723
152 0.58143 0.0578628 0.0108801
153 0.58143 0.055323 0.0101033
154 0.58143 0.0539241 0.0115491
155 0.58143 0.0566526 0.0100215
156 0.58143 0.0484688 0.00950662
157 0.58143 0.0516636 0.0103326
158 0.58143 0.0458861 0.00621447
159 0.58143 0.0496093 0.00943294
160 1 0.052137 0.0123306
160 0.58143 0.0511701 0.00874969
161 0.58143 0.0477324 0.0075602
162 0.58143 0.0528084 0.00775236
163 0.58143 0.0522341 0.00852843
164 0.58143 0.0454887 0.00682019
165 0.58143 0.0483818 0.00724042
166 0.58143 0.0520449 0.00856377
167 0.58143 0.0491706 0.00826716
168 0.63045 0.0491797 0.00876227
169 0.63045 0.0450135 0.00686159
170 0.63045 0.0435937 0.00810232
171 0.63045 0.0489142 0.00743232
172 0.63045 0.0536598 0.00973441
173 0.63045 0.0430028 0.0072191
174 0.63045 0.0483793 0.00841477
175 0.63045 0.0487444 0.00862293
176 0.63045 0.0503653 0.008604
177 0.63045 0.0511686 0.0106674
178 0.63045 0.0418311 0.00771136
179 0.63045 0.0441887 0.00724704
180 0.63045 0.0538345 0.0116465
181 0.63045 0.0563718 0.0110415
182 0.63045 0.0584532 0.011373
183 0.63045 0.0493924 0.00983513
184 0.63045 0.0439501 0.00714718
185 0.63045 0.0403828 0.00563667
186 0.63045 0.0503129 0.00866106
187 0.63045 0.053012 0.0101728
188 0.63045 0.0522535 0.00956622
189 0.63045 0.0449682 0.00674258
190 0.63045 0.0474545 0.00565522
191 0.63045 0.0556962 0.00749239
192 0.63045 0.0556536 0.00972469
193 0.63045 0.0450284 0.0083493
194 0.63045 0.0485103 0.00725811
195 0.63045 0.0406521 0.00617995
196 0.63045 0.0581765 0.00979855
197 0.63045 0.0560948 0.00991456
198 0.63045 0.0602615 0.0113448
199 0.63045 0.0521625 0.00941554
200 0.63045 0.0496119 0.00878296
201 0.63045 0.0547707 0.00908718
202 0.63045 0.0521245 0.00838497
203 0.63045 0.0514291 0.0096136
204 0.63045 0.0388551 0.00567471
205 0.63045 0.0543385 0.0078696
206 0.63045 0.0425467 0.00549231
207 0.63045 0.0505996 0.00661264
208 0.63045 0.0591209 0.0110407
209 0.63045 0.0578494 0.009412
210 0.63045 0.0518398 0.00954834
211 0.63045 0.0407272 0.00677846
212 0.63045 0.0415277 0.00567952
213 0.72016 0.0609868 0.0125372
214 0.72016 0.0539033 0.00901698
215 0.72016 0.045426 0.00764149
216 0.72016 0.0386681 0.00422126
217 0.72016 0.0470253 0.00635018
218 0.72016 0.0463728 0.00725452
219 0.72016 0.0476423 0.00748694
220 0.72016 0.040471 0.00599069
221 0.72016 0.0537739 0.00813128
222 0.72016 0.0562103 0.0102671
223 0.72016 0.0525079 0.008689
224 0.72016 0.055444 0.00872959
225 0.72016 0.0531062 0.00841454
226 0.72016 0.0554766 0.0094402
227 0.72016 0.0478142 0.0075015
228 0.72016 0.0506631 0.00887971
229 0.85143 0.0495777 0.0106668
230 0.85143 0.0506742 0.00954786
231 0.85143 0.0511174 0.00801991
232 0.85143 0.0550375 0.0117984
233 0.85143 0.0509496 0.00936977
234 0.85143 0.0575066 0.010435
235 0.85143 0.0381549 0.0048409
236 0.85143 0.053753 0.00906246
237 0.85143 0.0510945 0.00866344
238 0.85143 0.0529592 0.00954496
239 0.85143 0.0571463 0.0099292
240 0.85143 0.0586184 0.00908082
241 0.85143 0.0449773 0.0085426
242 0.85143 0.0555183 0.00897028
243 0.85143 0.0485407 0.00745913
244 0.85143 0.0540856 0.0104816
245 0.85143 0.0579336 0.0119112
246 0.85143 0.0613954 0.0129358
247 0.85143 0.0564546 0.0101735
248 0.85143 0.0640628 0.0135567
249 0.85143 0.0571932 0.00934884
250 0.85143 0.0579267 0.0113924
251 0.85143 0.0623622 0.0144633
252 0.85143 0.0509799 0.0101288
253 0.85143 0.0565854 0.0117668
254 0.85143 0.061025 0.0128268
255 0.85143 0.0607271 0.0120371
256 0.85143 0.0520842 0.0106503
257 0.85143 0.0607175 0.0111054
258 0.85143 0.0575472 0.0103926
259 0.85143 0.0548357 0.010835
260 0.85143 0.0612289 0.0127252
261 0.85143 0.0725029 0.0160871
262 0.85143 0.0637274 0.0110582
263 0.85143 0.0694352 0.0149915
264 0.85143 0.0542053 0.0117494
265 0.85143 0.054324 0.0119895
266 0.85143 0.0618132 0.0126559
267 0.85143 0.0583045 0.0130949
268 0.85143 0.0502002 0.00970095
269 0.85143 0.0630545 0.0137816
270 0.85143 0.0558628 0.00993841
271 0.85143 0.0582838 0.0139084
272 0.85143 0.0574143 0.0124461
273 0.85143 0.052418 0.0120185
274 0.85143 0.0523665 0.0104453
275 0.85143 0.0581437 0.011211
276 0.85143 0.0573068 0.0113798
277 0.85143 0.0550691 0.0111369
278 0.85143 0.0563661 0.0115383
279 0.85143 0.054392 0.011976
280 0.85143 0.0712783 0.0152509
281 0.85143 0.06527 0.0145093
282 0.85143 0.0695054 0.014339
283 0.85143 0.0523433 0.00891507
284 0.85143 0.0568762 0.0107147
285 0.85143 0.0550251 0.0101004
286 0.85143 0.0611044 0.0128335
287 0.85143 0.0517457 0.0102401
288 0.85143 0.0502435 0.00951909
289 0.85143 0.0582374 0.0128732
290 0.85143 0.0580186 0.0105245
291 0.85143 0.0600595 0.0120068
292 0.85143 0.0599943 0.0127511
293 0.85143 0.0587668 0.0114619
294 0.85143 0.0560833 0.0110127
295 1 0.0665799 0.0160306
295 0.4762 0.0616489 0.0124666
296 0.4762 0.0631218 0.0140082
297 0.4762 0.0588969 0.0118061
298 0.4762 0.0469117 0.00775024
299 0.4762 0.0508824 0.0099332
300 0.4762 0.052661 0.0104449
301 0.4762 0.0482741 0.00901105
302 0.4762 0.0620074 0.0116765
303 0.49207 0.0484917 0.00806306
304 0.49207 0.0553096 0.0100281
305 0.49207 0.0419332 0.0064471
306 0.49207 0.0547545 0.0113905
307 0.49207 0.0470644 0.0075272
308 0.49207 0.0433899 0.00575707
309 0.49207 0.0551095 0.00864199
310 0.49207 0.0462434 0.00781559
311 0.49207 0.0504957 0.00910796
312 0.49207 0.0682779 0.013576
313 0.49207 0.0544112 0.0113185
314 0.49207 0.0553004 0.0120014
315 0.49207 0.0550449 0.00961581
316 0.49207 0.0582486 0.0114062
317 0.49207 0.0652096 0.0120979
318 0.49207 0.0471905 0.00842118
319 0.51947 0.0599378 0.0120603
320 0.51947 0.056771 0.0100062
321 0.51947 0.058659 0.0128613
322 0.51947 0.0593237 0.0118231
323 0.51947 0.0504575 0.00959008
324 0.51947 0.0678418 0.0138803
325 0.51947 0.0596547 0.0120248
326 0.51947 0.0621775 0.0124175
327 0.51947 0.0485512 0.0087312
328 0.51947 0.0557869 0.010502
329 0.51947 0.0699862 0.0125261
330 0.51947 0.0546401 0.00879035
331 0.51947 0.0619919 0.0114706
332 0.51947 0.0557316 0.0121155
333 0.52381 0.0747574 0.0167659
334 0.52381 0.0626159 0.0130169
335 0.52381 0.0713991 0.0164978
336 0.52381 0.0612963 0.0133145
337 0.52381 0.0672081 0.0152713
338 0.52381 0.0703881 0.0148438
339 0.52381 0.0570829 0.0111057
340 0.52381 0.0677958 0.0153193
341 0.52381 0.0612665 0.0128804
342 0.52381 0.0449511 0.00873045
343 0.52381 0.0590077 0.0106286
344 0.52381 0.0534755 0.00883101
345 0.52381 0.0634878 0.0128902
346 0.52381 0.0627765 0.0122744
347 0.52381 0.0624917 0.0133237
348 0.81813 0.0665565 0.0158595
349 0.85495 0.0538575 0.0135153
350 0.85495 0.061976 0.0133368
351 0.85495 0.0539771 0.0112429
352 0.85495 0.0569154 0.0123501
353 0.85495 0.0529589 0.0112398
354 0.85495 0.0609133 0.0128745
355 0.85495 0.0614149 0.0129083
356 0.85495 0.0524799 0.0103184
357 0.85495 0.0615066 0.0120077
358 0.85495 0.0616849 0.0126032
359 0.85495 0.0481315 0.00916492
360 0.85495 0.0615598 0.0152781
361 0.85495 0.0685497 0.0138081
362 0.85495 0.0649186 0.0120775
363 0.85495 0.0576889 0.0131103
364 0.85495 0.0457482 0.00766736
365 0.85495 0.0568392 0.00894458
366 0.85495 0.0463274 0.00859909
367 0.85495 0.047405 0.00769824
368 0.85495 0.057074 0.0104688
369 0.85495 0.05661 0.0105009
370 0.85495 0.0525587 0.00821907
371 0.85495 0.0412086 0.00507055
372 0.85495 0.0540795 0.00967529
373 0.85495 0.05032 0.00790546
374 0.85495 0.0485926 0.00880465
375 1 0.0555284 0.0133266
375 0.4762 0.0552202 0.0111887
376 0.87715 0.0636585 0.0153063
377 1 0.0605015 0.0160149
377 1 0.0505581 0.0130238
377 0.49207 0.0579263 0.011864
378 0.60731 0.0678913 0.0138547
379 0.60731 0.0609799 0.013412
380 0.60731 0.0640322 0.0129635
381 0.60731 0.0570685 0.0120125
382 0.60731 0.057592 0.0121044
383 0.60731 0.0481099 0.00873053
384 0.60731 0.0470681 0.0100896
385 0.60731 0.0682837 0.0146226
386 0.60731 0.0617934 0.0145675
387 0.60731 0.0554829 0.0114284
388 0.60731 0.0539244 0.011085
389 0.60731 0.0494434 0.00946726
390 0.60731 0.0624793 0.0142655
391 0.60731 0.0651713 0.0123134
392 0.60731 0.0601521 0.014051
393 0.60731 0.0550315 0.0118531
394 0.60731 0.0429886 0.00863716
395 0.60731 0.0596191 0.0133879
396 0.60731 0.064217 0.0138583
397 0.60731 0.0671341 0.0148257
398 0.60731 0.0684054 0.0145398
399 0.60731 0.0623742 0.012263
400 0.60731 0.0668826 0.0159062
401 0.60731 0.0639448 0.0138604
402 0.60731 0.0542692 0.0114646
403 0.60731 0.0458359 0.00898055
404 0.60731 0.0512784 0.0091062
405 0.60731 0.0582127 0.0108378
406 0.60731 0.052501 0.00989933
407 0.60731 0.052116 0.0111683
408 0.60731 0.0427246 0.00846918
409 0.60731 0.0589503 0.0124906
410 0.60731 0.0551857 0.0104389
411 0.60731 0.0582929 0.0122282
412 0.60731 0.0496858 0.00764496
413 0.60731 0.0618559 0.0124699
414 0.60731 0.05502 0.0102514
415 0.60731 0.0439146 0.00717656
416 0.60731 0.0591321 0.0114093
417 0.60731 0.0391224 0.0058332
418 0.60731 0.0419119 0.00836389
419 0.60731 0.0492603 0.00934762
420 0.60731 0.0524591 0.00962522
421 0.60731 0.0582172 0.0110916
422 0.60731 0.0504134 0.0099743
423 0.60731 0.0453024 0.00757515
424 0.60731 0.0546112 0.0095901
425 0.60731 0.0585623 0.0100549
426 0.60731 0.0672369 0.014135
427 0.60731 0.0548896 0.0101917
428 0.60731 0.0482248 0.00834196
429 0.61713 0.0581763 0.0121189
430 0.61713 0.0594094 0.0120405
431 0.61713 0.0499974 0.0101768
432 0.61713 0.0396375 0.00771275
433 0.61713 0.0479719 0.00991415
434 0.61713 0.0612919 0.0119758
435 0.61713 0.0560313 0.00982997
436 0.61713 0.0609033 0.0117985
437 0.61713 0.0653295 0.0120415
438 0.61713 0.0663915 0.012773
439 0.76381 0.0586343 0.0108303
440 0.76381 0.0601597 0.0114674
441 0.76381 0.0517758 0.00945697
442 0.76381 0.0619457 0.0109153
443 0.76381 0.0594064 0.0114539
444 0.76381 0.0563903 0.00988206
445 0.76381 0.0582596 0.0094625
446 0.76381 0.0535496 0.00808103
447 0.76381 0.0537519 0.00957109
448 0.81763 0.0613323 0.0123001
449 0.81763 0.0535103 0.00848893
450 0.81763 0.0576421 0.0114326
451 0.81763 0.0585774 0.0113943
452 0.81763 0.0546432 0.00927406
453 0.81763 0.0535629 0.00920427
454 0.81763 0.0467928 0.00750785
455 0.81763 0.0625451 0.0115988
456 0.81763 0.060675 0.0125942
457 1 0.068081 0.0186677
457 0.5658 0.0483389 0.00954457
458 0.5658 0.0576297 0.011029
459 1.01 0.0601944 0.0169024
459 1.01 0.0652538 0.0152234
459 0.4762 0.0515497 0.00933784
460 0.58143 0.0528698 0.0106098
461 0.80366 0.051065 0.00946946
462 1.01 0.0661961 0.0146649
462 0.90889 0.0698884 0.0160215
463 1.01 0.0580206 0.0214667
463 1.01 0.0636394 0.0176081
464 1.01 0.0614854 0.0149454
465 1.01 0.0810127 0.0257627
466 1.01 0.0740364 0.0235151
467 1.02 0.0775799 0.0230404
468 1.02 0.0728006 0.0246588
469 1.02 0.0794852 0.0318802
470 1.02 0.087216 0.0369889
471 1.02 0.0885424 0.0357004
472 1.02 0.0795083 0.0294116
473 1.02 0.0713289 0.0225335
474 1.02 0.0800868 0.0256536
475 1.02 0.0915869 0.0291171
476 1.02 0.069234 0.023399
477 1.02 0.0742426 0.0277035
478 1.02 0.0877609 0.0371576
479 1.02 0.06584 0.0210684
480 1.02 0.0997866 0.0421265
481 1.02 0.0891796 0.0323093
482 1.02 0.0809815 0.0255336
483 1.02 0.0840714 0.0320256
484 1.02 0.0758678 0.0301515
485 1.02 0.0740943 0.0255777
486 1.02 0.0874101 0.026544
487 1.02 0.0746942 0.0242778
488 1.02 0.0856148 0.0359173
489 1.02 0.0818429 0.0321694
490 1.02 0.0724859 0.0286113
491 1.02 0.0740097 0.0316186
492 1.02 0.0854665 0.0371451
493 1.02 0.0850454 0.0299447
494 1.02 0.0837482 0.0323023
495 1.02 0.0714584 0.02708
496 1.02 0.0745034 0.0219685
497 1.02 0.085119 0.030289
498 1.02 0.0877221 0.0390095
499 1.02 0.0894971 0.0345589
500 1.02 0.102017 0.0452493
501 1.02 0.0871465 0.0343584
502 1.02 0.0741187 0.0276935
503 1.02 0.0876647 0.0278789
504 1.02 0.0893832 0.0294704
505 1.02 0.0914861 0.0404367
506 1.02 0.0796 0.0383504
507 1.02 0.0768319 0.0226686
508 1.02 0.0947874 0.0347191
509 1.02 0.0824602 0.0269983
510 1.02 0.0748389 0.0191346
511 1.02 0.0736381 0.0182018
512 1.02 0.0635432 0.0199153
513 1.02 0.0631094 0.0208007
514 1.02 0.0605028 0.0208104
515 1.02 0.0564795 0.0177679
516 1.02 0.0609727 0.0154277
517 1.02 0.0604035 0.0168163
518 1.02 0.0530435 0.0131434
519 1.02 0.0649047 0.0199242
520 1.02 0.0653557 0.019769
521 1.02 0.0527381 0.0171192
522 1.02 0.0471538 0.0114081
523 1.02 0.0659232 0.0178735
524 1.02 0.0643564 0.022824
525 1.02 0.0599442 0.0143947
526 1.02 0.0770729 0.0241746
527 1.02 0.0671176 0.0235116
528 1.02 0.0651055 0.0230678
529 1.02 0.0630687 0.0186611
530 1.02 0.0643484 0.0141135
531 1.02 0.0632797 0.0188241
532 1.02 0.0583238 0.018417
533 1.02 0.0515759 0.0103065
534 1.02 0.077722 0.0258228
535 1.02 0.0733158 0.0228514
536 1.02 0.0769021 0.0252568
537 1.02 0.0548618 0.0153845
538 1.02 0.066056 0.0129987
539 1.02 0.0643943 0.0153362
540 1.02 0.0537802 0.00988255
541 1.02 0.0573583 0.0118931
542 1.02 0.0496676 0.00983219
543 1.02 0.0553063 0.0116766
544 1.02 0.0488133 0.00852901
545 1.02 0.0599313 0.0107836
546 1.02 0.0544503 0.0107415
547 1.02 0.0568302 0.0115573
548 1.02 0.0450551 0.00760435
549 1.02 0.0519655 0.0103338
550 1.02 0.066675 0.0134067
551 1.02 0.0522383 0.00905239
552 1.02 0.0488693 0.0107148
553 1.02 0.0528397 0.0111384
554 1.02 0.0536396 0.0112024
555 1.02 0.056498 0.0112044
556 1.02 0.0531663 0.011621
557 1.02 0.0610822 0.012692
558 1.02 0.0578382 0.0125092
559 1.02 0.0541371 0.0102672
560 1.02 0.0595882 0.0127622
561 1.02 0.0722233 0.0137041
562 1.02 0.049456 0.00964178
563 1.02 0.053813 0.0107094
564 1.02 0.0468969 0.0102656
565 1.02 0.065232 0.0137227
566 1.02 0.0567841 0.0120201
567 1.02 0.0722002 0.0167479
568 1.02 0.0548229 0.0102154
569 1.02 0.0610262 0.0120599
570 1.02 0.0601611 0.0135667
571 1.02 0.0433704 0.00751614
572 1.02 0.071229 0.0138484
573 1.02 0.0467984 0.00929221
574 1.02 0.0550825 0.0104609
575 1.02 0.0625603 0.0135776
576 1.02 0.0502948 0.0116605
577 1.02 0.0628345 0.0130212
578 1.02 0.0611976 0.0133667
579 1.02 0.0561588 0.0120631
580 1.02 0.0558573 0.0155363
581 1.02 0.0620693 0.0186762
582 1.02 0.062433 0.0208803
583 1.02 0.0687045 0.0232325
584 1.02 0.0607984 0.01986
585 1.02 0.0720275 0.0242534
586 1.02 0.0706591 0.030037
587 1.02 0.0592749 0.0157051
588 1.02 0.0687969 0.0199586
589 1.02 0.0653282 0.0182727
590 1.02 0.077614 0.0275927
591 1.02 0.0496463 0.00794155
592 1.02 0.0691596 0.0237916
593 1.02 0.0853353 0.0345357
594 1.02 0.075715 0.0278271
595 1.02 0.0791329 0.030027
596 1.02 0.0712999 0.0243569
597 1.02 0.0841634 0.0297263
598 1.02 0.0761251 0.0228758
599 1.02 0.0808676 0.0278195
600 1.02 0.0719725 0.0251994
601 1.02 0.089887 0.0357354
602 1.02 0.0721754 0.0281258
603 1.02 0.0807477 0.0297305
604 1.02 0.097009 0.0368013
605 1.02 0.0987534 0.0373607
606 1.02 0.0844327 0.0266059
607 1.02 0.0620481 0.0104458
608 1.02 0.0759924 0.0250694
609 1.02 0.071323 0.0207166
610 1.02 0.0712941 0.0254991
611 1.02 0.0685805 0.0265334
612 1.02 0.0887653 0.0322182
613 1.02 0.0827253 0.0287346
614 1.02 0.0768956 0.0328935
615 1.02 0.0709886 0.0294183
616 1.02 0.0599151 0.017144
617 1.02 0.0698023 0.0208536
618 1.02 0.0689085 0.0215421
619 1.02 0.0772796 0.0371027
620 1.02 0.0641152 0.0231576
621 1.02 0.0508143 0.0139023
622 1.02 0.0587288 0.015038
623 1.02 0.0703721 0.0211981
624 1.02 0.0675773 0.0192892
625 1.02 0.0694634 0.0247946
626 1.02 0.0720472 0.0203365
627 1.02 0.0553043 0.0150949
628 1.02 0.0693572 0.0179943
629 1.02 0.0673105 0.0165174
630 1.02 0.0674554 0.0184719
631 1.02 0.0520742 0.0163389
632 1.02 0.0494365 0.00663138
633 1.02 0.0637828 0.0110664
634 1.02 0.0511028 0.010054
635 1.02 0.0507984 0.00728517
636 1.02 0.0538653 0.00894833
637 1.02 0.0633934 0.010933
638 1.02 0.0560529 0.0101969
639 1.02 0.0545405 0.0101724
640 1.02 0.0539653 0.01334
641 1.02 0.0496219 0.00998916
642 1.02 0.0583458 0.0118511
643 1.02 0.0568316 0.0130483
644 1.02 0.0639896 0.013108
645 1.02 0.0551316 0.0120313
646 1.02 0.0633594 0.0160869
647 1.02 0.049171 0.00748306
648 1.02 0.0615151 0.0172243
649 1.02 0.0595857 0.0118745
650 1.02 0.0666054 0.0129654
651 1.02 0.0763176 0.0164024
652 1.02 0.0614192 0.0122463
653 1.02 0.0659494 0.0138717
654 1.02 0.0447954 0.00940063
655 1.02 0.0588503 0.0111308
656 1.02 0.0618015 0.0115235
657 1.02 0.0591416 0.0113954
658 1.02 0.0468499 0.00821335
659 1.02 0.0631525 0.0118137
660 1.02 0.0589195 0.0126894
661 1.02 0.0539522 0.00879055
662 1.02 0.0654666 0.0123667
663 1.02 0.0613493 0.0132945
664 1.02 0.0491375 0.00853844
665 1.02 0.0534079 0.010524
666 1.02 0.0543044 0.012258
667 1.02 0.0582225 0.0126408
668 1.02 0.0624768 0.0115881
669 1.02 0.0534857 0.011092
670 1.02 0.0519488 0.0097116
671 1.02 0.0616937 0.0145294
672 1.02 0.0586011 0.0129112
673 1.02 0.0613136 0.011347
674 1.02 0.0763071 0.0186254
675 1.02 0.054817 0.0143307
676 1.02 0.0753269 0.0175836
677 1.02 0.0730537 0.0166661
678 1.02 0.0645281 0.0150035
679 1.02 0.0582018 0.011346
680 1.02 0.051362 0.00932273
681 1.02 0.0622506 0.0121435
682 1.02 0.0482869 0.00818017
683 1.02 0.0626062 0.0117302
684 1.02 0.0546817 0.013731
685 1.02 0.0545542 0.0132526
686 1.02 0.0607833 0.0136201
687 1.02 0.0694161 0.0142072
688 1.02 0.0685509 0.0140688
689 1.02 0.0592223 0.0115314
690 1.02 0.0622747 0.0139844
691 1.02 0.0520175 0.00961684
692 1.02 0.0513127 0.0101722
693 1.02 0.0589522 0.0116054
694 1.02 0.0593853 0.011984
695 1.02 0.05504 0.00930649
696 1.02 0.0516153 0.0135749
697 1.02 0.0593739 0.0118188
698 1.02 0.0603681 0.0112533
699 1.02 0.0592583 0.0117176
700 1.02 0.0663073 0.0154469
701 1.02 0.0483216 0.0102987
702 1.02 0.0627156 0.0130658
703 1.02 0.048534 0.00950342
704 1.02 0.0629248 0.0128324
705 1.02 0.0574443 0.0116615
706 1.02 0.054709 0.00944498
707 1.02 0.0543553 0.00838531
708 1.02 0.05146 0.00901871
709 1.02 0.0523672 0.0108944
710 1.02 0.0563801 0.00942273
711 1.02 0.0524907 0.00892993
712 1.02 0.0527433 0.00957489
713 1.02 0.0542542 0.00903371
714 1.02 0.0514682 0.00935458
715 1.02 0.0570262 0.0106751
716 1.02 0.0543377 0.0107778
717 1.02 0.0510571 0.00997863
718 1.02 0.0563689 0.00888463
719 1.02 0.0580597 0.00964188
720 1.02 0.0602068 0.0105198
721 1.02 0.0533883 0.00868686
722 1.02 0.062781 0.0116262
723 1.02 0.0555326 0.0100552
724 1.02 0.0560364 0.010231
725 1.02 0.060324 0.0105076
726 1.02 0.0491816 0.00932101
727 1.02 0.0597775 0.00947098
728 1.02 0.0564362 0.0113449
729 1.02 0.0526462 0.00905842
730 1.02 0.056101 0.0102193
731 1.02 0.0534637 0.0095096
732 1.02 0.052656 0.0105097
733 1.02 0.0739004 0.0161301
734 1.02 0.056884 0.0101185
735 1.02 0.0618709 0.0116246
736 1.02 0.0594356 0.0111708
737 1.02 0.0505599 0.00916585
738 1.02 0.0570813 0.0112554
739 1.02 0.0657441 0.012995
740 1.02 0.0685633 0.0137899
741 1.02 0.0578743 0.0115596
742 1.02 0.0538013 0.00975425
743 1.02 0.0513786 0.00918559
744 1.02 0.0651889 0.0112215
745 1.02 0.062395 0.0114218
746 1.02 0.0541435 0.0108927
747 1.02 0.0477609 0.00863812
748 1.02 0.0579242 0.0127303
749 1.02 0.0708289 0.0149293
750 1.02 0.0494183 0.00832286
751 1.02 0.0453269 0.00762252
752 1.02 0.0387478 0.00650036
753 1.02 0.066623 0.0124567
754 1.02 0.0648095 0.0133405
755 1.02 0.0549048 0.00728403
756 1.02 0.0550181 0.00820674
757 1.02 0.0432214 0.00708502
758 1.02 0.057139 0.011304
759 1.02 0.0636037 0.0126068
760 1.02 0.0470211 0.00892688
761 1.02 0.0591849 0.011814
762 1.02 0.0485316 0.00850947
763 1.02 0.0572911 0.0117177
764 1.02 0.0566881 0.0107999
765 1.02 0.0507758 0.00916163
766 1.02 0.040732 0.00671397
767 1.02 0.0522375 0.00990256
768 1.02 0.0468639 0.00928015
769 1.02 0.0610779 0.0137556
770 1.02 0.0543945 0.0109445
771 1.02 0.050032 0.0108056
772 1.02 0.0556935 0.0112163
773 1.02 0.0586203 0.0102894
774 1.02 0.0618092 0.0171914
775 1.02 0.0590401 0.0119438
776 1.02 0.0634731 0.0131618
777 1.02 0.0662338 0.013563
778 1.02 0.0683952 0.0137993
779 1.02 0.0591952 0.010812
780 1.02 0.0589593 0.0150243
781 1.02 0.0508817 0.00977751
782 1.02 0.0485377 0.00806127
783 1.02 0.0488786 0.00847536
784 1.02 0.0583609 0.0117655
785 1.02 0.0572203 0.0110123
786 1.02 0.0577736 0.0105735
787 1.02 0.0629566 0.016565
788 1.02 0.0597827 0.0138331
789 1.02 0.0542195 0.00980905
790 1.02 0.0509855 0.0131793
791 1.02 0.0555606 0.0108595
792 1.02 0.058532 0.011438
793 1.02 0.0656363 0.0121627
794 1.02 0.0600295 0.0113908
795 1.02 0.0547955 0.00927899
796 1.02 0.0641506 0.0123812
797 1.02 0.0593623 0.0123768
798 1.02 0.0519782 0.00880656
799 1.02 0.0505101 0.007792
800 1.02 0.0509973 0.00908929
801 1.02 0.057015 0.0106959
802 1.02 0.0537854 0.0117653
803 1.02 0.0542582 0.0110434
804 1.02 0.0577485 0.0128352
805 1.02 0.0480498 0.00903215
806 1.02 0.0540181 0.00911884
807 1.02 0.0468611 0.0101495
808 1.02 0.0560008 0.00955196
809 1.02 0.0614783 0.013129
810 1.02 0.0655851 0.0134805
811 1.02 0.0660697 0.0146392
812 1.02 0.0623465 0.0168745
813 1.02 0.0496574 0.0102553
814 1.02 0.0472992 0.0109009
815 1.02 0.0580057 0.0131067
816 1.02 0.0577291 0.0132591
817 1.02 0.040801 0.00852655
818 1.02 0.0755942 0.0160929
819 1.02 0.0545346 0.011244
820 1.02 0.0460838 0.00790339
821 1.02 0.0569002 0.0114926
822 1.02 0.0573899 0.0117299
823 1.02 0.0541896 0.0143262
824 1.02 0.0491074 0.00899201
825 1.02 0.0421301 0.0072284
826 1.02 0.0617751 0.0136289
827 1.02 0.0583601 0.0122599
828 1.02 0.0538834 0.00995896
829 1.02 0.0534967 0.0108759
830 1.02 0.0543602 0.0110762
831 1.02 0.0540085 0.0093314
832 1.02 0.0603831 0.0133573
833 1.02 0.048827 0.00923761
834 1.02 0.061612 0.0136078
835 1.02 0.0367974 0.00528207
836 1.02 0.0498067 0.00967097
837 1.02 0.046168 0.00765767
838 1.02 0.0497914 0.00875275
839 1.02 0.0616187 0.0107419
840 1.02 0.0530975 0.00980487
841 1.02 0.047358 0.00848542
842 1.02 0.0557407 0.0098367
843 1.02 0.0526983 0.00942419
844 1.02 0.0668001 0.0164077
845 1.02 0.0551269 0.0112554
846 1.02 0.0421868 0.00669637
847 1.02 0.0483191 0.0120019
848 1.02 0.0389707 0.00548527
849 1.02 0.0489391 0.0100138
850 1.02 0.0382417 0.00605759
851 1.02 0.0464854 0.00791481
852 1.02 0.0477618 0.00722118
853 1.02 0.0468571 0.00830486
854 1.02 0.0602204 0.017498
855 1.02 0.042378 0.0090087
856 1.02 0.0479281 0.00743127
857 1.02 0.0621764 0.0172733
858 1.02 0.0609956 0.0117704
859 1.02 0.0553424 0.0113806
860 1.02 0.0468311 0.0084365
861 1.02 0.0476015 0.0105966
862 1.02 0.0542487 0.0106858
863 1.02 0.0516931 0.0102648
864 1.02 0.0540433 0.0116255
865 1.02 0.0569168 0.0106819
866 1.02 0.0488799 0.00935931
867 1.02 0.0477079 0.00860055
868 1.02 0.0503792 0.00917244
869 1.02 0.0511914 0.0090823
870 1.02 0.0579095 0.0123548
871 1.02 0.0471113 0.00954873
872 1.02 0.0543021 0.0123772
873 1.02 0.0655337 0.0145777
874 1.02 0.0571399 0.0112186
875 1.02 0.0664805 0.0150796
876 1.02 0.067526 0.0187421
877 1.02 0.072347 0.0223609
878 1.02 0.0631495 0.0124501
879 1.02 0.0729913 0.0200163
880 1.02 0.064932 0.0170852
881 1.02 0.0697557 0.0184242
882 1.02 0.065586 0.0172521
883 1.02 0.0705043 0.0159709
884 1.02 0.0612727 0.0133111
885 1.02 0.050762 0.0103914
886 1.02 0.047235 0.00721323
887 1.02 0.045658 0.0103535
888 1.02 0.0524734 0.0115137
889 1.02 0.0598387 0.0118473
890 1.02 0.0599192 0.014815
891 1.02 0.0463848 0.0118332
892 1.02 0.0697081 0.0217762
893 1.02 0.0550652 0.0155798
894 1.02 0.0626597 0.0195431
895 1.02 0.0682437 0.0187029
896 1.02 0.0792142 0.0264269
897 1.02 0.074397 0.0235833
898 1.02 0.0891297 0.033706
899 1.02 0.0734243 0.0241933
900 1.02 0.0680257 0.0257311
901 1.02 0.0628484 0.0254634
902 1.02 0.0657961 0.0185882
903 1.02 0.0721638 0.0246531
904 1.02 0.0846821 0.0295858
905 1.02 0.0777675 0.0222743
906 1.02 0.0755295 0.0264872
907 1.02 0.0830954 0.0349978
908 1.02 0.0871446 0.0389148
909 1.02 0.0770877 0.0339459
910 1.02 0.0975691 0.0410169
911 1.02 0.0582404 0.0182702
912 1.02 0.0666487 0.0269109
913 1.02 0.0840049 0.0323462
914 1.02 0.0794696 0.0348023
915 1.02 0.084528 0.0336484
916 1.02 0.0734977 0.0324968
917 1.02 0.0675986 0.0228677
918 1.02 0.0848227 0.0331242
919 1.02 0.0917404 0.0437461
920 1.02 0.106335 0.0471585
921 1.02 0.0638338 0.0223417
922 1.02 0.0789995 0.0328809
923 1.02 0.0641641 0.0214191
924 1.02 0.082369 0.0317816
925 1.02 0.0620196 0.019107
926 1.02 0.0767234 0.0297984
927 1.02 0.071545 0.0304147
928 1.02 0.0612694 0.0208349
929 1.02 0.0579847 0.0182892
930 1.02 0.0518885 0.0128584
931 1.02 0.0701087 0.0276521
932 1.02 0.065222 0.0260665
933 1.02 0.0616747 0.0204257
934 1.02 0.0750388 0.0294976
935 1.02 0.0852948 0.0309562
936 1.02 0.0688538 0.0301301
937 1.02 0.0699517 0.0284196
938 1.02 0.0756843 0.033987
939 1.02 0.068506 0.0261056
940 1.02 0.0753086 0.0300416
941 1.02 0.0693048 0.0267785
942 1.02 0.068265 0.0291985
943 1.02 0.0502959 0.0110276
944 1.02 0.0693588 0.024334
945 1.02 0.0693263 0.028176
946 1.02 0.0714769 0.0297348
947 1.02 0.0774059 0.0290087
948 1.02 0.0884897 0.038719
949 1.02 0.0838028 0.0321889
950 1.02 0.078366 0.0244257
951 1.02 0.0801681 0.0235488
952 1.02 0.0682782 0.0241312
953 1.02 0.0768357 0.0311485
954 1.02 0.0639042 0.016123
955 1.02 0.0746388 0.0237594
956 1.02 0.0705053 0.0277772
957 1.02 0.0738577 0.0256599
958 1.02 0.0785492 0.0271205
959 1.02 0.066551 0.0193603
960 1.02 0.0635736 0.0180577
961 1.02 0.074099 0.025506
962 1.02 0.0930465 0.0348279
963 1.02 0.0920895 0.0451787
964 1.02 0.0796951 0.0331108
965 1.02 0.0687632 0.0253509
966 1.02 0.0783259 0.0303648
967 1.02 0.0711031 0.0321616
968 1.02 0.0788964 0.0302078
969 1.02 0.074965 0.0336494
970 1.02 0.0880326 0.0366588
971 1.02 0.0721898 0.0294755
972 1.02 0.0690988 0.0300479
973 1.02 0.0629866 0.0223205
974 1.02 0.0806302 0.024653
975 1.02 0.0746239 0.0224524
976 1.02 0.0756355 0.0270933
977 1.02 0.0774365 0.028055
978 1.02 0.081589 0.0373609
979 1.02 0.0556952 0.0160681
980 1.02 0.0798274 0.0315533
981 1.02 0.0954765 0.047091
982 1.02 0.0713405 0.0256343
983 1.02 0.0933059 0.0467161
984 1.02 0.0893501 0.0399378
985 1.02 0.0829333 0.0328461
986 1.02 0.0747464 0.0244216
987 1.02 0.0566059 0.0182122
988 1.02 0.0596481 0.0113441
989 1.02 0.0788345 0.0246022
990 1.02 0.0647693 0.0185218
991 1.02 0.0714049 0.0181253
992 1.02 0.0659752 0.0257277
993 1.02 0.0711885 0.0238817
994 1.02 0.0822867 0.0321121
995 1.02 0.0685547 0.0299367
996 1.02 0.0642758 0.0149427
997 1.02 0.0685406 0.0206477
998 1.02 0.0589209 0.015786
999 1.02 0.0522056 0.0136807
1000 1.02 0.0548729 0.015036
