0 0.211 0.0432413 0.00387951
1 0.21176 0.0231894 0.00201572
2 0.24663 0.0203052 0.00168265
3 0.25653 0.0362624 0.0047173
4 0.25653 0.0189967 0.00129093
5 0.28392 0.0294203 0.00334894
6 0.28392 0.0225278 0.00205788
7 0.28392 0.0295229 0.00355199
8 0.28392 0.0244496 0.00236373
9 0.35921 0.0297144 0.00344797
10 0.35921 0.0280887 0.00273772
11 0.35921 0.0344483 0.00351085
12 0.35921 0.0349054 0.00413022
13 0.35921 0.0361535 0.00344235
14 0.35921 0.0353176 0.00341197
15 0.35921 0.0358529 0.00422962
16 0.35921 0.0372847 0.00384224
17 0.35921 0.0357909 0.00344126
18 0.35921 0.0303059 0.00314703
19 0.35921 0.0361553 0.00379977
20 0.35921 0.0288294 0.00259958
21 0.35921 0.0389771 0.00446725
22 0.35921 0.037399 0.00354075
23 0.35921 0.0359969 0.0033511
24 0.35921 0.0338988 0.00355225
25 0.35921 0.0464703 0.00479464
26 0.35921 0.0343182 0.00372043
27 0.35921 0.0385246 0.00400978
28 0.35921 0.0309172 0.00307907
29 0.35921 0.0386335 0.00402382
30 0.35921 0.0327239 0.00356684
31 0.35921 0.0326775 0.00344784
32 0.35921 0.0369646 0.00345518
33 0.35921 0.0364594 0.00382279
34 0.35921 0.0279382 0.00293719
35 0.35921 0.0429191 0.0047286
36 0.35921 0.0406059 0.00453988
37 0.35921 0.0458378 0.00489504
38 0.35921 0.0395118 0.00405193
39 0.35921 0.0368106 0.00436795
40 0.35921 0.0382857 0.00424998
41 0.35921 0.0312629 0.00360209
42 0.35921 0.0442184 0.00446564
43 0.35921 0.0348755 0.0040601
44 0.35921 0.0442097 0.00460733
45 0.35921 0.0408596 0.00415782
46 0.35921 0.0368593 0.00419547
47 0.35921 0.033664 0.00429921
48 0.35921 0.0349209 0.0036223
49 0.35921 0.0355013 0.00413558
50 0.35921 0.0338264 0.00390682
51 0.35921 0.0361967 0.00405094
52 0.35921 0.0349768 0.0040399
53 0.35921 0.0318015 0.00339208
54 0.35921 0.0400785 0.00459247
55 0.35921 0.0432194 0.00482588
56 0.35921 0.0475285 0.0052227
57 0.35921 0.0347738 0.00371753
58 0.35921 0.0422748 0.00480085
59 0.35921 0.0441058 0.00454919
60 0.35921 0.0421677 0.00420345
61 0.35921 0.0354986 0.00376653
62 0.35921 0.0426976 0.00475116
63 0.35921 0.0367384 0.00384062
64 0.35921 0.0450365 0.00528597
65 0.35921 0.038188 0.00441258
66 0.35921 0.0394332 0.00422116
67 0.35921 0.0360968 0.00401477
68 0.41374 0.0471667 0.00594512
69 0.41374 0.0410445 0.00386915
70 0.41374 0.0463337 0.00521378
71 0.41374 0.0369161 0.00416301
72 0.41374 0.0487337 0.00490506
73 0.41374 0.0380306 0.00375838
74 0.41374 0.0368961 0.00457094
75 0.41374 0.03993 0.00506209
76 0.41758 0.0407799 0.00531476
77 0.41758 0.0469839 0.00520901
78 0.41758 0.0410348 0.00493602
79 0.41758 0.0418554 0.00491501
80 0.48514 0.0417563 0.0059827
81 0.48514 0.0343501 0.00404685
82 0.48514 0.0449126 0.00520691
83 0.48514 0.0453513 0.00527667
84 0.48514 0.0296044 0.00319504
85 0.48514 0.0421433 0.00516539
86 0.48514 0.0412291 0.00412098
87 0.48514 0.0416071 0.00437884
88 0.48514 0.0426693 0.00541928
89 0.48514 0.0438402 0.00583583
90 0.48514 0.0308 0.00356383
91 0.48514 0.0444932 0.00581079
92 0.48514 0.047921 0.00700664
93 0.48514 0.0538167 0.00793517
94 0.48514 0.0445439 0.00606503
95 0.48514 0.0486453 0.00696401
96 0.48514 0.0515794 0.00801587
97 0.48514 0.0497883 0.00746113
98 0.48514 0.0530895 0.00625902
99 0.48514 0.0506772 0.00703736
100 0.48514 0.045911 0.00611719
101 0.48514 0.0453223 0.00593042
102 0.48514 0.0515638 0.00732261
103 0.48514 0.0514224 0.00743513
104 0.48514 0.0549751 0.0081941
105 0.48514 0.0444078 0.00544413
106 0.48514 0.0412466 0.00589572
107 0.48514 0.0465928 0.00629479
108 0.48514 0.0486738 0.00607699
109 0.48514 0.0489271 0.0072639
110 0.48514 0.0482308 0.00705017
111 0.48514 0.0450621 0.00638278
112 0.48514 0.0402407 0.00573427
113 0.48514 0.0435655 0.0065322
114 0.48514 0.0555399 0.00845427
115 0.48514 0.0465798 0.00670994
116 0.48514 0.0449719 0.0069076
117 0.48514 0.0514041 0.00777296
118 0.48514 0.0446791 0.00716113
119 0.48514 0.0529411 0.00968695
120 0.48514 0.0461845 0.00685103
121 0.48514 0.0531221 0.00889457
122 0.48514 0.051441 0.00756572
123 0.48514 0.0422999 0.00667635
124 0.48514 0.0511289 0.00739825
125 0.48514 0.0430894 0.00658091
126 0.48514 0.0505139 0.00858541
127 0.48514 0.0491356 0.00691004
128 0.48514 0.0435363 0.0060399
129 0.48514 0.0549399 0.00875533
130 0.48514 0.0489302 0.00783742
131 0.48514 0.053079 0.00743265
132 0.48514 0.039727 0.00648616
133 0.48514 0.0400779 0.00646547
134 0.48514 0.0552567 0.00926643
135 0.48514 0.0424347 0.00470414
136 0.48514 0.0452853 0.00649015
137 0.48514 0.0504869 0.0071635
138 0.48514 0.0632569 0.00891294
139 0.48514 0.0471659 0.00596298
140 0.48514 0.0509587 0.00614816
141 0.48514 0.0389316 0.0046461
142 0.48514 0.0494828 0.00729255
143 0.48514 0.0449037 0.00563282
144 0.48514 0.0482936 0.00666459
145 0.48514 0.0560304 0.00880921
146 0.48514 0.0458453 0.00798844
147 0.48514 0.0394169 0.00570979
148 0.48514 0.0464066 0.00559793
149 0.48514 0.0496323 0.00718039
150 0.48514 0.0466631 0.00590877
151 0.48514 0.0364321 0.00464528
152 0.48514 0.0529181 0.00677253
153 0.48514 0.0495513 0.00708317
154 0.48514 0.0481071 0.00710282
155 0.48514 0.0436536 0.00605161
156 0.48514 0.0424406 0.00540035
157 0.48514 0.0510615 0.00687021
158 0.48514 0.0543855 0.00748969
159 0.48514 0.0463318 0.0066176
160 0.48514 0.0373764 0.0046728
161 0.48514 0.0396692 0.00516252
162 0.48514 0.0389336 0.00524785
163 0.48514 0.0390726 0.00488428
164 0.48514 0.0455432 0.00660184
165 0.48514 0.0520132 0.00724003
166 0.48514 0.0415457 0.00535831
167 0.48514 0.0542747 0.00835868
168 0.48514 0.0432609 0.00599767
169 0.48514 0.0528488 0.00725724
170 0.48514 0.0484229 0.00605705
171 0.48514 0.0448639 0.00724148
172 0.48514 0.0461894 0.00627946
173 0.48514 0.0465814 0.00582209
174 0.48514 0.0426445 0.00542841
175 0.48514 0.0487259 0.00713037
176 0.48514 0.0646495 0.00878928
177 0.48514 0.0517948 0.00820739
178 0.48514 0.0521343 0.00915131
179 0.48514 0.0506044 0.00665131
180 0.48514 0.055358 0.0081343
181 0.48514 0.0564443 0.00826352
182 0.48514 0.0582506 0.00966059
183 0.48514 0.0508507 0.00820245
184 0.5122 0.0433083 0.0067368
185 0.5193 0.0585471 0.0111135
186 0.5193 0.0585436 0.00978091
187 0.5193 0.0576407 0.0100921
188 0.5193 0.048779 0.00807331
189 0.5193 0.0442366 0.00666114
190 0.5193 0.0529366 0.0101822
191 0.5193 0.0472597 0.00797846
192 0.5193 0.0484357 0.008955
193 0.5193 0.0513148 0.00795603
194 0.6719 0.0523985 0.0112948
195 0.6719 0.0527095 0.0111095
196 0.6719 0.0415085 0.00622842
197 0.6719 0.051883 0.00920455
198 0.6719 0.0476736 0.00844034
199 0.6719 0.0547634 0.0104893
200 0.6719 0.0524501 0.011385
201 0.6719 0.0514104 0.00950266
202 0.6719 0.0562802 0.0123027
203 0.6719 0.0592697 0.0127323
204 0.6719 0.056387 0.0108365
205 0.6719 0.0652699 0.0135774
206 0.6719 0.0607109 0.0124567
207 0.6719 0.0634037 0.0121958
208 0.6719 0.053693 0.00979107
209 0.6719 0.0569774 0.0126724
210 0.6719 0.0582717 0.0109463
211 0.6719 0.06658 0.0129887
212 0.6719 0.0532035 0.0111345
213 0.6719 0.0497861 0.00908853
214 0.6719 0.0516763 0.0105491
215 0.6719 0.0485496 0.00990034
216 0.6719 0.0528874 0.0113549
217 0.6719 0.0494364 0.00945893
218 0.6719 0.0667421 0.0132783
219 0.6719 0.0650875 0.0138794
220 0.6719 0.0642195 0.0133491
221 0.6719 0.0612197 0.0108949
222 0.6719 0.0551148 0.0123832
223 0.6719 0.0620998 0.0131082
224 0.6719 0.0587812 0.0114186
225 0.6719 0.0643928 0.0138889
226 0.6719 0.0506519 0.00924185
227 0.6719 0.0550954 0.012144
228 0.6719 0.0445934 0.00799527
229 0.6719 0.0504529 0.0103594
230 0.6719 0.0612126 0.0132337
231 0.6719 0.045398 0.00884645
232 0.6719 0.0415084 0.00583245
233 0.6719 0.0432454 0.00753972
234 0.6719 0.0595532 0.0111344
235 0.6719 0.0610844 0.0124927
236 0.6719 0.0517425 0.0100936
237 0.6719 0.0566443 0.0110091
238 0.6719 0.0607734 0.0105463
239 0.6719 0.0589005 0.0110378
240 0.6719 0.0528932 0.00992538
241 0.6719 0.0609675 0.0117245
242 0.6719 0.0548178 0.00986675
243 0.6719 0.049993 0.00919101
244 0.6719 0.0559587 0.00925545
245 0.6719 0.0542828 0.0104408
246 0.6719 0.0486169 0.00849443
247 0.6719 0.0585498 0.012289
248 0.6719 0.0457937 0.00623879
249 0.6719 0.0545147 0.0104843
250 0.6719 0.0535195 0.00834294
251 0.6719 0.0448995 0.00842593
252 0.6719 0.0458826 0.00841262
253 0.6719 0.0427724 0.00555435
254 0.6719 0.0352958 0.00572405
255 0.6719 0.0394889 0.00757168
256 0.6719 0.0367012 0.00575983
257 0.6719 0.0436913 0.00754941
258 0.6719 0.033337 0.00518762
259 0.6719 0.0452493 0.00787645
260 0.6719 0.0440568 0.00607465
261 0.6719 0.0441391 0.00528589
262 0.6719 0.0406198 0.0058878
263 0.6719 0.0431102 0.00663857
264 0.6719 0.0371686 0.00585635
265 0.6719 0.0383399 0.00631644
266 0.6719 0.0535177 0.00956734
267 0.6719 0.0487916 0.00952882
268 0.6719 0.0568219 0.00953861
269 0.6719 0.0448587 0.00613625
270 0.6719 0.0513268 0.00933847
271 0.6719 0.047332 0.00760433
272 0.6719 0.044659 0.00821475
273 0.6719 0.0626875 0.0119749
274 0.6719 0.0600156 0.0106799
275 0.6719 0.0423018 0.00627605
276 0.6719 0.0509014 0.00989176
277 0.6719 0.0550653 0.00814333
278 0.6719 0.0405051 0.00708869
279 0.6719 0.038679 0.00709058
280 0.6719 0.0476089 0.00760273
281 0.6719 0.0467672 0.00854089
282 0.6719 0.0393783 0.00696738
283 0.6719 0.0436242 0.00707019
284 0.6719 0.0485499 0.00643674
285 0.6719 0.046488 0.00769082
286 0.6719 0.0480299 0.00733678
287 0.6719 0.0426905 0.00639481
288 0.6719 0.0479975 0.00718936
289 0.6719 0.045096 0.00662094
290 0.6719 0.0448885 0.00739949
291 0.6719 0.0469708 0.00706111
292 0.6719 0.0486692 0.00721263
293 0.6719 0.0444 0.00648568
294 0.6719 0.0510317 0.00948386
295 0.6719 0.0540604 0.00892844
296 0.6719 0.0551706 0.0106153
297 0.6719 0.039928 0.00624743
298 0.6719 0.0457295 0.00738508
299 0.6719 0.0486903 0.00720233
300 0.6719 0.0550961 0.00843304
301 0.6719 0.0464841 0.0074045
302 0.6719 0.0479014 0.0080747
303 0.6719 0.033899 0.00519761
304 0.6719 0.0417908 0.00676001
305 0.6719 0.0551835 0.00928542
306 0.6719 0.0497779 0.00857283
307 0.6719 0.052947 0.00863796
308 0.6719 0.0488557 0.00747222
309 0.6719 0.0475494 0.00619883
310 0.6719 0.0470466 0.00810925
311 0.6719 0.0441928 0.00712625
312 0.6719 0.0558534 0.0108717
313 0.6719 0.0433761 0.0065362
314 0.6719 0.0416932 0.00629195
315 0.6719 0.0454852 0.00681891
316 0.6719 0.0616883 0.00935746
317 0.6719 0.0473182 0.00908379
318 0.6719 0.0627139 0.0110817
319 0.6719 0.0519073 0.00911611
320 0.6719 0.0429146 0.00818101
321 0.6719 0.0478258 0.00861473
322 0.6719 0.0642032 0.0134907
323 0.6719 0.0608356 0.00955666
324 0.6719 0.0541422 0.0114832
325 0.6719 0.0623886 0.0134793
326 0.6719 0.0542204 0.0089433
327 0.6719 0.0457575 0.00895933
328 0.6719 0.0445026 0.00766255
329 0.6719 0.0519955 0.00977435
330 0.6719 0.0403579 0.00624355
331 0.6719 0.0628505 0.0134012
332 0.6719 0.0619454 0.0109943
333 0.6719 0.0484625 0.00914568
334 0.6719 0.0554932 0.0110782
335 0.6719 0.0444337 0.00852865
336 0.6719 0.052173 0.0118187
337 0.6719 0.0502741 0.010543
338 0.6719 0.0484974 0.0094171
339 0.6719 0.0481068 0.00950152
340 0.6719 0.0627339 0.0127707
341 0.6719 0.0444662 0.00848245
342 0.6719 0.047054 0.00990822
343 0.6719 0.0483411 0.0076529
344 0.6719 0.0413403 0.00774705
345 0.6719 0.054675 0.0110311
346 0.6719 0.0466311 0.00972379
347 0.6719 0.0529071 0.00880013
348 0.6719 0.0544929 0.0136915
349 0.6719 0.054695 0.0101276
350 0.6719 0.0596839 0.0128289
351 0.6719 0.0493588 0.00904949
352 0.6719 0.0620885 0.0123208
353 0.6719 0.0526695 0.0104075
354 0.6719 0.0462581 0.00801878
355 0.6719 0.0489031 0.00902217
356 0.6719 0.0564272 0.0107444
357 0.6719 0.0577526 0.0106593
358 0.6719 0.0550008 0.0110714
359 0.6719 0.0492437 0.00826647
360 0.6719 0.0517255 0.0103022
361 0.6719 0.0485358 0.00885174
362 0.6719 0.0505194 0.0115516
363 0.6719 0.055782 0.0111177
364 0.6719 0.0654912 0.0139175
365 0.6719 0.0567456 0.0106955
366 0.6719 0.049242 0.00868902
367 0.6719 0.0475464 0.00889444
368 0.6719 0.0376243 0.00593762
369 0.6719 0.0515058 0.0095652
370 0.6719 0.0514834 0.0112659
371 0.6719 0.0486288 0.0098911
372 0.6719 0.0689858 0.0153683
373 0.6719 0.0460246 0.00904721
374 0.6719 0.0528223 0.011534
375 0.6719 0.0538587 0.0117922
376 0.6719 0.0584492 0.01223
377 0.6719 0.0716387 0.0159331
378 0.6719 0.0488379 0.0098342
379 0.6719 0.0482343 0.00959547
380 0.6719 0.0447316 0.0092342
381 0.6719 0.0553531 0.011097
382 0.6719 0.0563184 0.011921
383 0.6719 0.0641177 0.0143422
384 0.6719 0.0530144 0.00931148
385 0.6719 0.0518444 0.0108028
386 0.6719 0.0585792 0.0125871
387 0.6719 0.0759685 0.016895
388 0.6719 0.0477616 0.0105294
389 0.6719 0.0444223 0.00814488
390 0.6719 0.0517056 0.0108499
391 0.6719 0.060832 0.0132517
392 0.6719 0.0687333 0.0153768
393 0.6719 0.0461161 0.00939952
394 0.6719 0.0644414 0.0123701
395 0.6719 0.0584834 0.011723
396 0.6719 0.0583289 0.0118227
397 0.6719 0.0516772 0.0103155
398 0.6719 0.0556661 0.0108988
399 0.6719 0.0616196 0.0136637
400 0.6719 0.07121 0.0151633
401 0.6719 0.0432705 0.00718533
402 0.6719 0.0575651 0.0104664
403 0.6719 0.0460392 0.00766436
404 0.70891 0.0522558 0.0115737
405 0.70891 0.0520741 0.00922126
406 0.70891 0.0657532 0.0146356
407 0.70891 0.0559153 0.0112473
408 0.70891 0.044557 0.00800859
409 0.70891 0.0443445 0.00700792
410 0.70891 0.0503651 0.00864472
411 0.70891 0.0499664 0.00988394
412 0.70891 0.0540216 0.0121005
413 0.70891 0.0567282 0.0113992
414 0.70891 0.0427366 0.00644265
415 0.70891 0.0438316 0.00734803
416 0.70891 0.0516856 0.00860453
417 0.70891 0.0532602 0.00895445
418 0.70891 0.0559757 0.0104712
419 0.70891 0.045706 0.00833505
420 0.70891 0.0617691 0.011807
421 0.70891 0.060745 0.0115608
422 0.70891 0.0507538 0.010049
423 0.70891 0.0603347 0.013024
424 0.70891 0.0558989 0.0117223
425 0.70891 0.051636 0.0096237
426 0.70891 0.0519632 0.0106995
427 0.70891 0.0670018 0.0155377
428 0.70891 0.0403365 0.00686286
429 0.70891 0.0517289 0.0105836
430 0.70891 0.0564025 0.0110834
431 0.70891 0.059255 0.0128273
432 0.70891 0.062726 0.0140297
433 0.70891 0.0527749 0.00942286
434 0.70891 0.0398769 0.00688682
435 0.70891 0.0559487 0.0105979
436 0.70891 0.0474073 0.00826233
437 0.70891 0.0532595 0.0100278
438 0.70891 0.0517885 0.0107031
439 0.70891 0.052111 0.00872606
440 0.70891 0.05041 0.0103685
441 0.70891 0.0448314 0.00753495
442 0.70891 0.0577864 0.0108822
443 0.70891 0.056639 0.0118503
444 0.70891 0.0562354 0.0129076
445 0.70891 0.0562872 0.0104186
446 0.70891 0.0533454 0.0110264
447 0.70891 0.0578452 0.0130461
448 0.70891 0.0570603 0.0126862
449 0.70891 0.061542 0.0136211
450 0.70891 0.0640667 0.0144472
451 0.70891 0.0549533 0.0119114
452 0.70891 0.0521981 0.0117804
453 0.70891 0.0540573 0.0109594
454 0.70891 0.0502186 0.0106596
455 0.70891 0.0550791 0.0117276
456 0.70891 0.0505352 0.00991281
457 0.70891 0.0444309 0.00706532
458 0.70891 0.05353 0.00998467
459 0.70891 0.0690011 0.0142393
460 0.70891 0.0534692 0.0100274
461 0.70891 0.0680076 0.0129041
462 0.70891 0.0627542 0.0132209
463 0.70891 0.0678501 0.0151746
464 0.70891 0.0607558 0.0129482
465 0.70891 0.0514868 0.0116503
466 0.70891 0.0640863 0.0119207
467 0.70891 0.0817205 0.016029
468 0.70891 0.0724211 0.0158531
469 0.70891 0.0639968 0.0117651
470 0.70891 0.0668345 0.0128559
471 0.70891 0.0654586 0.0120877
472 0.70891 0.0649849 0.0143479
473 0.70891 0.0574786 0.0133856
474 0.70891 0.0630725 0.0126606
475 0.70891 0.0747208 0.0148854
476 0.70891 0.0616623 0.0129937
477 0.70891 0.0634723 0.0132862
478 0.70891 0.053291 0.00971652
479 0.70891 0.0574071 0.0100534
480 0.70891 0.0614488 0.0133446
481 0.70891 0.0639952 0.0143405
482 0.70891 0.0505199 0.0100015
483 0.70891 0.0717026 0.0159844
484 0.70891 0.0576457 0.0113126
485 0.70891 0.0538694 0.0120792
486 0.71762 0.047943 0.0112731
487 0.71762 0.0479125 0.00853015
488 0.71762 0.0537733 0.0119388
489 0.71762 0.043016 0.00776465
490 0.71762 0.0424267 0.00670776
491 0.71762 0.0603021 0.0118601
492 0.71762 0.0564207 0.0112676
493 0.71762 0.0465781 0.00845658
494 0.71762 0.044501 0.00935331
495 0.71762 0.057374 0.0123771
496 0.71762 0.0589565 0.0127528
497 0.71762 0.0565445 0.011244
498 0.71762 0.0671804 0.0128086
499 0.71762 0.0709745 0.0150509
500 0.71762 0.0480698 0.00976322
501 0.71762 0.0617962 0.0135829
502 0.71762 0.0450352 0.00852748
503 0.71762 0.0695914 0.0155155
504 0.71762 0.0682706 0.0146644
505 0.71762 0.0531705 0.0102674
506 0.71762 0.0548203 0.0118528
507 0.71762 0.0722569 0.0150583
508 0.71762 0.0634833 0.0132487
509 0.71762 0.046705 0.00996644
510 0.71762 0.0646775 0.014159
511 0.71762 0.066256 0.013982
512 0.71762 0.0440203 0.00817503
513 0.71762 0.0765011 0.0189976
514 0.71762 0.0615925 0.0137187
515 0.71762 0.0513034 0.00947835
516 0.71762 0.0495039 0.0105984
517 0.71762 0.0584007 0.0123838
518 0.71762 0.0509872 0.00998171
519 0.71762 0.0608104 0.0136047
520 0.71762 0.0590339 0.0149434
521 0.71762 0.0463532 0.00896531
522 0.71762 0.0572919 0.0136702
523 0.71762 0.0656867 0.0145309
524 0.71762 0.0632788 0.0137115
525 0.71762 0.0638356 0.0135701
526 0.71762 0.0630387 0.0138819
527 0.71762 0.0554659 0.0110183
528 0.71762 0.0623187 0.0134318
529 0.71762 0.0606226 0.0141342
530 0.71762 0.0561953 0.0118821
531 0.71762 0.061038 0.0117052
532 0.71762 0.0555502 0.0111
533 0.71762 0.0589988 0.0120193
534 0.71762 0.0697283 0.0149293
535 0.71762 0.0769147 0.016718
536 0.71762 0.0709464 0.0157683
537 0.71762 0.065858 0.0155478
538 0.71762 0.0581937 0.0128749
539 0.71762 0.0576656 0.0125901
540 0.71762 0.0626775 0.0129829
541 0.71762 0.0607698 0.0134438
542 0.71762 0.0481893 0.00989072
543 0.71762 0.0646495 0.0135696
544 0.71762 0.072816 0.0157421
545 0.71762 0.0731662 0.015696
546 0.71762 0.0652013 0.0138665
547 0.71762 0.0568741 0.0117071
548 0.71762 0.0604028 0.0145543
549 0.71762 0.0648452 0.012419
550 0.71762 0.0669055 0.0163058
551 0.71762 0.0640479 0.0145747
552 0.71762 0.0584629 0.0143221
553 0.71762 0.0691701 0.0168457
554 0.71762 0.0557354 0.0119161
555 0.71762 0.0659336 0.0139097
556 0.71762 0.0543408 0.0135052
557 0.71762 0.0700057 0.0151688
558 0.71762 0.0605766 0.0136387
559 0.71762 0.0562036 0.0114906
560 0.71762 0.0660643 0.0128156
561 0.71762 0.0602009 0.01113
562 0.71762 0.0579357 0.0108632
563 1 0.0716658 0.0170442
563 0.4762 0.0530178 0.00924688
564 0.68667 0.0678814 0.0152751
565 0.68667 0.0700551 0.0149723
566 0.68667 0.0701019 0.0171707
567 0.68667 0.0597436 0.0128848
568 0.68667 0.0755489 0.0185168
569 0.68667 0.055134 0.0113513
570 0.68667 0.0561921 0.0121645
571 0.68667 0.0658646 0.0145667
572 0.68667 0.0637886 0.0144244
573 0.68667 0.0508042 0.0110287
574 0.68667 0.0525183 0.0117065
575 0.68667 0.0631359 0.0151813
576 0.68667 0.0733079 0.016514
577 0.68667 0.0584568 0.0142402
578 0.68667 0.0622806 0.0142085
579 1.01 0.0691167 0.0202715
579 0.4762 0.070548 0.0160313
580 0.4762 0.0674775 0.015319
581 0.50524 0.0612125 0.0133836
582 0.50524 0.0749751 0.0163787
583 0.50524 0.0715349 0.0150955
584 0.50524 0.071576 0.0164621
585 0.50524 0.0682895 0.0142941
586 0.50524 0.0504043 0.0100094
587 0.50524 0.0504359 0.00919331
588 0.50524 0.0528368 0.0111836
589 0.50524 0.0454305 0.0100539
590 0.50524 0.044641 0.00881821
591 0.50524 0.0306732 0.00512478
592 0.50524 0.0523006 0.00906518
593 0.50524 0.0433721 0.00674233
594 0.50524 0.0469164 0.00812195
595 0.50524 0.0432218 0.00739555
596 0.50524 0.0443229 0.00760433
597 0.50524 0.0505809 0.00945647
598 0.50524 0.046296 0.00925982
599 0.50524 0.0511588 0.00939016
600 0.50524 0.0392928 0.00789206
601 0.50524 0.0439567 0.00884898
602 0.50524 0.0532355 0.0114476
603 0.50524 0.0497019 0.0104962
604 0.50524 0.0631056 0.0146696
605 0.50524 0.0530084 0.010834
606 0.50524 0.0681332 0.0151202
607 0.50524 0.0510449 0.0113127
608 0.50524 0.0481067 0.00981256
609 0.50524 0.049666 0.0112219
610 0.50524 0.0446674 0.00897315
611 0.50524 0.0532946 0.0121479
612 0.50524 0.0443578 0.00923567
613 0.52381 0.0608891 0.0154014
614 0.52381 0.0482551 0.0105969
615 0.52381 0.0591009 0.0135763
616 0.52381 0.0429949 0.00840564
617 0.52381 0.0542088 0.0109823
618 0.52381 0.054531 0.0103827
619 0.52381 0.0455136 0.00936441
620 0.52381 0.0473217 0.0109329
621 0.52381 0.0584738 0.0126377
622 0.52381 0.0554581 0.0118792
623 0.52381 0.0489109 0.0102678
624 0.90889 0.0533188 0.0145953
625 0.90889 0.0509726 0.0108128
626 0.90889 0.0473591 0.0114932
627 1 0.0550792 0.0146497
627 1 0.0481242 0.0135741
627 0.4762 0.0535722 0.0109843
628 0.4762 0.0553237 0.0134431
629 0.4762 0.0563329 0.0115045
630 0.4762 0.0568669 0.0132762
631 1.01 0.0624388 0.0155416
631 0.4762 0.0491155 0.00888294
632 0.4762 0.0461328 0.00917637
633 0.49207 0.0479328 0.00998129
634 0.49207 0.0465233 0.00890912
635 0.91477 0.0525783 0.0136387
636 0.91477 0.0456598 0.00909187
637 0.91477 0.0525214 0.0108139
638 0.91477 0.0660874 0.0161539
639 0.91477 0.0425093 0.00777497
640 0.91477 0.0444276 0.0085808
641 0.91477 0.0434652 0.00891504
642 0.91477 0.043323 0.00880484
643 0.91477 0.0557189 0.0124909
644 0.91477 0.050572 0.0124701
645 0.91477 0.0474468 0.0104462
646 0.91477 0.0501759 0.0111386
647 0.91477 0.0584844 0.0133652
648 0.91477 0.0476712 0.0113976
649 0.91477 0.0548523 0.0116075
650 0.91477 0.0507015 0.0121282
651 0.91477 0.0501201 0.0103881
652 0.91477 0.0558696 0.0116954
653 0.91477 0.0583222 0.0140004
654 0.91477 0.0553819 0.0124749
655 0.91477 0.0606906 0.0138257
656 0.91477 0.0619986 0.0146722
657 0.91477 0.0623733 0.0141212
658 0.91477 0.0468548 0.0102433
659 0.91477 0.0614795 0.0142819
660 0.91477 0.0586379 0.0125199
661 0.91477 0.057039 0.0126951
662 0.91477 0.0615085 0.0130316
663 0.91477 0.0568503 0.0127215
664 0.91477 0.0485577 0.00978904
665 0.91477 0.0634983 0.0129491
666 0.91477 0.0483237 0.00883189
667 0.91477 0.0504582 0.0101231
668 0.91477 0.0566938 0.0112714
669 0.91477 0.05637 0.0136888
670 0.91477 0.0588712 0.0128264
671 0.91477 0.0697989 0.0172597
672 0.91477 0.049671 0.010502
673 0.91477 0.0422868 0.0101873
674 0.91477 0.064194 0.0144165
675 0.91477 0.0501481 0.0106723
676 0.91477 0.0569104 0.0123003
677 0.91477 0.0534787 0.0110463
678 0.91477 0.0609946 0.0134684
679 0.91477 0.0536081 0.0124127
680 0.91477 0.0585651 0.0122913
681 0.91477 0.0552338 0.0121063
682 0.91477 0.0590089 0.0109351
683 0.91477 0.0605196 0.0144957
684 0.91477 0.0525157 0.00955542
685 0.91477 0.0532914 0.0102548
686 0.91477 0.0595164 0.0124491
687 0.91477 0.0595224 0.015073
688 0.91477 0.0715697 0.0169162
689 0.91477 0.0509126 0.00838391
690 0.91477 0.0643277 0.0148073
691 0.91477 0.0659911 0.0146426
692 0.91477 0.0696972 0.0157619
693 0.91477 0.0618138 0.015355
694 0.91477 0.0533972 0.0105811
695 0.91477 0.0621024 0.0130889
696 0.91477 0.0584328 0.0107805
697 0.91477 0.0512758 0.00958278
698 0.91477 0.0470293 0.00854542
699 0.91477 0.0609926 0.0122436
700 0.91477 0.0527536 0.0100846
701 0.91477 0.054209 0.0113043
702 0.91477 0.0664263 0.0158218
703 0.91477 0.0746935 0.0173295
704 0.91477 0.0626701 0.0138296
705 0.91477 0.0676444 0.0156926
706 0.91477 0.0698872 0.0146461
707 0.91477 0.0547712 0.0109798
708 0.91477 0.0665266 0.013478
709 0.91477 0.0620978 0.0127835
710 0.91477 0.0515793 0.00941639
711 0.91477 0.0659311 0.0159049
712 0.91477 0.0634261 0.01417
713 0.91477 0.0691371 0.014908
714 0.91477 0.0606963 0.0122138
715 0.91477 0.0533362 0.00956828
716 0.91477 0.0571905 0.0117422
717 0.91477 0.0431401 0.00869348
718 0.91477 0.0580229 0.012546
719 0.91477 0.067964 0.0154465
720 0.91477 0.0538327 0.010922
721 0.91477 0.0575201 0.0120056
722 0.91477 0.0503659 0.0107625
723 0.91477 0.0429628 0.00808433
724 1 0.0651416 0.016977
724 0.4762 0.060876 0.0126881
725 0.4762 0.0457681 0.00882831
726 0.4762 0.0563764 0.011951
727 0.4762 0.0564165 0.0105831
728 0.51516 0.0759255 0.0156718
729 0.52827 0.0654451 0.0146542
730 0.52827 0.0629062 0.0119968
731 0.52827 0.0634122 0.0146603
732 0.52827 0.0670606 0.0151205
733 0.52827 0.0579346 0.0104476
734 0.52827 0.0521096 0.00954745
735 0.52827 0.0430585 0.00779357
736 0.52827 0.0416225 0.00793676
737 0.52827 0.0604178 0.0122185
738 0.52827 0.0459954 0.00904057
739 0.52827 0.0576072 0.0116746
740 0.52827 0.0723526 0.0181759
741 0.52827 0.0442724 0.00839662
742 0.52827 0.0535301 0.0123867
743 0.52827 0.0658988 0.0124365
744 0.52827 0.0521647 0.0102115
745 0.52827 0.0618576 0.012624
746 0.52827 0.0510793 0.00949309
747 0.52827 0.0499758 0.0101326
748 0.52827 0.05073 0.0102992
749 0.52827 0.0443436 0.00858277
750 0.52827 0.0471463 0.00799879
751 0.52827 0.0571566 0.0115508
752 0.52827 0.0629465 0.0138057
753 0.52827 0.0491145 0.0104771
754 0.52827 0.0561881 0.0113813
755 0.52827 0.0496479 0.0106568
756 0.52827 0.0726268 0.016269
757 0.52827 0.0655131 0.0156577
758 0.52827 0.0505676 0.00994706
759 0.52827 0.0454433 0.00881464
760 0.52827 0.0686495 0.0135096
761 0.52827 0.0666712 0.0144126
762 0.52827 0.0508791 0.0109366
763 0.55901 0.054292 0.0102074
764 0.61905 0.0496264 0.0106407
765 0.61905 0.0513336 0.0095705
766 0.61905 0.0474018 0.00787966
767 0.61905 0.0570536 0.0110606
768 0.61905 0.057518 0.0116589
769 0.61905 0.059283 0.0112026
770 0.61905 0.0530686 0.00984346
771 0.61905 0.0450526 0.00977882
772 0.61905 0.054051 0.0113839
773 0.61905 0.0485765 0.00999597
774 0.61905 0.0536358 0.0113312
775 0.61905 0.056789 0.011506
776 0.61905 0.0501077 0.0100275
777 0.61905 0.046651 0.00847178
778 0.61905 0.0552411 0.0123263
779 0.61905 0.0521385 0.00884667
780 0.61905 0.0556629 0.0121505
781 0.61905 0.0669012 0.0152032
782 1.01 0.0500096 0.0137537
782 1 0.0520526 0.0142973
782 0.4762 0.0624385 0.013232
783 0.4762 0.053291 0.0110573
784 0.4762 0.052744 0.00983504
785 1 0.0474099 0.0124194
785 0.56553 0.0570196 0.0134884
786 0.58143 0.0614019 0.0125954
787 0.58143 0.0497864 0.0107711
788 0.58143 0.0524746 0.00928732
789 0.58143 0.0571711 0.0103378
790 0.58143 0.0646587 0.0136608
791 0.58143 0.0694271 0.0148304
792 0.58143 0.056496 0.0107998
793 0.58143 0.0651429 0.0123134
794 0.58143 0.0610153 0.0114661
795 0.58143 0.0540917 0.00996613
796 0.58143 0.0523728 0.00985168
797 0.58143 0.0550219 0.0120522
798 0.58143 0.073451 0.0153831
799 0.62887 0.0716779 0.0155149
800 0.62887 0.0620085 0.0134287
801 0.62887 0.0708706 0.0125059
802 0.62887 0.0506786 0.0116135
803 0.62887 0.0471637 0.00932085
804 0.62887 0.0608012 0.0127642
805 0.62887 0.0573974 0.0115153
806 0.62887 0.0551825 0.0108087
807 0.62887 0.0705832 0.0162192
808 0.62887 0.0513156 0.0109042
809 0.62887 0.0633144 0.0134188
810 0.62887 0.0613899 0.0138786
811 0.62887 0.0574449 0.0125466
812 0.62887 0.0472726 0.00874044
813 0.62887 0.0599924 0.0123687
814 0.62887 0.0479555 0.00939122
815 0.62887 0.0607506 0.0146782
816 0.62887 0.0648898 0.0140703
817 0.62887 0.0627589 0.0151161
818 0.62887 0.0665595 0.0151788
819 0.62887 0.0688875 0.0148829
820 0.62887 0.0674565 0.0150339
821 0.62887 0.0713431 0.015295
822 0.62887 0.0551085 0.0121902
823 0.62887 0.0532156 0.0108846
824 0.62887 0.0563228 0.0130314
825 0.62887 0.0578855 0.0116238
826 0.62887 0.0548871 0.0115789
827 0.62887 0.036545 0.00684551
828 0.62887 0.0617313 0.0116276
829 0.62887 0.0608585 0.0132864
830 0.62887 0.0596853 0.0108953
831 0.62887 0.044744 0.00910565
832 0.62887 0.0475524 0.00907269
833 0.62887 0.0569163 0.0120507
834 0.62887 0.0610799 0.0130194
835 0.62887 0.0581772 0.0123515
836 0.62887 0.0582765 0.0129785
837 0.62887 0.0603208 0.011832
838 0.62887 0.0581148 0.0125379
839 0.62887 0.056252 0.0118715
840 0.62887 0.0601111 0.0113704
841 0.62887 0.0754492 0.015333
842 0.62887 0.0540997 0.0129205
843 0.62887 0.0594719 0.0152345
844 0.62887 0.0486539 0.00886493
845 0.62887 0.0794689 0.0185185
846 0.62887 0.0696112 0.0148042
847 0.62887 0.0694918 0.0143832
848 0.62887 0.0689184 0.0147063
849 0.62887 0.0581193 0.0122123
850 0.62887 0.0671437 0.0143972
851 0.62887 0.0535144 0.0110864
852 0.62887 0.0615137 0.0132746
853 0.62887 0.064141 0.0151553
854 0.62887 0.0548744 0.012585
855 0.62887 0.0486886 0.00957268
856 0.62887 0.0520696 0.0111173
857 0.62887 0.0538504 0.0105463
858 0.62887 0.0512642 0.0100685
859 0.62887 0.0557141 0.00993783
860 0.62887 0.0495513 0.00928746
861 0.68667 0.0569425 0.0119528
862 0.68667 0.0649263 0.0151098
863 0.68667 0.0626826 0.0128677
864 0.68667 0.0638933 0.0149482
865 0.68667 0.0674968 0.0133946
866 0.68667 0.055448 0.0108369
867 0.68667 0.0610625 0.0152703
868 0.68667 0.05922 0.0128444
869 0.68667 0.064714 0.0146491
870 0.68667 0.0633412 0.0146131
871 0.68667 0.057149 0.0131315
872 0.68667 0.0636131 0.0135234
873 0.68667 0.0718267 0.0155278
874 0.68667 0.0646374 0.0142971
875 0.68667 0.0653424 0.0150669
876 0.68667 0.0589353 0.0106711
877 0.68667 0.0562814 0.0093551
878 0.68667 0.0525468 0.010899
879 0.68667 0.056757 0.0126608
880 0.68667 0.0543276 0.00924461
881 0.68667 0.0637858 0.0136399
882 0.68667 0.0583049 0.0118853
883 0.68667 0.0526561 0.0109327
884 0.68667 0.0514116 0.0117089
885 0.68667 0.0469544 0.0094192
886 0.68667 0.0610718 0.0128543
887 0.68667 0.0664893 0.0148165
888 0.68667 0.0469309 0.00911445
889 0.68667 0.0532918 0.0107255
890 0.68667 0.0574234 0.0123978
891 0.68667 0.0511221 0.00851595
892 0.68667 0.0518119 0.0106708
893 0.68667 0.0566725 0.0116093
894 0.68667 0.0558256 0.0130285
895 0.68667 0.056829 0.0130582
896 0.68667 0.0590414 0.01259
897 0.68667 0.0576618 0.0140079
898 0.68667 0.0469738 0.00763835
899 0.68667 0.0532306 0.00966679
900 0.68667 0.0520804 0.0105809
901 0.68667 0.0449014 0.00969943
902 0.68667 0.0440064 0.00687956
903 0.68667 0.0660611 0.0135028
904 0.68667 0.0543278 0.0100903
905 0.68667 0.0503085 0.00981353
906 1.01 0.0668824 0.016702
906 0.4762 0.0488665 0.00881571
907 0.4762 0.0718049 0.0149885
908 0.4762 0.0725845 0.0146447
909 0.4762 0.0581317 0.0118193
910 0.4762 0.062467 0.0133791
911 0.4762 0.0561371 0.0104387
912 0.51794 0.0589835 0.0119634
913 0.51794 0.0565208 0.0112134
914 0.51794 0.0530564 0.0106949
915 0.51794 0.052798 0.0102664
916 0.54272 0.0575674 0.013617
917 0.54272 0.0530849 0.00871761
918 0.54272 0.0433224 0.00648521
919 0.54272 0.0466306 0.00825485
920 0.54272 0.041767 0.00706872
921 0.54272 0.0535206 0.00934455
922 0.54272 0.0523398 0.00924183
923 0.54272 0.0548323 0.0109875
924 0.54272 0.0532396 0.00890946
925 0.54272 0.0469556 0.00872909
926 0.54272 0.0533682 0.0102384
927 0.54272 0.0575413 0.011821
928 0.54272 0.0540226 0.0101795
929 0.54272 0.0638948 0.012815
930 0.54272 0.0599145 0.0116002
931 0.54272 0.0462538 0.00858144
932 0.54272 0.0556429 0.0105574
933 0.54272 0.0530063 0.0108196
934 0.54272 0.0499124 0.00946214
935 0.54272 0.043467 0.0069452
936 0.54272 0.0490004 0.00918861
937 0.60008 0.0558399 0.0109277
938 0.60008 0.0493691 0.00955124
939 0.60008 0.0597697 0.0130646
940 0.60008 0.0426357 0.00688662
941 0.60008 0.0567288 0.0108878
942 0.60008 0.0439934 0.00789554
943 0.60008 0.0517865 0.0102885
944 0.60008 0.0527863 0.00893676
945 0.60008 0.049866 0.0089472
946 0.60008 0.0551992 0.0112174
947 0.60008 0.0628517 0.0130013
948 0.60008 0.0542345 0.0101415
949 0.60008 0.0478328 0.00933341
950 0.60008 0.0633014 0.0126284
951 0.60008 0.062435 0.0123865
952 0.60008 0.057755 0.0111918
953 0.60008 0.0661119 0.014313
954 0.60008 0.0514915 0.0102564
955 0.60008 0.0655356 0.014031
956 0.60008 0.056825 0.0111756
957 0.60008 0.0584632 0.0105025
958 0.60008 0.0705512 0.0139814
959 0.60008 0.0677678 0.0139211
960 0.60008 0.0632053 0.0123631
961 0.60008 0.0513615 0.0100018
962 0.60008 0.0533679 0.00982928
963 0.60008 0.058019 0.0112487
964 0.60008 0.0515229 0.00857251
965 0.60008 0.0571642 0.0110352
966 0.60008 0.0469088 0.00989838
967 0.60008 0.0541088 0.0110653
968 0.60008 0.0543968 0.0124068
969 0.60008 0.0497824 0.00962375
970 0.60008 0.0456361 0.00966079
971 0.60008 0.0660768 0.0140896
972 0.60008 0.0630659 0.0140882
973 0.60008 0.0507654 0.0103415
974 0.60008 0.045191 0.00905467
975 0.60008 0.055691 0.0125073
976 0.60008 0.0554644 0.0101697
977 0.60008 0.0500688 0.00804024
978 0.60008 0.0434596 0.00747193
979 0.60008 0.0481297 0.0079934
980 0.60008 0.0604489 0.0107948
981 0.60008 0.0540945 0.00948335
982 0.60008 0.0623819 0.0115286
983 0.60008 0.0615639 0.0143566
984 0.60008 0.062679 0.0101858
985 0.60008 0.0485029 0.00749764
986 0.60008 0.0471756 0.00810865
987 0.60008 0.0440851 0.00592451
988 0.60008 0.0458458 0.0077642
989 0.60008 0.0484733 0.00875052
990 0.60008 0.0472243 0.00803302
991 0.60008 0.0475674 0.009865
992 0.60008 0.0569124 0.0111132
993 0.60008 0.0483796 0.00928613
994 0.60008 0.0478857 0.00979748
995 0.60008 0.0477476 0.00682235
996 0.60008 0.0442248 0.00671356
997 0.60008 0.0476937 0.00825637
998 0.60008 0.0478412 0.00925416
999 0.60008 0.0521381 0.0101374
1000 0.60008 0.0497435 0.0111751
