0 0.21046 0.0359014 0.00281173
1 0.22664 0.023114 0.00212543
2 0.27002 0.0218635 0.0019428
3 0.27002 0.0347632 0.00464097
4 0.27002 0.0300779 0.0028482
5 0.27002 0.0308508 0.00317014
6 0.27479 0.0238873 0.00234063
7 0.32796 0.0321466 0.00388937
8 0.32796 0.0386203 0.00423351
9 0.32796 0.0266586 0.00303427
10 0.32796 0.0357178 0.0041195
11 0.32796 0.0413628 0.00436272
12 0.32796 0.0444885 0.00435683
13 0.32796 0.0368922 0.00375406
14 0.32796 0.0316279 0.00286286
15 0.32796 0.0314262 0.00269141
16 0.32796 0.0374684 0.00398483
17 0.32796 0.0323762 0.00336522
18 0.32796 0.0361071 0.003271
19 0.32796 0.0323198 0.00353085
20 0.32796 0.0383495 0.00369207
21 0.32796 0.0384592 0.00407664
22 0.32796 0.0380287 0.00407387
23 0.32796 0.033535 0.00320831
24 0.32796 0.0358683 0.00401916
25 0.32796 0.0434465 0.00468546
26 0.32796 0.0351416 0.00428026
27 0.32796 0.0314217 0.00334213
28 0.32796 0.0416072 0.00453781
29 0.32796 0.0324653 0.00379428
30 0.32796 0.0333971 0.00331969
31 0.32796 0.0380316 0.00354191
32 0.32796 0.0356366 0.00347732
33 0.32796 0.0404371 0.00390695
34 0.32796 0.0419268 0.00427461
35 0.32796 0.0286409 0.00298157
36 0.32796 0.0409723 0.00429348
37 0.32796 0.0434247 0.0046094
38 0.32796 0.0415343 0.00445468
39 0.32796 0.0340547 0.00349913
40 0.32796 0.0418953 0.00419003
41 0.32796 0.0397454 0.00381248
42 0.32796 0.0410522 0.00404587
43 0.32796 0.0353729 0.00345506
44 0.32796 0.0308339 0.00349405
45 0.32796 0.0413327 0.00459635
46 0.32796 0.0327674 0.00313259
47 0.32796 0.040738 0.00430979
48 0.32796 0.0360929 0.00353238
49 0.32796 0.0318804 0.0032546
50 0.32796 0.0424144 0.00425209
51 0.37386 0.0449714 0.00504629
52 0.37386 0.0388786 0.00443007
53 0.37386 0.0344259 0.00336615
54 0.37386 0.0379444 0.00371808
55 0.37386 0.031133 0.00324389
56 0.37386 0.0459083 0.00482187
57 0.37386 0.0383531 0.00396751
58 0.37386 0.0325855 0.00343191
59 0.37386 0.034413 0.0035291
60 0.37386 0.0345882 0.00336715
61 0.40381 0.0420036 0.00550636
62 0.40381 0.0298675 0.00357291
63 0.40381 0.0484754 0.00580606
64 0.40381 0.0390788 0.0045269
65 0.40381 0.0313145 0.00332714
66 0.40381 0.0311431 0.00317384
67 0.40381 0.0468805 0.00526374
68 0.40381 0.0344738 0.00404353
69 0.40381 0.0306506 0.00312543
70 0.40381 0.0294962 0.0027556
71 0.40381 0.0457587 0.00520117
72 0.40381 0.0368915 0.00411245
73 0.40381 0.0407203 0.00451655
74 0.40381 0.0429562 0.00428609
75 0.40381 0.0333471 0.003369
76 0.40381 0.0340883 0.00351216
77 0.40381 0.0334926 0.00358243
78 0.40381 0.0419391 0.0043547
79 0.40381 0.0339356 0.0034991
80 0.40381 0.0439866 0.00495303
81 0.40381 0.0478227 0.00537494
82 0.40381 0.0318952 0.00327576
83 0.44203 0.0340785 0.00462501
84 0.44203 0.0355541 0.00389256
85 0.44203 0.0359218 0.00361934
86 0.44203 0.0338316 0.0028834
87 0.44203 0.0357847 0.00416799
88 0.44203 0.0393252 0.00429397
89 0.44203 0.0458249 0.00456028
90 0.44203 0.0320255 0.00337006
91 0.44203 0.0385879 0.00412339
92 0.44203 0.0491463 0.0055275
93 0.44203 0.0503754 0.00601057
94 0.44203 0.0333099 0.00339848
95 0.44203 0.0396898 0.00406219
96 0.44203 0.0465628 0.00505965
97 0.44203 0.040003 0.0052407
98 0.44203 0.0414462 0.00395511
99 0.44203 0.0357061 0.00340739
100 0.44203 0.0438722 0.00475044
101 0.44203 0.0392704 0.0044509
102 0.44203 0.0445918 0.00560709
103 0.44203 0.0413797 0.0040479
104 0.44203 0.0408305 0.00457937
105 0.44203 0.0435498 0.0045869
106 0.44203 0.0440286 0.00425578
107 0.44203 0.0392164 0.00417875
108 0.44203 0.0382607 0.00397905
109 0.44203 0.0378772 0.00400398
110 0.44203 0.0444899 0.00491863
111 0.44203 0.0405283 0.00409166
112 0.44203 0.0401951 0.00412377
113 0.44203 0.0432891 0.00436756
114 0.44203 0.0370204 0.00401748
115 0.44203 0.0405 0.00420729
116 0.44203 0.044543 0.00483102
117 0.44203 0.0354646 0.00362721
118 0.44203 0.0413172 0.00426576
119 0.44203 0.0356786 0.00388819
120 0.44203 0.0426414 0.00473542
121 0.44203 0.035928 0.0036595
122 0.44203 0.0512767 0.00517082
123 0.44203 0.0419764 0.0045986
124 0.44203 0.0341177 0.00384622
125 0.44203 0.038482 0.00411131
126 0.47032 0.0480642 0.00645422
127 0.47032 0.043507 0.00497538
128 0.47032 0.0352215 0.00457572
129 0.47032 0.0496985 0.00712154
130 0.47032 0.0483161 0.00613386
131 0.47032 0.0475951 0.00645943
132 0.4762 0.0533787 0.00770497
133 0.4762 0.0421054 0.00593384
134 0.4762 0.0553993 0.0072798
135 0.4762 0.0397258 0.00552466
136 0.4762 0.0497437 0.00707106
137 0.4762 0.0472614 0.00613835
138 0.4762 0.0480982 0.00610575
139 0.4762 0.0393679 0.00618339
140 0.4762 0.0505528 0.00685201
141 0.4762 0.0622254 0.00983171
142 0.57057 0.048016 0.00796938
143 0.57057 0.0524607 0.00717656
144 0.57057 0.0515177 0.00749165
145 0.57057 0.0423529 0.00629967
146 0.61244 0.04213 0.00750934
147 0.61244 0.0517625 0.0078386
148 0.61244 0.0515679 0.00805842
149 0.61244 0.0616935 0.0096398
150 0.61244 0.0559439 0.00934337
151 0.61244 0.0535015 0.00892701
152 0.61244 0.0584736 0.0105751
153 0.61244 0.0499384 0.00930761
154 0.61244 0.0597701 0.0106968
155 0.61244 0.0698713 0.013041
156 0.61244 0.0586561 0.00962198
157 0.61244 0.055026 0.00921378
158 0.61244 0.0522133 0.00848853
159 0.61244 0.0619926 0.0102414
160 0.61244 0.0637525 0.00988577
161 0.61244 0.0648399 0.0112574
162 0.61244 0.0550379 0.00910054
163 0.61244 0.0672127 0.0123933
164 0.61244 0.0753539 0.0145652
165 0.61244 0.0621972 0.0130212
166 0.61244 0.0527068 0.00938437
167 0.61244 0.0487229 0.00695116
168 0.61244 0.0658576 0.0127716
169 0.61244 0.0597154 0.0105354
170 0.61244 0.0550822 0.00922105
171 0.61244 0.0521283 0.00873784
172 0.61244 0.059341 0.0086355
173 0.61244 0.0632958 0.0110635
174 0.61244 0.0384024 0.00557316
175 0.61244 0.0453069 0.00779715
176 0.61244 0.0532744 0.00881278
177 0.61244 0.0625625 0.0102954
178 0.61244 0.0564065 0.00918089
179 0.61244 0.0456266 0.00571304
180 0.61244 0.0520031 0.00744174
181 0.61244 0.0495664 0.00745206
182 0.61244 0.052874 0.00854673
183 0.61244 0.0628472 0.00909943
184 0.61244 0.0582148 0.00952528
185 0.91477 0.0648467 0.0147138
186 0.91477 0.0632034 0.0127272
187 0.91477 0.0615342 0.00995247
188 0.91477 0.0660794 0.0120923
189 0.91477 0.0597621 0.00933721
190 0.91477 0.0505195 0.0090678
191 0.91477 0.0541944 0.00964512
192 0.91477 0.0395391 0.00708643
193 0.91477 0.0483325 0.00813979
194 0.91477 0.0609073 0.010475
195 0.91477 0.0450243 0.00863189
196 0.91477 0.0426874 0.00589269
197 0.91477 0.051004 0.00880452
198 0.91477 0.0570769 0.00942518
199 0.91477 0.0549283 0.00955955
200 0.91477 0.052159 0.00877821
201 0.91477 0.0538993 0.00961129
202 0.91477 0.0515449 0.00807599
203 0.91477 0.0566755 0.00942689
204 0.91477 0.0546941 0.00807898
205 0.91477 0.0512055 0.00696004
206 0.91477 0.0591033 0.00897909
207 0.91477 0.0498719 0.00815597
208 0.91477 0.0567535 0.00972222
209 0.91477 0.0625279 0.0104182
210 0.91477 0.0411076 0.00696822
211 0.91477 0.0534564 0.00799301
212 0.91477 0.0491381 0.00812855
213 0.91477 0.0597276 0.0102693
214 0.91477 0.0603775 0.0106728
215 0.91477 0.050302 0.00783921
216 0.91477 0.0514267 0.0087325
217 0.91477 0.0489687 0.00888482
218 0.91477 0.0554147 0.00842139
219 0.91477 0.0604013 0.0106971
220 0.91477 0.0571374 0.00888463
221 0.91477 0.0628946 0.0120934
222 0.91477 0.0582056 0.00995034
223 0.91477 0.052263 0.0107875
224 0.91477 0.0584236 0.0114357
225 0.91477 0.0651232 0.0128103
226 0.91477 0.0631225 0.0102314
227 0.91477 0.0586891 0.0111378
228 0.91477 0.0616645 0.0107995
229 0.91477 0.0591356 0.0105083
230 0.91477 0.0566322 0.0110492
231 0.91477 0.0636573 0.0106798
232 0.91477 0.0523979 0.00886507
233 0.91477 0.0439515 0.00632869
234 0.91477 0.0464067 0.0067419
235 0.91477 0.0610544 0.00971869
236 0.91477 0.0461278 0.00742194
237 0.91477 0.0505012 0.00797414
238 0.91477 0.0543052 0.00930104
239 0.91477 0.0585474 0.0101261
240 0.91477 0.0514593 0.00650349
241 0.91477 0.0574923 0.0107545
242 0.91477 0.0481959 0.00837364
243 0.91477 0.0515485 0.00757197
244 0.91477 0.0622098 0.0101973
245 0.91477 0.054231 0.0104801
246 0.91477 0.0535858 0.0086233
247 0.91477 0.0563372 0.00926009
248 0.91477 0.0527953 0.00986824
249 0.91477 0.0552057 0.00860619
250 0.91477 0.042407 0.00689441
251 0.91477 0.0588373 0.0112577
252 0.91477 0.0584217 0.0112326
253 0.91477 0.056252 0.00850869
254 0.91477 0.0622618 0.0127376
255 0.91477 0.0567674 0.0107933
256 0.91477 0.0498514 0.00878659
257 0.91477 0.0478015 0.0095394
258 0.91477 0.0556348 0.010485
259 0.91477 0.044288 0.00636115
260 0.91477 0.0475788 0.00685554
261 0.91477 0.0499537 0.00813874
262 0.91477 0.0506577 0.00734224
263 0.91477 0.0577021 0.0118342
264 0.91477 0.0702152 0.0126718
265 0.91477 0.0507884 0.00690515
266 0.91477 0.0486969 0.00757244
267 0.91477 0.0590381 0.00948472
268 0.91477 0.0474819 0.00674448
269 0.91477 0.0563733 0.00963587
270 0.91477 0.063382 0.0108876
271 0.91477 0.0537432 0.0112885
272 0.91477 0.0457351 0.00955232
273 0.91477 0.0525959 0.00732772
274 0.91477 0.0579028 0.0102256
275 0.91477 0.047602 0.00802295
276 0.91477 0.0626771 0.0106186
277 0.91477 0.0562895 0.00944201
278 0.91477 0.0615808 0.0116252
279 0.91477 0.0620868 0.00890889
280 0.91477 0.0570904 0.00918441
281 0.91477 0.0420529 0.00646749
282 0.91477 0.0523547 0.00918703
283 0.91477 0.0577847 0.0109938
284 0.91477 0.0497303 0.00839334
285 0.91477 0.0589484 0.00933057
286 0.91477 0.0565592 0.0090367
287 0.91477 0.0627456 0.0112346
288 0.91477 0.051623 0.00862891
289 0.91477 0.0508775 0.0087905
290 0.91477 0.0405706 0.00778481
291 0.91477 0.0617197 0.0127747
292 0.91477 0.0556969 0.00911387
293 1 0.0508835 0.0116206
293 0.52381 0.0510473 0.00988625
294 0.52381 0.051503 0.00892903
295 0.59731 0.0512307 0.00956306
296 0.59731 0.0550317 0.0112443
297 0.59731 0.0393707 0.00436522
298 0.59731 0.0582427 0.00927584
299 0.59731 0.0480229 0.00660962
300 0.59731 0.0413169 0.00564283
301 0.59731 0.0433296 0.00740459
302 0.59731 0.0526868 0.00916177
303 0.59731 0.0524197 0.00861669
304 1.01 0.0553352 0.0149657
304 0.4762 0.0541663 0.0102054
305 0.4762 0.0644801 0.0131239
306 0.4762 0.0602283 0.0106654
307 0.49003 0.0515679 0.00944616
308 0.49003 0.0561408 0.0103787
309 0.49003 0.0662514 0.012754
310 0.49003 0.0628712 0.0124767
311 0.49003 0.0610876 0.0113057
312 0.53493 0.0635709 0.0131706
313 0.53969 0.0624667 0.012173
314 0.53969 0.0769429 0.0147712
315 0.53969 0.0637519 0.0124415
316 0.58731 0.0605793 0.0125424
317 0.58731 0.0729253 0.0168084
318 0.58731 0.0645287 0.0142946
319 0.58731 0.0675317 0.0140948
320 0.58731 0.0576723 0.0102779
321 0.58731 0.054113 0.01049
322 0.58731 0.0481032 0.008644
323 0.58731 0.0583578 0.0114036
324 0.58731 0.0572999 0.00945008
325 0.58731 0.05942 0.0115943
326 0.58731 0.0520733 0.0103506
327 0.58731 0.0589916 0.0127694
328 0.58731 0.0672696 0.0132271
329 0.58731 0.067567 0.0140617
330 0.58731 0.0647249 0.0147287
331 0.58731 0.0724227 0.0157261
332 0.58731 0.0631044 0.0135684
333 0.58731 0.0590317 0.0119889
334 0.58731 0.0743458 0.0155479
335 0.58731 0.0494125 0.00893595
336 0.64988 0.0565475 0.0133724
337 0.64988 0.0520683 0.0102758
338 0.64988 0.0580568 0.0101705
339 0.64988 0.0462213 0.00784548
340 0.64988 0.0487943 0.00827358
341 0.64988 0.0507814 0.00893153
342 0.64988 0.0539679 0.0107813
343 0.64988 0.0628544 0.0129017
344 0.64988 0.0554597 0.0100378
345 0.64988 0.059631 0.0105354
346 0.64988 0.0498349 0.00852318
347 0.64988 0.0540698 0.00985129
348 0.64988 0.0542686 0.00904313
349 0.64988 0.0542974 0.00916008
350 0.64988 0.0593027 0.011676
351 0.64988 0.0471351 0.00760058
352 0.64988 0.0697584 0.014528
353 0.64988 0.0580006 0.0125217
354 0.64988 0.0537735 0.00892388
355 0.64988 0.043889 0.00690989
356 0.64988 0.0589997 0.0125144
357 0.64988 0.053324 0.0100994
358 0.64988 0.0502208 0.0082532
359 0.64988 0.0485555 0.00891093
360 0.64988 0.0589272 0.0102126
361 0.64988 0.0360284 0.00531585
362 0.64988 0.0483977 0.00782512
363 0.64988 0.056895 0.0104228
364 0.64988 0.0564003 0.0102926
365 1 0.0500089 0.0146182
365 1 0.0526601 0.0116326
365 0.69254 0.0432343 0.00737753
366 0.69254 0.0480204 0.00871929
367 0.69254 0.0501964 0.00907597
368 0.69254 0.0458871 0.00765346
369 0.69254 0.0410127 0.00613025
370 0.69254 0.0534403 0.00886941
371 0.69254 0.0563254 0.0101903
372 0.69254 0.0502973 0.00796663
373 0.69254 0.0522607 0.0101841
374 0.80953 0.0650842 0.0153851
375 0.80953 0.0549751 0.0125296
376 0.80953 0.0585821 0.010121
377 0.80953 0.060158 0.0118465
378 0.80953 0.0630146 0.0126276
379 0.80953 0.0598706 0.0128122
380 0.80953 0.055338 0.0106206
381 0.80953 0.0559068 0.00912915
382 0.80953 0.0558631 0.0113055
383 0.80953 0.0680461 0.0129002
384 0.80953 0.0566292 0.00864173
385 0.80953 0.0559745 0.00916741
386 0.80953 0.0612208 0.0113348
387 0.80953 0.0480387 0.00815444
388 0.80953 0.0595263 0.00867371
389 0.80953 0.0506147 0.00875663
390 0.80953 0.0553716 0.00815321
391 0.80953 0.0470741 0.00718336
392 0.80953 0.0591687 0.0103056
393 0.80953 0.0516069 0.00883081
394 0.80953 0.0693213 0.0130049
395 0.80953 0.0643199 0.012222
396 0.80953 0.0575686 0.0108728
397 0.80953 0.0514182 0.00814859
398 0.80953 0.054184 0.00960133
399 0.80953 0.0588247 0.0100407
400 0.80953 0.0500332 0.00816416
401 0.80953 0.0620533 0.0115465
402 0.80953 0.0625008 0.0125658
403 0.80953 0.0573271 0.0127671
404 0.80953 0.0555301 0.0115021
405 0.80953 0.0684776 0.013851
406 0.80953 0.05521 0.0109186
407 0.80953 0.049087 0.00893019
408 0.80953 0.0606183 0.0115024
409 0.80953 0.045154 0.00877527
410 0.80953 0.0578223 0.0112543
411 0.80953 0.0666376 0.0127885
412 0.80953 0.0691016 0.0127797
413 0.80953 0.0532758 0.00899549
414 0.80953 0.0544076 0.00975576
415 0.80953 0.0561895 0.00946093
416 0.80953 0.0574974 0.0101052
417 0.80953 0.0531907 0.00830446
418 0.80953 0.0609503 0.0122053
419 0.80953 0.0714797 0.014212
420 0.80953 0.063524 0.0108821
421 0.80953 0.0641536 0.0139183
422 0.80953 0.0662883 0.0145496
423 0.80953 0.0695179 0.0147683
424 0.80953 0.0553222 0.0111105
425 0.80953 0.0566972 0.00947174
426 0.80953 0.0565961 0.0113506
427 0.80953 0.0559345 0.0105774
428 0.80953 0.052351 0.00962776
429 0.80953 0.0625439 0.0118374
430 0.80953 0.0476915 0.00691254
431 0.80953 0.0675516 0.0130112
432 0.80953 0.0598617 0.0124839
433 0.80953 0.0554853 0.0102641
434 0.80953 0.0471544 0.00856541
435 0.80953 0.0423633 0.00690439
436 0.80953 0.0507821 0.0100566
437 0.80953 0.0482872 0.00902495
438 0.80953 0.0620977 0.0127141
439 0.80953 0.0527417 0.010144
440 0.80953 0.0604751 0.00986107
441 0.80953 0.0619084 0.011883
442 0.80953 0.0569417 0.01065
443 0.80953 0.0608973 0.0109488
444 0.80953 0.0502487 0.0118249
445 0.80953 0.0513222 0.00856715
446 0.80953 0.0526044 0.0103876
447 0.80953 0.0506759 0.0102177
448 0.80953 0.0588581 0.0114644
449 0.80953 0.0504465 0.0095089
450 0.80953 0.0485518 0.00797811
451 0.80953 0.0542427 0.00874179
452 0.80953 0.052532 0.0104968
453 0.80953 0.0618216 0.0101035
454 0.80953 0.0611415 0.0119832
455 0.80953 0.0561574 0.0106809
456 0.80953 0.0612896 0.012757
457 0.80953 0.0621475 0.0127664
458 0.80953 0.0621252 0.012842
459 0.80953 0.0638465 0.0110399
460 0.80953 0.0526836 0.00891669
461 0.80953 0.0617482 0.0118287
462 0.80953 0.0503378 0.00923685
463 0.80953 0.0524417 0.00935449
464 0.80953 0.0506504 0.00896939
465 0.80953 0.0472842 0.00785937
466 0.80953 0.0595978 0.0114641
467 0.80953 0.0440705 0.00799229
468 0.80953 0.0479418 0.00916384
469 0.80953 0.0458909 0.00694129
470 0.80953 0.0540944 0.0107536
471 0.80953 0.0542114 0.00934252
472 0.80953 0.0585173 0.0114513
473 0.80953 0.0507437 0.00821834
474 0.80953 0.0597831 0.0112342
475 0.80953 0.050347 0.0102564
476 0.80953 0.0528053 0.0093198
477 0.80953 0.0616841 0.0120128
478 0.80953 0.0545811 0.0106975
479 0.80953 0.0470264 0.00761259
480 0.80953 0.0511591 0.00957058
481 0.80953 0.0521824 0.00999414
482 0.80953 0.0657076 0.0134307
483 0.81953 0.0647877 0.0135332
484 0.81953 0.0565513 0.00934433
485 0.81953 0.0589085 0.00937648
486 0.81953 0.0644779 0.0131271
487 0.81953 0.0490499 0.00738161
488 0.81953 0.0536545 0.00938082
489 0.81953 0.047696 0.00898726
490 0.81953 0.048592 0.0077732
491 0.81953 0.0553589 0.0125309
492 0.81953 0.0476111 0.00846744
493 0.81953 0.0660851 0.0131143
494 0.81953 0.0451477 0.00740425
495 0.81953 0.03946 0.00649582
496 0.81953 0.0544401 0.00941645
497 0.81953 0.068498 0.014827
498 0.81953 0.0652043 0.0122044
499 0.81953 0.0588594 0.0122112
500 0.81953 0.0582425 0.0119046
501 0.81953 0.0704738 0.0140864
502 0.81953 0.0492116 0.0107135
503 0.81953 0.049843 0.00841502
504 0.81953 0.0618443 0.0115918
505 0.81953 0.0514291 0.0104312
506 0.81953 0.0550868 0.013048
507 0.81953 0.057457 0.0122387
508 0.81953 0.0490187 0.00864832
509 0.81953 0.0458279 0.00862945
510 0.81953 0.0523799 0.0109485
511 0.81953 0.0644504 0.0122667
512 0.81953 0.0623346 0.0128948
513 0.81953 0.0483394 0.00827871
514 0.81953 0.051533 0.0101086
515 0.81953 0.0509085 0.00925199
516 0.81953 0.0592375 0.0101835
517 0.81953 0.0658846 0.0123276
518 0.81953 0.0696899 0.0133557
519 0.81953 0.0673749 0.0136836
520 0.81953 0.0630774 0.0128266
521 0.81953 0.0585765 0.0121551
522 0.81953 0.0456158 0.00750787
523 0.81953 0.0609389 0.0107525
524 0.81953 0.0557626 0.00885129
525 0.81953 0.0523998 0.0104799
526 0.81953 0.0550981 0.0110852
527 0.81953 0.0545344 0.00958555
528 0.81953 0.0509228 0.00994359
529 0.81953 0.0595412 0.011182
530 0.81953 0.0618887 0.0105789
531 0.81953 0.0674027 0.0130585
532 0.81953 0.0651401 0.0110292
533 0.81953 0.0544165 0.0105194
534 0.81953 0.0599615 0.0127532
535 0.81953 0.0570861 0.0118115
536 0.81953 0.0583698 0.0130099
537 0.81953 0.0616339 0.0143319
538 0.81953 0.0621596 0.014062
539 0.81953 0.0687398 0.0131874
540 0.81953 0.0585279 0.0121723
541 0.81953 0.0604511 0.0106489
542 0.81953 0.0760066 0.0142101
543 0.81953 0.0563927 0.010155
544 0.81953 0.0526818 0.0111975
545 0.81953 0.0746436 0.0168211
546 0.81953 0.0507123 0.0101142
547 0.81953 0.0506788 0.00924949
548 0.81953 0.050769 0.00899531
549 0.81953 0.0554454 0.0127373
550 0.81953 0.0559225 0.0133797
551 0.81953 0.0452015 0.00922644
552 0.81953 0.0537215 0.0110957
553 0.81953 0.0441837 0.00868725
554 0.81953 0.0658918 0.0140189
555 0.81953 0.065994 0.0141768
556 0.81953 0.0667957 0.0146159
557 0.81953 0.0679688 0.014469
558 0.81953 0.0692349 0.0160069
559 0.81953 0.0681702 0.0154647
560 0.81953 0.0687181 0.0167874
561 0.81953 0.0626918 0.0144833
562 0.81953 0.0626739 0.0132941
563 0.81953 0.0683214 0.0135118
564 0.81953 0.0592326 0.0138911
565 0.81953 0.0662348 0.0144423
566 0.81953 0.0625243 0.0134017
567 0.81953 0.0716272 0.0156707
568 0.81953 0.0596492 0.011502
569 0.81953 0.0587825 0.0115975
570 0.81953 0.0716208 0.0166386
571 0.81953 0.0765341 0.0151317
572 0.81953 0.0641761 0.0139494
573 0.81953 0.0765378 0.0183018
574 0.81953 0.0687901 0.0144826
575 0.81953 0.0695996 0.0139472
576 0.81953 0.0597143 0.0121363
577 0.81953 0.0697461 0.0140479
578 0.81953 0.0738391 0.0154256
579 0.81953 0.0668144 0.0144152
580 0.81953 0.0637173 0.0135323
581 0.81953 0.055535 0.0105106
582 0.81953 0.0658372 0.0137759
583 0.81953 0.0612432 0.0102919
584 0.81953 0.063986 0.0134695
585 0.81953 0.067547 0.012544
586 0.81953 0.068983 0.0147132
587 0.81953 0.0645558 0.0140173
588 0.81953 0.0549994 0.0106821
589 0.81953 0.0636968 0.0111198
590 0.81953 0.0491854 0.00732164
591 0.81953 0.0640363 0.0121046
592 0.81953 0.0641239 0.0131502
593 0.81953 0.0491594 0.00913813
594 0.81953 0.0469156 0.00868919
595 0.81953 0.0553019 0.0115537
596 0.81953 0.0518897 0.00764081
597 0.81953 0.0448366 0.00759226
598 0.81953 0.0678694 0.0120531
599 0.81953 0.0673722 0.0123901
600 0.81953 0.0648621 0.0125656
601 0.81953 0.0727036 0.0132642
602 0.81953 0.0569926 0.00953936
603 0.81953 0.0479936 0.00689251
604 0.81953 0.0514242 0.00862249
605 0.81953 0.0487132 0.00867474
606 0.81953 0.0585266 0.0103366
607 0.81953 0.0528485 0.00769903
608 0.81953 0.0647202 0.012291
609 0.81953 0.0512015 0.00826489
610 0.81953 0.054092 0.00990191
611 0.81953 0.0620476 0.010779
612 0.81953 0.0642002 0.0122126
613 0.81953 0.0643719 0.0116712
614 0.81953 0.0530057 0.00953807
615 0.81953 0.0528915 0.0106861
616 0.81953 0.0655903 0.0127138
617 0.81953 0.0603426 0.00965535
618 0.81953 0.0593865 0.0110002
619 0.81953 0.0743179 0.0126419
620 0.81953 0.0757781 0.0152707
621 0.81953 0.050517 0.00810651
622 0.81953 0.0737506 0.0152311
623 0.81953 0.0652071 0.0126059
624 0.81953 0.0732812 0.0142449
625 0.81953 0.0733077 0.0143697
626 0.81953 0.0796097 0.0200535
627 0.81953 0.0636548 0.013689
628 0.91477 0.0799862 0.0213203
629 0.91477 0.0640108 0.0136238
630 0.91477 0.0646172 0.0127313
631 0.91477 0.0718442 0.0126278
632 0.91477 0.0728845 0.0141565
633 0.91477 0.067374 0.0133707
634 0.91477 0.0761591 0.0140476
635 0.91477 0.060126 0.0110531
636 0.91477 0.0604826 0.013214
637 0.91477 0.0684988 0.0153559
638 0.91477 0.0635052 0.0139665
639 0.91477 0.0594086 0.0127719
640 0.91477 0.0729606 0.0174575
641 0.91477 0.0627484 0.0130651
642 0.91477 0.0597271 0.0145835
643 0.91477 0.0706874 0.0148111
644 0.91477 0.0750468 0.0153833
645 0.91477 0.077513 0.0159104
646 0.91477 0.0725847 0.0153815
647 0.91477 0.09066 0.0183705
648 0.91477 0.076818 0.0179592
649 0.91477 0.0653464 0.013149
650 0.91477 0.0813398 0.0160924
651 0.91477 0.0634233 0.0131718
652 0.91477 0.0603002 0.0121194
653 0.91477 0.0598988 0.0129906
654 0.91477 0.053634 0.0111633
655 0.91477 0.0723866 0.0143222
656 0.91477 0.0526032 0.00987077
657 0.91477 0.058991 0.0110503
658 0.91477 0.0666561 0.0115463
659 0.91477 0.0609461 0.0104475
660 0.91477 0.0558134 0.0110948
661 0.91477 0.0579636 0.0102297
662 0.91477 0.0608785 0.00959847
663 0.91477 0.0611472 0.012149
664 0.91477 0.0558834 0.0102837
665 0.91477 0.0532636 0.00953056
666 0.91477 0.0572732 0.0105498
667 0.91477 0.0544369 0.00918002
668 0.91477 0.0620928 0.0127353
669 0.91477 0.0572479 0.0102592
670 0.91477 0.053003 0.0100732
671 0.91477 0.0623753 0.0124112
672 0.91477 0.0543533 0.0106584
673 0.91477 0.0624532 0.012244
674 0.91477 0.0572838 0.010696
675 0.91477 0.0593841 0.0103016
676 0.91477 0.0455655 0.00740812
677 0.91477 0.0506062 0.00790603
678 0.91477 0.050069 0.00871455
679 0.91477 0.0632032 0.0118581
680 0.91477 0.0479648 0.00839281
681 0.91477 0.0637173 0.0135586
682 0.91477 0.0568365 0.0112194
683 0.91477 0.0547468 0.00984058
684 0.91477 0.0496643 0.00941195
685 0.91477 0.061289 0.011223
686 0.91477 0.0496491 0.00827862
687 0.91477 0.0650995 0.0111741
688 0.91477 0.0600563 0.0124424
689 0.91477 0.0534379 0.0098417
690 0.91477 0.0582899 0.00980645
691 0.91477 0.0578465 0.00999137
692 0.91477 0.0536429 0.00934574
693 0.91477 0.0546223 0.0115272
694 0.91477 0.0465226 0.0109745
695 0.91477 0.0554681 0.0101243
696 0.91477 0.0620529 0.0115051
697 0.91477 0.0594239 0.0119928
698 0.91477 0.0618811 0.012205
699 0.91477 0.0520687 0.0101557
700 0.91477 0.0519816 0.00951563
701 0.91477 0.0459956 0.00871842
702 0.91477 0.061211 0.0115251
703 0.91477 0.0602741 0.0103587
704 0.91477 0.0551422 0.00967624
705 0.91477 0.0586882 0.0108771
706 0.91477 0.0606167 0.00954536
707 0.91477 0.0606773 0.0116032
708 0.91477 0.0546893 0.0101944
709 0.91477 0.0635147 0.0109386
710 0.91477 0.0557884 0.00935331
711 0.91477 0.0562295 0.0105559
712 0.91477 0.0645022 0.0107382
713 0.91477 0.0506732 0.00836808
714 0.91477 0.0700742 0.0130916
715 0.91477 0.0621482 0.0122461
716 0.91477 0.05748 0.0103229
717 0.91477 0.0666265 0.0130301
718 0.91477 0.0592252 0.0112909
719 0.91477 0.0593429 0.0113694
720 0.91477 0.0632275 0.0146273
721 0.91477 0.0582898 0.0111938
722 0.91477 0.0613275 0.0130368
723 0.91477 0.0575462 0.0113155
724 0.91477 0.056415 0.01049
725 0.91477 0.0616251 0.0110254
726 0.91477 0.048519 0.00684617
727 0.91477 0.0571381 0.0105614
728 0.91477 0.0507836 0.00814204
729 0.91477 0.0551772 0.00841256
730 0.91477 0.0572925 0.00869712
731 0.91477 0.0583135 0.0105893
732 0.91477 0.0476274 0.00828594
733 0.91477 0.0583879 0.00989964
734 0.91477 0.0513542 0.00943488
735 0.91477 0.0658245 0.0123861
736 0.91477 0.0542977 0.0106678
737 0.91477 0.0514657 0.00786396
738 0.91477 0.0561785 0.00972885
739 0.91477 0.058654 0.0101717
740 0.91477 0.0647925 0.0114225
741 0.91477 0.05754 0.0102938
742 0.91477 0.0459101 0.007683
743 0.91477 0.0623262 0.011416
744 0.91477 0.0552734 0.0106703
745 0.91477 0.0549844 0.00943001
746 0.91477 0.0597181 0.0111243
747 0.91477 0.0503474 0.00792208
748 0.91477 0.0685311 0.0121765
749 0.91477 0.0650265 0.010843
750 0.91477 0.054443 0.0104136
751 0.91477 0.0537346 0.0105618
752 0.91477 0.0483673 0.00810781
753 0.91477 0.0551477 0.00924505
754 0.91477 0.0587955 0.0104775
755 0.91477 0.0629533 0.0119933
756 0.91477 0.0702502 0.0123628
757 0.91477 0.0658019 0.0132928
758 0.91477 0.0621488 0.0119051
759 0.91477 0.052068 0.00968728
760 0.91477 0.0578167 0.0100598
761 0.91477 0.0588557 0.0123529
762 0.91477 0.0558948 0.011853
763 0.91477 0.0503534 0.00848422
764 0.91477 0.0647351 0.0118545
765 0.91477 0.0575503 0.0103063
766 0.91477 0.0560312 0.0126417
767 0.91477 0.0615518 0.011349
768 0.91477 0.0555623 0.00924596
769 0.91477 0.0563281 0.00978002
770 0.91477 0.0554694 0.0110801
771 0.91477 0.0509867 0.00783501
772 0.91477 0.0495072 0.00824364
773 0.91477 0.0593773 0.0106499
774 0.91477 0.0686601 0.0134836
775 0.91477 0.0592454 0.0105303
776 0.91477 0.0661937 0.0125684
777 0.91477 0.0629142 0.0102608
778 0.91477 0.0575545 0.0100094
779 0.91477 0.072862 0.0121335
780 0.91477 0.0759185 0.0125779
781 0.91477 0.053925 0.0112221
782 0.91477 0.0669532 0.0118783
783 0.91477 0.0639058 0.0147642
784 0.91477 0.0689309 0.0143945
785 0.91477 0.0699358 0.0143437
786 0.91477 0.0736483 0.0135062
787 0.91477 0.0736723 0.0159052
788 0.91477 0.0697299 0.0151757
789 0.91477 0.0627099 0.0131436
790 0.91477 0.0689048 0.0125294
791 0.91477 0.0583447 0.0115566
792 0.91477 0.0654664 0.0115004
793 0.91477 0.0700863 0.0145747
794 0.91477 0.0561098 0.0115003
795 0.91477 0.0614035 0.01282
796 0.91477 0.0806778 0.0161067
797 0.91477 0.0597922 0.012897
798 0.91477 0.0707848 0.0131223
799 0.91477 0.0700082 0.0146371
800 0.91477 0.0545695 0.00931607
801 0.91477 0.0587879 0.0109921
802 0.91477 0.0602431 0.011265
803 0.91477 0.0607009 0.0134791
804 0.91477 0.0671622 0.011978
805 0.91477 0.0716498 0.015014
806 0.91477 0.066709 0.0120124
807 0.91477 0.0559822 0.0133149
808 0.91477 0.0682351 0.0138193
809 0.91477 0.0602229 0.0119989
810 0.91477 0.0654374 0.0126975
811 0.91477 0.0664159 0.0125422
812 0.91477 0.064465 0.011323
813 0.91477 0.0563808 0.0108227
814 0.91477 0.070717 0.0153366
815 0.91477 0.0706813 0.0129965
816 0.91477 0.0654188 0.013043
817 0.91477 0.0706455 0.0120397
818 0.91477 0.0738674 0.0150809
819 0.91477 0.0708501 0.0129313
820 0.91477 0.0680499 0.0133257
821 0.91477 0.0649593 0.0111087
822 0.91477 0.0666357 0.0130728
823 0.91477 0.0663863 0.0141707
824 0.91477 0.0620526 0.0131886
825 0.91477 0.0543854 0.0117837
826 0.91477 0.0693669 0.0146403
827 0.91477 0.0652341 0.0141933
828 0.91477 0.0752126 0.014063
829 0.91477 0.07445 0.0158338
830 0.91477 0.0756275 0.0156592
831 0.91477 0.0716618 0.0145651
832 0.91477 0.0677941 0.0137164
833 0.91477 0.0568362 0.0105791
834 0.91477 0.0823496 0.0160565
835 0.91477 0.0689562 0.0134591
836 0.91477 0.06153 0.0128251
837 0.91477 0.0536978 0.0104103
838 0.91477 0.0560609 0.0101525
839 0.91477 0.0506926 0.00911974
840 0.91477 0.060654 0.0103675
841 0.91477 0.0563402 0.00964058
842 0.91477 0.0710968 0.0129035
843 0.91477 0.0767464 0.0142612
844 0.91477 0.058535 0.0103674
845 0.91477 0.0660696 0.0128947
846 0.91477 0.0586057 0.0113268
847 0.91477 0.0489643 0.00808462
848 0.91477 0.0491996 0.00819678
849 0.91477 0.0563812 0.0093953
850 0.91477 0.0442161 0.00615166
851 0.91477 0.0582678 0.00985108
852 0.91477 0.0426154 0.00681552
853 0.91477 0.047996 0.00799317
854 0.91477 0.0596887 0.00968223
855 0.91477 0.0545285 0.00847146
856 0.91477 0.0571604 0.00934758
857 0.91477 0.0623088 0.0104053
858 0.91477 0.0620764 0.0108977
859 0.91477 0.0515198 0.00947053
860 0.91477 0.0555468 0.0100964
861 0.91477 0.0557837 0.00965744
862 0.91477 0.0660511 0.011196
863 0.91477 0.0533357 0.00885995
864 0.91477 0.0538651 0.00969851
865 0.91477 0.0430822 0.00621087
866 0.91477 0.0479556 0.00849512
867 0.91477 0.0566836 0.00966488
868 0.91477 0.0554941 0.011575
869 0.91477 0.0657939 0.0139956
870 0.91477 0.0485193 0.00910361
871 0.91477 0.0666693 0.012993
872 0.91477 0.0599627 0.0118695
873 0.91477 0.0610129 0.0104112
874 0.91477 0.0450685 0.00906838
875 0.91477 0.0596312 0.00991189
876 0.91477 0.0629654 0.0107284
877 0.91477 0.0661002 0.0122926
878 0.91477 0.0728285 0.0160822
879 0.91477 0.0659689 0.0141061
880 0.91477 0.0546035 0.010671
881 0.91477 0.0591723 0.0111089
882 0.91477 0.0545444 0.0107192
883 0.91477 0.0635123 0.0130358
884 0.91477 0.0524402 0.0109144
885 0.91477 0.0645121 0.0120726
886 0.91477 0.0597653 0.0122399
887 0.91477 0.0682459 0.0149496
888 0.91477 0.062952 0.0129833
889 0.91477 0.0625038 0.0127641
890 0.91477 0.0744516 0.0143749
891 0.91477 0.059256 0.0120319
892 0.91477 0.082114 0.0154646
893 0.91477 0.0661056 0.0120557
894 0.91477 0.0682312 0.0123785
895 0.91477 0.0586298 0.0116393
896 0.91477 0.0642069 0.0120992
897 0.91477 0.0688499 0.0121233
898 0.91477 0.0582143 0.0124441
899 0.91477 0.0687581 0.0138136
900 0.91477 0.0584971 0.0129934
901 0.91477 0.0599594 0.0115463
902 0.91477 0.0664149 0.0131805
903 0.91477 0.0634079 0.0118861
904 0.91477 0.0738919 0.0149902
905 0.91477 0.0556805 0.0106602
906 0.91477 0.0662823 0.0120443
907 0.91477 0.0624999 0.0126412
908 0.91477 0.0582889 0.0124046
909 0.91477 0.066253 0.0132768
910 0.91477 0.06111 0.012784
911 0.91477 0.0649849 0.014566
912 0.91477 0.0607886 0.0137322
913 0.91477 0.0621939 0.0135665
914 0.91477 0.0485278 0.0103803
915 0.91477 0.0811026 0.0178426
916 0.91477 0.074022 0.0169607
917 0.91477 0.0695143 0.0142702
918 0.91477 0.068388 0.0142612
919 0.91477 0.0636566 0.0121557
920 0.91477 0.0598835 0.0126497
921 0.91477 0.0548143 0.0103371
922 0.91477 0.0584744 0.0130317
923 0.91477 0.0628466 0.0132711
924 0.91477 0.0711336 0.0134755
925 0.91477 0.0635367 0.0125853
926 0.91477 0.0575658 0.0109685
927 0.91477 0.0539442 0.00999103
928 0.91477 0.0707074 0.0145982
929 0.91477 0.0674892 0.0130776
930 0.91477 0.0709493 0.0150539
931 0.91477 0.0687449 0.0146612
932 0.91477 0.0559123 0.010008
933 0.91477 0.0684989 0.0139531
934 0.91477 0.0611095 0.0114848
935 0.91477 0.0581097 0.0108521
936 0.91477 0.0552475 0.0119877
937 0.91477 0.0610957 0.0137186
938 0.91477 0.0657596 0.0140784
939 0.91477 0.0724431 0.015806
940 0.91477 0.0632152 0.0156993
941 0.91477 0.0619079 0.0124917
942 0.91477 0.0613075 0.0121884
943 0.91477 0.0644019 0.0131441
944 0.91477 0.0591177 0.0129738
945 0.91477 0.0576067 0.00979899
946 0.91477 0.0545356 0.0114056
947 0.91477 0.0656838 0.0134217
948 0.91477 0.0572676 0.0122477
949 0.91477 0.0551778 0.0131006
950 0.91477 0.0641573 0.0132404
951 0.91477 0.0543729 0.00927602
952 0.91477 0.0628196 0.0116459
953 0.91477 0.061 0.0117163
954 0.91477 0.048979 0.0117044
955 0.91477 0.0678346 0.0119811
956 0.91477 0.0644064 0.0130698
957 0.91477 0.0578596 0.0111645
958 0.91477 0.0597054 0.0132554
959 0.91477 0.0575002 0.011144
960 0.91477 0.0763275 0.0172652
961 0.91477 0.0651269 0.0147122
962 0.91477 0.057492 0.0124928
963 0.91477 0.0697463 0.0137805
964 0.91477 0.0526694 0.00831819
965 0.91477 0.0543144 0.0110489
966 0.91477 0.0460831 0.00902667
967 0.91477 0.0617481 0.0116606
968 0.91477 0.0738388 0.0135608
969 0.91477 0.0580427 0.0122616
970 0.91477 0.0642613 0.0119644
971 0.91477 0.0637713 0.0132288
972 0.91477 0.0614458 0.0120038
973 0.91477 0.0619802 0.0119585
974 0.91477 0.0505365 0.0110685
975 0.91477 0.0581959 0.0114445
976 0.91477 0.0497272 0.00907806
977 0.91477 0.0590251 0.0103335
978 0.91477 0.0606265 0.0106046
979 0.91477 0.0584662 0.0103762
980 0.91477 0.0575349 0.00895795
981 0.91477 0.0619817 0.0113456
982 0.91477 0.0627038 0.011284
983 0.91477 0.0487262 0.0103712
984 0.91477 0.0597003 0.0120712
985 0.91477 0.0490437 0.00636551
986 0.91477 0.0595139 0.0109281
987 0.91477 0.0719294 0.0142006
988 0.91477 0.0655329 0.0135347
989 0.91477 0.0669016 0.0136491
990 0.91477 0.0488153 0.0100566
991 0.91477 0.0448923 0.00642934
992 0.91477 0.0497461 0.00944266
993 0.91477 0.0544764 0.0104985
994 0.91477 0.056934 0.00992684
995 0.91477 0.0592555 0.0109033
996 0.91477 0.0637631 0.0125362
997 0.91477 0.0642499 0.0122147
998 0.91477 0.0585872 0.0106145
999 0.91477 0.0593562 0.0104785
1000 0.91477 0.0513603 0.00861431
1000 0.49207 0.0610992 0.0117445
1000 0.4762 0.0535 0.00939929
1000 0.4762 0.0529304 0.00893534
1000 0.51111 0.0525286 0.00989663
1000 0.4762 0.0498028 0.00851428
1000 0.4762 0.0663709 0.0121399
