0 0.22973 0.0347556 0.00278468
1 0.23503 0.021376 0.00173612
2 0.26547 0.022245 0.0022398
3 0.26547 0.0464994 0.00541265
4 0.36435 0.0380923 0.00422788
5 0.36435 0.0267116 0.00238134
6 0.36435 0.0309378 0.00356246
7 0.36435 0.0277863 0.0027084
8 0.40163 0.0380272 0.00429806
9 0.40163 0.0345217 0.00351788
10 0.40163 0.0354339 0.00363834
11 0.40163 0.0319911 0.00330171
12 0.40163 0.0425732 0.00463181
13 0.40163 0.0391919 0.00394557
14 0.40163 0.035215 0.00412075
15 0.40163 0.0387073 0.00428387
16 0.40163 0.0417458 0.00417731
17 0.40163 0.0369298 0.00383643
18 0.40163 0.044198 0.00474873
19 0.40163 0.0462135 0.00568631
20 0.40163 0.03256 0.00386328
21 0.40163 0.03829 0.00437141
22 0.40163 0.0431617 0.0041432
23 0.40163 0.0384885 0.00409309
24 0.40163 0.0401308 0.00458033
25 0.40163 0.0431432 0.00491179
26 0.40163 0.0414635 0.00445987
27 0.40163 0.0439536 0.00493478
28 0.40163 0.0375339 0.00420649
29 0.40163 0.0387543 0.0039805
30 0.40163 0.0500497 0.00560215
31 0.40163 0.0351302 0.003683
32 0.40163 0.0441046 0.00478716
33 0.40163 0.0436851 0.0048648
34 0.40163 0.0444231 0.00527217
35 0.40163 0.0430854 0.00447703
36 0.40163 0.047076 0.00475888
37 0.40163 0.0394621 0.00438571
38 0.40163 0.0423496 0.00387994
39 0.40163 0.0442249 0.00486962
40 0.40163 0.0438213 0.00536546
41 0.40163 0.0346171 0.00423947
42 0.40163 0.0402959 0.00480456
43 0.40163 0.0376715 0.00393879
44 0.40163 0.0384453 0.00380527
45 0.40163 0.0382696 0.00415325
46 0.40163 0.0366215 0.00454035
47 0.40163 0.0461553 0.00525835
48 0.40163 0.0486639 0.0052698
49 0.40163 0.0376271 0.00376879
50 0.44417 0.0460224 0.00605225
51 0.44417 0.0411439 0.00494427
52 0.44417 0.0418444 0.00411571
53 0.49938 0.0490519 0.00657241
54 0.49938 0.0370803 0.00411332
55 0.49938 0.0486058 0.00609563
56 0.49938 0.0406724 0.00472595
57 0.55491 0.0539169 0.00792833
58 0.55491 0.0437368 0.00611568
59 0.55491 0.053659 0.00737938
60 0.55491 0.0418222 0.00551357
61 0.55491 0.0341836 0.00496291
62 0.55491 0.0423008 0.00702077
63 0.55491 0.0509567 0.00872573
64 0.55491 0.0525076 0.00892469
65 0.55491 0.0548499 0.00897753
66 0.55491 0.0554391 0.0080653
67 0.57372 0.0516501 0.00849243
68 0.57372 0.0619424 0.0111561
69 0.57372 0.0521899 0.00886181
70 0.57372 0.0585301 0.00942379
71 0.57372 0.0634126 0.0108146
72 0.57372 0.0532096 0.00958578
73 0.57372 0.0691304 0.0111291
74 0.57372 0.0591259 0.0087515
75 0.57372 0.0601871 0.0119472
76 0.57372 0.0623205 0.0132317
77 0.57372 0.0588848 0.0116767
78 0.57372 0.0601477 0.00972465
79 0.57372 0.0703019 0.014141
80 0.57372 0.049642 0.00849073
81 0.57372 0.0627442 0.011593
82 0.57372 0.0625474 0.01021
83 0.72803 0.0606731 0.0125357
84 0.72803 0.0416864 0.00697885
85 0.72803 0.052539 0.00734355
86 0.72803 0.0541357 0.0102285
87 0.72803 0.0606046 0.00998068
88 0.72803 0.0626239 0.010876
89 0.72803 0.061176 0.0123421
90 0.72803 0.0649437 0.0127609
91 0.72803 0.0609267 0.0103354
92 0.72803 0.0629464 0.0115785
93 0.90499 0.0706528 0.0126568
94 0.90499 0.0578128 0.00961484
95 0.90499 0.061732 0.0093182
96 0.90499 0.0512438 0.0100089
97 0.90499 0.0518688 0.00845669
98 0.90499 0.063375 0.0106761
99 0.90499 0.061554 0.0112519
100 0.90499 0.0543287 0.00994967
101 0.90499 0.0508945 0.00765591
102 0.90499 0.0420959 0.00759622
103 0.90499 0.058714 0.00923592
104 0.90499 0.0688216 0.013171
105 0.90499 0.0603515 0.00913407
106 0.90499 0.0711107 0.0133315
107 0.90499 0.0611473 0.0100119
108 0.90499 0.0687476 0.0131095
109 0.90499 0.0645123 0.0102639
110 0.90499 0.0525392 0.0107316
111 0.90499 0.0657518 0.0118326
112 0.90499 0.076292 0.015403
113 0.90499 0.0667175 0.0116449
114 0.90499 0.0553534 0.0122861
115 0.90499 0.0588926 0.00999123
116 0.90499 0.056511 0.0111263
117 0.90499 0.0610655 0.010923
118 0.90499 0.0699838 0.0118562
119 0.90499 0.0625922 0.0131907
120 0.90499 0.0648162 0.0118868
121 0.90499 0.0575067 0.0118511
122 0.90499 0.0567825 0.00979842
123 0.90499 0.0508372 0.00884408
124 0.90499 0.0586703 0.00898845
125 0.90499 0.0561568 0.0105535
126 0.90499 0.0587364 0.0101351
127 0.90499 0.0593588 0.0101117
128 0.90499 0.0566822 0.0117586
129 0.90499 0.0590028 0.0113046
130 0.90499 0.0613487 0.0132728
131 0.90499 0.0696907 0.0146935
132 0.90499 0.0631378 0.0130522
133 0.90499 0.0610388 0.0098462
134 0.90499 0.0762932 0.0157577
135 0.90499 0.054849 0.00908893
136 0.90499 0.0573988 0.0105579
137 0.90499 0.0424552 0.00554677
138 0.90499 0.0585145 0.0113964
139 0.90499 0.0583115 0.00962077
140 0.90499 0.0538503 0.00906928
141 0.90499 0.0542479 0.0101882
142 0.90499 0.0566987 0.00925365
143 0.90499 0.0513318 0.00847765
144 0.90499 0.0636351 0.0111841
145 0.90499 0.0592948 0.010106
146 0.90499 0.0492225 0.00989806
147 0.90499 0.0480726 0.00810801
148 0.90499 0.0583665 0.0095109
149 0.90499 0.0439574 0.00631909
150 0.90499 0.0581856 0.00874866
151 0.90499 0.0471944 0.00693932
152 0.90499 0.0608326 0.0100917
153 0.90499 0.0581511 0.00994292
154 0.90499 0.0605666 0.00966911
155 0.90499 0.0515474 0.00967087
156 0.90499 0.0458291 0.00623641
157 0.90499 0.0707275 0.0128908
158 0.90499 0.0507284 0.00931605
159 0.90499 0.0586666 0.00980633
160 0.90499 0.0719247 0.0146905
161 0.90499 0.0595555 0.00927549
162 0.90499 0.070366 0.0134402
163 0.90499 0.0615916 0.0107473
164 0.90499 0.0620156 0.012581
165 0.90499 0.0630538 0.0131505
166 0.90499 0.0511034 0.0102033
167 0.90499 0.0547303 0.0085563
168 0.90499 0.0574105 0.0104309
169 0.90499 0.0606836 0.0106675
170 0.90499 0.0573603 0.00985031
171 0.90499 0.0531363 0.00834015
172 0.90499 0.0576312 0.0098765
173 0.90499 0.0557119 0.00916756
174 0.90499 0.0497533 0.00861019
175 0.90499 0.0489238 0.00876874
176 0.90499 0.0611208 0.0112952
177 0.90499 0.0658666 0.0128149
178 0.90499 0.0597004 0.0123082
179 0.90499 0.0638338 0.0116729
180 0.90499 0.0603658 0.0108713
181 0.90499 0.0536088 0.00951651
182 0.90499 0.0624729 0.0123472
183 0.90499 0.0725741 0.0133501
184 0.90499 0.0614448 0.010295
185 0.90499 0.0542947 0.0100494
186 0.90499 0.0511007 0.0092374
187 0.90499 0.0596721 0.0128619
188 0.90499 0.0595128 0.00945603
189 0.90499 0.0522258 0.00888844
190 0.90499 0.0529042 0.00885538
191 0.90499 0.0451824 0.00763063
192 0.90499 0.0483994 0.00858705
193 0.90499 0.0455885 0.00803299
194 0.90499 0.0458014 0.00688507
195 0.90499 0.0447187 0.00709783
196 0.90499 0.0493116 0.00802755
197 0.90499 0.0673936 0.0118849
198 0.90499 0.0636711 0.0100517
199 0.90499 0.0657578 0.0132566
200 0.90499 0.0630304 0.0129842
201 0.90499 0.0596418 0.0122897
202 0.90499 0.0508622 0.00994958
203 0.90499 0.0561482 0.0126375
204 0.90499 0.0544472 0.0105136
205 0.90499 0.0571929 0.0117023
206 0.90499 0.0510213 0.00825088
207 0.90499 0.0552679 0.0106735
208 0.90499 0.0589227 0.0118321
209 0.90499 0.0538685 0.0106651
210 0.90499 0.0605728 0.011581
211 0.90499 0.0681361 0.0115055
212 0.90499 0.0598752 0.0131941
213 0.90499 0.0641303 0.0119225
214 0.90499 0.063701 0.0127713
215 0.90499 0.0648337 0.0133461
216 0.90499 0.0608877 0.0125046
217 0.90499 0.0644182 0.012719
218 0.90499 0.0579126 0.0120124
219 0.90499 0.0572572 0.0113259
220 0.90499 0.0537866 0.0112575
221 0.90499 0.0660504 0.0115705
222 0.90499 0.0599289 0.0111346
223 0.90499 0.0635125 0.0132352
224 0.90499 0.0520575 0.009432
225 0.90499 0.0571 0.0098966
226 0.90499 0.0651711 0.012538
227 0.90499 0.0545848 0.0111571
228 0.90499 0.0556085 0.0107725
229 0.90499 0.0626861 0.0144426
230 0.90499 0.0649817 0.0146612
231 0.90499 0.0536932 0.0108166
232 0.90499 0.055966 0.0121174
233 0.90499 0.0579049 0.0119181
234 0.90499 0.0468315 0.00941551
235 0.90499 0.05575 0.0119722
236 0.90499 0.063124 0.012998
237 0.90499 0.0626893 0.0134775
238 0.90499 0.0573212 0.0116848
239 0.90499 0.0608775 0.0125118
240 0.90499 0.0447048 0.00806414
241 0.90499 0.0543342 0.0113156
242 0.90499 0.069497 0.0151738
243 0.90499 0.0510654 0.00960969
244 0.90499 0.0560752 0.0108982
245 0.90499 0.0544721 0.0108262
246 0.90499 0.0619915 0.012251
247 0.90499 0.0469577 0.00717746
248 0.90499 0.0559544 0.011531
249 0.90499 0.0600708 0.0114556
250 0.90499 0.0530419 0.0115813
251 0.90499 0.0694071 0.0152873
252 0.90499 0.052853 0.00962479
253 0.90499 0.0587101 0.0116817
254 0.90499 0.0582998 0.010224
255 0.90499 0.0633248 0.0138204
256 0.90499 0.0599748 0.0145418
257 0.90499 0.0553158 0.0110096
258 0.90499 0.0665638 0.0140456
259 0.90499 0.0602985 0.0130641
260 0.90499 0.0594697 0.0123309
261 0.90499 0.0525823 0.0112954
262 0.90499 0.0560135 0.0109557
263 0.90499 0.0540251 0.0118601
264 0.90499 0.066354 0.013501
265 0.90499 0.0506575 0.010247
266 0.90499 0.0369735 0.00649397
267 0.90499 0.0529313 0.00906749
268 0.90499 0.0452172 0.00776165
269 0.90499 0.0448769 0.00746391
270 0.90499 0.0598006 0.0137764
271 0.90499 0.0556284 0.00930069
272 0.90499 0.0655348 0.0144414
273 0.90499 0.0619218 0.0122465
274 0.90499 0.0549686 0.0102643
275 0.90499 0.0561109 0.0107343
276 0.90499 0.0653057 0.0139079
277 0.90499 0.0486851 0.00831179
278 0.90499 0.0499068 0.00964432
279 0.90499 0.0601782 0.0146837
280 0.90499 0.0535236 0.00940944
281 0.90499 0.0443775 0.00716124
282 0.90499 0.0459943 0.00733715
283 0.90499 0.0545041 0.0112983
284 0.90499 0.0484078 0.0084695
285 0.90499 0.0600025 0.0123306
286 0.90499 0.0506503 0.00916093
287 0.90499 0.0665667 0.0130145
288 0.90499 0.0590842 0.0132595
289 0.90499 0.0490857 0.00894973
290 0.90499 0.0452682 0.00832023
291 0.90499 0.0482975 0.0114198
292 0.90499 0.0493776 0.00787962
293 0.90499 0.046767 0.00685014
294 0.90499 0.0519638 0.00952639
295 0.90499 0.0559919 0.0120969
296 0.90499 0.0644008 0.0130241
297 0.90499 0.0665934 0.0136358
298 0.90499 0.0733253 0.0154039
299 0.90499 0.0575354 0.0113402
300 0.90499 0.0580784 0.0127437
301 0.90499 0.0552413 0.00991126
302 0.90499 0.0529261 0.0109962
303 0.90499 0.0553408 0.0121055
304 0.90499 0.0582737 0.0103723
305 0.90499 0.0664978 0.0146116
306 0.90499 0.0549396 0.010433
307 0.90499 0.0665238 0.0131163
308 0.90499 0.0630791 0.0109895
309 0.90499 0.052602 0.00928261
310 0.90499 0.0573958 0.0104846
311 0.90499 0.0549042 0.0125758
312 0.90499 0.0557926 0.0121379
313 0.90499 0.0586698 0.0122963
314 0.90499 0.0537111 0.011333
315 0.90499 0.0632055 0.0152318
316 0.90499 0.0549515 0.0106007
317 0.90499 0.0615135 0.0113567
318 0.90499 0.0645303 0.013014
319 0.90499 0.0652469 0.0131217
320 0.90499 0.0560994 0.00970482
321 0.90499 0.0530494 0.0110174
322 0.90499 0.0534126 0.00984086
323 0.90499 0.0551457 0.010524
324 0.90499 0.0647669 0.0136851
325 0.90499 0.0597882 0.00998951
326 0.90499 0.0604447 0.0118967
327 0.90499 0.0629574 0.0141945
328 0.90499 0.0562313 0.0111975
329 0.90499 0.0562754 0.0114438
330 0.90499 0.0642382 0.013776
331 0.90499 0.058223 0.0117885
332 0.90499 0.0691789 0.0116812
333 0.90499 0.0594292 0.0116358
334 0.90499 0.0495367 0.00942582
335 0.90499 0.0584688 0.0134243
336 0.90499 0.0746225 0.0176256
337 0.90499 0.075132 0.0176554
338 0.90499 0.0621838 0.0160936
339 0.90499 0.0651098 0.0129865
340 0.90499 0.0552778 0.012738
341 0.90499 0.0629142 0.0131088
342 0.90499 0.0524261 0.00916079
343 0.90499 0.06022 0.0135249
344 0.90499 0.0653331 0.0138235
345 0.90499 0.054669 0.0123692
346 0.90499 0.0647552 0.0154624
347 0.90499 0.0646178 0.0148349
348 0.90499 0.0540617 0.0100568
349 0.90499 0.058396 0.0118354
350 0.90499 0.0578688 0.0101231
351 0.90499 0.0503126 0.00862005
352 0.90499 0.0520178 0.00934849
353 0.90499 0.0528298 0.0118227
354 0.90499 0.0512323 0.00904776
355 0.90499 0.0511175 0.010077
356 0.90499 0.0559299 0.0121198
357 0.90499 0.0578601 0.0127391
358 0.90499 0.0633058 0.013714
359 0.90499 0.054491 0.0136993
360 0.90499 0.0586489 0.0126038
361 0.90499 0.0703131 0.0155461
362 0.90499 0.0727189 0.0174491
363 0.90499 0.0636699 0.0143675
364 0.90499 0.0528367 0.0111451
365 0.90499 0.0476716 0.00737666
366 0.90499 0.0555013 0.00997853
367 0.90499 0.0654567 0.0124711
368 0.90499 0.0584667 0.0120306
369 0.90499 0.0565035 0.00939611
370 0.90499 0.045818 0.00829886
371 0.90499 0.049623 0.00949394
372 0.90499 0.0504941 0.0106147
373 0.90499 0.0447588 0.00780213
374 0.90499 0.0598242 0.0118581
375 0.90499 0.0496293 0.00934571
376 0.90499 0.0579608 0.0118724
377 0.90499 0.0646755 0.0137503
378 0.90499 0.0507952 0.0115348
379 0.90499 0.0535654 0.00974677
380 0.90499 0.054314 0.0123036
381 0.90499 0.0460971 0.00858256
382 0.90499 0.0507825 0.00963333
383 0.90499 0.065925 0.0141399
384 0.90499 0.0507109 0.0103247
385 0.90499 0.0544025 0.012913
386 0.90499 0.0687866 0.015055
387 0.90499 0.0566218 0.0100374
388 0.90499 0.0692635 0.0135109
389 0.90499 0.0501841 0.00955402
390 0.90499 0.0567407 0.011304
391 0.90499 0.0614783 0.0145664
392 0.90499 0.0691594 0.0159348
393 0.90499 0.0563963 0.0120839
394 0.90499 0.0326657 0.00498956
395 0.90499 0.055001 0.0102218
396 0.90499 0.0673947 0.0143709
397 0.90499 0.0540925 0.0103509
398 0.90499 0.0485121 0.0100398
399 0.90499 0.0510263 0.00916113
400 0.90499 0.060565 0.0132357
401 0.90499 0.0557743 0.00995372
402 0.90499 0.0491284 0.00973168
403 0.90499 0.0548497 0.0115319
404 0.90499 0.0765075 0.0173786
405 0.90499 0.0529235 0.0109672
406 0.90499 0.0521605 0.0112465
407 0.90499 0.0571604 0.0119335
408 0.90499 0.0474847 0.00961428
409 0.90499 0.0517592 0.0100086
410 0.90499 0.0408802 0.00625852
411 0.90499 0.0487485 0.00859372
412 0.90499 0.042993 0.00791886
413 0.90499 0.0509969 0.00989688
414 0.90499 0.0483044 0.00898595
415 0.90499 0.046952 0.00923708
416 0.90499 0.0469514 0.0095535
417 0.90499 0.0529483 0.0109388
418 0.90499 0.0494117 0.0104927
419 0.90499 0.0493786 0.00924476
420 0.90499 0.0561119 0.0121248
421 0.90499 0.056228 0.0121062
422 0.90499 0.0497383 0.0104843
423 0.90499 0.0637699 0.0140541
424 0.90499 0.0546234 0.0128809
425 0.90499 0.0549022 0.0128984
426 0.90499 0.0531334 0.0120792
427 0.90499 0.0564505 0.0122253
428 0.90499 0.055852 0.0139587
429 0.90499 0.0676207 0.0165395
430 0.90499 0.0592017 0.0133071
431 0.90499 0.0589827 0.0111792
432 0.90499 0.0549419 0.0105281
433 0.90499 0.0514617 0.0116448
434 0.90499 0.0516293 0.0102415
435 0.90499 0.0611107 0.0124141
436 0.90499 0.0594041 0.0127716
437 0.90499 0.0462448 0.00794661
438 0.90499 0.0478869 0.00865326
439 0.90499 0.0540806 0.010742
440 0.90499 0.0548579 0.00977623
441 0.90499 0.0476244 0.0100979
442 0.90499 0.0470116 0.00822634
443 0.90499 0.0542378 0.0103195
444 0.90499 0.0680641 0.0135852
445 0.90499 0.0608402 0.0124811
446 0.90499 0.0542279 0.0105731
447 0.90499 0.0531491 0.00994168
448 0.90499 0.0526635 0.00979079
449 0.90499 0.0470589 0.0092691
450 0.90499 0.0491239 0.00799168
451 0.90499 0.0461559 0.00940898
452 0.90499 0.053808 0.00972666
453 0.90499 0.0635718 0.0140666
454 0.90499 0.0440904 0.00836156
455 0.90499 0.0529002 0.010407
456 0.90499 0.0510526 0.0115863
457 0.90499 0.0481108 0.0103182
458 0.90499 0.0447573 0.00853301
459 0.90499 0.0456123 0.00711245
460 0.90499 0.0386009 0.00710275
461 0.90499 0.0468492 0.00863278
462 0.90499 0.0564036 0.01021
463 0.90499 0.0502284 0.00952092
464 0.90499 0.0404938 0.00724819
465 0.90499 0.0579785 0.0117139
466 0.90499 0.0504842 0.00939748
467 0.90499 0.0602619 0.0126172
468 0.90499 0.0510721 0.0101097
469 0.90499 0.05168 0.0114323
470 0.90499 0.0482509 0.0100956
471 0.90499 0.0445602 0.00791205
472 0.90499 0.054713 0.00914201
473 0.90499 0.0496258 0.00987164
474 0.90499 0.0529 0.0120626
475 0.90499 0.0491586 0.0110981
476 0.90499 0.0655162 0.0114979
477 0.90499 0.05969 0.0139279
478 0.90499 0.0467757 0.00900658
479 0.90499 0.0604656 0.0120389
480 0.90499 0.0511399 0.00894106
481 0.90499 0.0452012 0.00781936
482 0.90499 0.0533579 0.0101505
483 0.90499 0.0614789 0.0138494
484 0.90499 0.0420553 0.00722672
485 0.90499 0.0619882 0.0128186
486 0.90499 0.0687056 0.0146293
487 0.90499 0.0640934 0.013335
488 0.90499 0.0613051 0.0136813
489 0.90499 0.0598901 0.0119458
490 0.90499 0.0535482 0.0102505
491 0.90499 0.0549102 0.0118636
492 0.90499 0.0594787 0.0109305
493 0.90499 0.0540221 0.0098322
494 0.90499 0.0542311 0.0104198
495 0.90499 0.0512582 0.00839989
496 0.90499 0.0627181 0.0140297
497 0.90499 0.0527409 0.00983342
498 0.90499 0.0531713 0.0100878
499 0.90499 0.0460205 0.00831834
500 0.90499 0.0527429 0.0125671
501 0.90499 0.0524543 0.0115875
502 0.90499 0.0432693 0.00734237
503 0.90499 0.0627712 0.0127265
504 0.90499 0.0543549 0.011059
505 0.90499 0.0619899 0.0143678
506 0.90499 0.0551858 0.010181
507 0.90499 0.0544907 0.0112944
508 0.90499 0.0505107 0.00905832
509 0.90499 0.0544451 0.0115577
510 0.90499 0.0605576 0.0130521
511 0.90499 0.0479842 0.00894055
512 0.90499 0.0611006 0.0117503
513 0.90499 0.0511902 0.00990444
514 0.90499 0.056764 0.0108453
515 0.90499 0.0447564 0.00717212
516 0.90499 0.0514742 0.00897172
517 0.90499 0.0412588 0.00700441
518 0.90499 0.0548692 0.00837143
519 0.90499 0.0626135 0.0115948
520 0.90499 0.0620873 0.0106086
521 0.90499 0.0533771 0.00817482
522 0.90499 0.0471309 0.00774767
523 0.90499 0.0558144 0.0101605
524 0.90499 0.0521666 0.0109059
525 0.90499 0.0497668 0.0097799
526 0.90499 0.0524701 0.0108755
527 0.90499 0.0438705 0.00720381
528 0.90499 0.0465814 0.00699162
529 0.90499 0.0448892 0.00701193
530 0.90499 0.0606101 0.0106902
531 0.90499 0.0486759 0.00891217
532 0.90499 0.0408235 0.00655738
533 0.90499 0.0510429 0.00969315
534 0.90499 0.043685 0.0080875
535 0.90499 0.0439719 0.00719294
536 0.90499 0.0549677 0.00845952
537 0.90499 0.0420579 0.00702063
538 0.90499 0.0445554 0.00750064
539 0.90499 0.0590544 0.0130205
540 0.90499 0.0583042 0.0124674
541 0.90499 0.0558962 0.00871753
542 0.90499 0.0488269 0.00833566
543 0.90499 0.0563102 0.0131103
544 0.90499 0.0632484 0.0116014
545 0.90499 0.0528459 0.00979763
546 0.90499 0.0596483 0.0113863
547 0.90499 0.0515745 0.0105437
548 0.90499 0.0572747 0.0106459
549 0.90499 0.0615103 0.0126836
550 0.90499 0.0567035 0.0109394
551 0.90499 0.0556492 0.0116455
552 0.90499 0.0577818 0.0104195
553 0.90499 0.0491265 0.00769097
554 0.90499 0.0580054 0.00963143
555 0.90499 0.0575565 0.0095853
556 0.90499 0.0571453 0.0113183
557 0.90499 0.0538841 0.0111674
558 0.90499 0.0461293 0.00753437
559 0.90499 0.0388951 0.00631762
560 0.90499 0.0460996 0.00790275
561 0.90499 0.0449335 0.00815967
562 0.90499 0.0483339 0.00722375
563 0.90499 0.0514668 0.0100526
564 0.90499 0.05885 0.0108256
565 0.90499 0.0531327 0.00938186
566 0.90499 0.0454789 0.00870772
567 0.90499 0.0422444 0.0062512
568 0.90499 0.042147 0.00866118
569 0.90499 0.0495296 0.00880047
570 0.90499 0.0509419 0.00888664
571 0.90499 0.0520988 0.00847471
572 0.90499 0.0566259 0.0107412
573 0.90499 0.0590768 0.0125778
574 0.90499 0.0560407 0.0126471
575 0.90499 0.0552086 0.0126491
576 0.90499 0.0486445 0.00952651
577 0.90499 0.0490293 0.00910955
578 0.90499 0.0581813 0.0097817
579 0.90499 0.0600461 0.0128938
580 0.90499 0.0652348 0.0132518
581 0.90499 0.0618688 0.0134564
582 0.90499 0.0495793 0.00990271
583 0.90499 0.0518554 0.00950014
584 0.90499 0.0590778 0.0123553
585 0.90499 0.0620781 0.0140139
586 0.90499 0.0560405 0.0120583
587 0.90499 0.054808 0.0113395
588 0.90499 0.0571686 0.0108938
589 0.90499 0.0589887 0.0125367
590 0.90499 0.049798 0.0104526
591 0.90499 0.0575394 0.0102079
592 0.90499 0.0569131 0.0104386
593 0.90499 0.0506777 0.0105314
594 0.90499 0.0488585 0.00903909
595 0.90499 0.0537197 0.00984163
596 0.90499 0.0535034 0.0107857
597 0.90499 0.0493036 0.00960216
598 0.90499 0.0369403 0.00559962
599 0.90499 0.0448067 0.00681007
600 0.90499 0.0550934 0.0101366
601 0.90499 0.0555395 0.0104245
602 0.90499 0.0527827 0.0106679
603 0.90499 0.0526232 0.00813284
604 0.90499 0.0570753 0.00971411
605 0.90499 0.0543491 0.00844261
606 0.90499 0.0503193 0.00884932
607 0.90499 0.0500465 0.0103166
608 0.90499 0.057862 0.011383
609 0.90499 0.0507494 0.00919579
610 0.90499 0.053373 0.010238
611 0.90499 0.0494816 0.00837896
612 0.90499 0.0529508 0.00863904
613 0.90499 0.0473591 0.0091691
614 0.90499 0.0530525 0.00914829
615 0.90499 0.0484927 0.00909683
616 0.90499 0.0533148 0.0095289
617 0.90499 0.0497408 0.00800321
618 0.90499 0.0536569 0.010439
619 0.90499 0.0442533 0.00741361
620 0.90499 0.0467267 0.00755737
621 0.90499 0.0587557 0.010307
622 0.90499 0.0445682 0.00606864
623 0.90499 0.0467606 0.00922528
624 0.90499 0.0571194 0.0122795
625 0.90499 0.0509108 0.00945408
626 0.90499 0.044063 0.00681316
627 0.90499 0.05325 0.0107316
628 0.90499 0.0520771 0.00966011
629 0.90499 0.0438749 0.00793747
630 0.90499 0.0514731 0.00978676
631 0.90499 0.0407977 0.00669211
632 0.90499 0.0403107 0.00681451
633 0.90499 0.0478989 0.00820053
634 0.90499 0.0404731 0.00542902
635 0.90499 0.0533946 0.00810456
636 0.90499 0.0444311 0.00640007
637 0.90499 0.0441242 0.00689552
638 0.90499 0.0405135 0.00510167
639 0.90499 0.0446434 0.00621503
640 0.90499 0.041118 0.00686097
641 0.90499 0.0652305 0.0119105
642 0.90499 0.0640983 0.0110585
643 0.90499 0.0484711 0.00921419
644 0.90499 0.0501477 0.0100855
645 0.90499 0.0527566 0.0106566
646 0.90499 0.0537784 0.010946
647 0.90499 0.057626 0.00971107
648 0.90499 0.0542056 0.00907752
649 0.90499 0.0469013 0.00951208
650 0.90499 0.052005 0.0100416
651 0.90499 0.0604388 0.0119781
652 0.90499 0.0594242 0.012612
653 0.90499 0.0569007 0.00983473
654 0.90499 0.0557823 0.0112163
655 0.90499 0.0644887 0.0126381
656 0.90499 0.0684298 0.0145531
657 0.90499 0.049814 0.00955216
658 0.90499 0.0514544 0.00897605
659 0.90499 0.0440279 0.00740898
660 0.90499 0.0553569 0.00931177
661 0.90499 0.0606814 0.0133328
662 0.90499 0.050252 0.00860503
663 0.90499 0.0481931 0.0088962
664 0.90499 0.0450588 0.00811412
665 0.90499 0.0458528 0.00990225
666 0.90499 0.0547495 0.0113448
667 0.90499 0.0529349 0.00991157
668 0.90499 0.0447657 0.00840628
669 0.90499 0.054147 0.00949437
670 0.90499 0.0413216 0.00587847
671 0.90499 0.0542477 0.00907139
672 0.90499 0.0628278 0.0121347
673 0.90499 0.043874 0.00774484
674 0.90499 0.0501937 0.0092925
675 0.90499 0.04309 0.00825139
676 0.90499 0.0619 0.0116756
677 0.90499 0.0422523 0.00787196
678 0.90499 0.0471297 0.0101942
679 0.90499 0.0520654 0.00821098
680 0.90499 0.0471147 0.0083324
681 0.90499 0.049143 0.00890847
682 0.90499 0.0531255 0.00965142
683 0.90499 0.0484265 0.00981522
684 0.90499 0.0505116 0.00902677
685 0.90499 0.0532874 0.00856647
686 0.90499 0.0403092 0.00564358
687 0.90499 0.0420328 0.00690516
688 0.90499 0.0621004 0.0115661
689 0.90499 0.0533449 0.00907133
690 0.90499 0.0520765 0.0100886
691 0.90499 0.0516962 0.00983177
692 0.90499 0.0492181 0.00815923
693 0.90499 0.046609 0.00892541
694 0.90499 0.0480155 0.00676681
695 0.90499 0.0498673 0.00919711
696 0.90499 0.0463488 0.00773747
697 0.90499 0.0539729 0.00965343
698 0.90499 0.0504 0.00964345
699 0.90499 0.0446417 0.0069267
700 0.90499 0.0503072 0.00845066
701 0.90499 0.0543649 0.0111355
702 0.90499 0.0546538 0.010913
703 0.90499 0.0480758 0.00819925
704 0.90499 0.0568318 0.010968
705 0.90499 0.0419507 0.00799047
706 0.90499 0.0436399 0.00514252
707 0.90499 0.0482568 0.00827074
708 0.90499 0.0492259 0.00897749
709 0.90499 0.0433228 0.00802901
710 0.90499 0.0528625 0.0098809
711 0.90499 0.0335668 0.00483633
712 0.90499 0.0484831 0.00933847
713 0.90499 0.0413639 0.00694519
714 0.90499 0.0369897 0.0052033
715 0.90499 0.056191 0.0083516
716 0.90499 0.0512745 0.00941589
717 0.90499 0.0583978 0.0117967
718 0.90499 0.0491751 0.00937438
719 0.90499 0.044454 0.00717849
720 0.90499 0.0528231 0.00967839
721 0.90499 0.050155 0.00867794
722 0.90499 0.0440588 0.00875892
723 0.90499 0.0569189 0.0101551
724 0.90499 0.0588967 0.0101173
725 0.90499 0.0534565 0.010936
726 0.90499 0.0473633 0.00877253
727 0.90499 0.0495664 0.00843908
728 0.90499 0.0558193 0.00962851
729 0.90499 0.0555366 0.00845774
730 0.90499 0.0564244 0.0101215
731 0.90499 0.0469311 0.00695992
732 0.90499 0.0491468 0.0088156
733 0.90499 0.0465343 0.00829195
734 0.90499 0.0508427 0.00875079
735 0.90499 0.0602942 0.0124277
736 0.90499 0.0443583 0.00791451
737 0.90499 0.0467253 0.00878726
738 0.90499 0.0468551 0.00843134
739 0.90499 0.0512059 0.0093169
740 0.90499 0.0402247 0.0066804
741 0.90499 0.0448617 0.00828031
742 0.90499 0.0556055 0.010528
743 0.90499 0.052351 0.00979317
744 0.90499 0.0506527 0.00805421
745 0.90499 0.0489616 0.00939074
746 0.90499 0.0570733 0.0110573
747 0.90499 0.0472623 0.00844543
748 0.90499 0.0518305 0.00997114
749 0.90499 0.0552429 0.0096882
750 0.90499 0.0524298 0.00866894
751 0.90499 0.0542418 0.0116172
752 0.90499 0.0439012 0.00902601
753 0.90499 0.0488146 0.0105347
754 0.90499 0.0571576 0.0111919
755 0.90499 0.0526801 0.00827313
756 0.90499 0.0509804 0.0102114
757 0.90499 0.0417813 0.00621665
758 0.90499 0.0513339 0.00836321
759 0.90499 0.0635228 0.0128955
760 0.90499 0.0455778 0.00838056
761 0.90499 0.0527312 0.00925889
762 0.90499 0.0625952 0.0113606
763 0.90499 0.0468261 0.0082908
764 0.90499 0.0479142 0.00838572
765 0.90499 0.0506577 0.00687437
766 0.90499 0.0470416 0.0070729
767 0.90499 0.0544232 0.00911033
768 0.90499 0.0617225 0.0100419
769 0.90499 0.0476972 0.00815641
770 0.90499 0.0522744 0.00791896
771 0.90499 0.04817 0.00696999
772 0.90499 0.0534097 0.0081337
773 0.90499 0.0518073 0.00819692
774 0.90499 0.043589 0.00608751
775 0.90499 0.0512425 0.00849392
776 0.90499 0.0419736 0.00830282
777 0.90499 0.0433941 0.00795063
778 0.90499 0.045608 0.00588155
779 0.90499 0.0507036 0.00759462
780 0.90499 0.04989 0.00775245
781 0.90499 0.0467217 0.00689871
782 0.90499 0.0554842 0.0111124
783 0.90499 0.0611202 0.0115257
784 0.90499 0.0543771 0.00973019
785 0.90499 0.0450641 0.00742144
786 0.90499 0.0569245 0.0114875
787 0.90499 0.058036 0.0107035
788 0.90499 0.0461766 0.00834543
789 0.90499 0.0628065 0.0117073
790 0.90499 0.0592452 0.00926917
791 0.90499 0.0392484 0.00592814
792 0.90499 0.050594 0.0081233
793 0.90499 0.0435257 0.00756697
794 0.90499 0.0489641 0.0073295
795 0.90499 0.049412 0.00813603
796 0.90499 0.0414072 0.00737325
797 0.90499 0.0521858 0.00906032
798 0.90499 0.0525622 0.00929907
799 0.90499 0.0559831 0.010275
800 0.90499 0.0571911 0.00998929
801 0.90499 0.0450772 0.00685779
802 0.90499 0.0445554 0.00762276
803 0.90499 0.048233 0.00740773
804 0.90499 0.0505586 0.0084013
805 0.90499 0.0556563 0.0101596
806 0.90499 0.057994 0.0110788
807 0.90499 0.0584808 0.0104913
808 0.90499 0.0519228 0.00926885
809 0.90499 0.0520438 0.0102922
810 0.90499 0.0396602 0.00645206
811 0.90499 0.0557924 0.00815174
812 0.90499 0.043673 0.00857196
813 0.90499 0.0523815 0.00971237
814 0.90499 0.0579461 0.0111426
815 0.90499 0.0605689 0.0122346
816 0.90499 0.0440171 0.00682047
817 0.90499 0.0532973 0.00840166
818 0.90499 0.0363975 0.00590933
819 0.90499 0.0437738 0.00685356
820 0.90499 0.0562101 0.0103858
821 0.90499 0.0484934 0.00734028
822 0.90499 0.0444783 0.00628762
823 0.90499 0.0435689 0.0066956
824 0.90499 0.0449105 0.00695054
825 0.90499 0.0590203 0.0096248
826 0.90499 0.0519735 0.00712836
827 0.90499 0.0398349 0.0060042
828 0.90499 0.0447513 0.00759926
829 0.90499 0.0483076 0.00896623
830 0.90499 0.0433201 0.00646823
831 0.90499 0.041432 0.00548238
832 0.90499 0.0485167 0.00774749
833 0.90499 0.0562407 0.00950237
834 0.90499 0.0434327 0.00607502
835 0.90499 0.0556368 0.0105675
836 0.90499 0.0498458 0.00913689
837 0.90499 0.0547081 0.0110452
838 0.90499 0.0486426 0.00964921
839 0.90499 0.0559045 0.00913145
840 0.90499 0.0556194 0.00928433
841 0.90499 0.0492292 0.00856994
842 0.90499 0.0659853 0.0126421
843 0.90499 0.0531396 0.00984862
844 0.90499 0.0524691 0.00870625
845 0.90499 0.0553494 0.00948903
846 0.90499 0.04936 0.00759225
847 0.90499 0.0581936 0.0105552
848 0.90499 0.049885 0.00771587
849 0.90499 0.0646283 0.0113174
850 0.90499 0.0490675 0.00910197
851 0.90499 0.0653207 0.0129417
852 0.90499 0.0591179 0.0131119
853 0.90499 0.0689312 0.0153624
854 0.90499 0.0547188 0.0100272
855 0.90499 0.0636428 0.012142
856 0.90499 0.0562646 0.0102036
857 0.90499 0.0591005 0.00961002
858 0.90499 0.0485183 0.00844477
859 0.90499 0.0558576 0.00902981
860 0.90499 0.052642 0.00824036
861 0.90499 0.0589946 0.0102884
862 0.90499 0.0470505 0.00605318
863 0.90499 0.0513701 0.00693223
864 0.90499 0.047021 0.00684487
865 0.90499 0.0536087 0.00729978
866 0.90499 0.0453279 0.00572477
867 0.90499 0.0503695 0.00619958
868 0.90499 0.0509131 0.00740698
869 0.90499 0.0496953 0.00653767
870 0.90499 0.0396479 0.00540309
871 0.90499 0.043004 0.00702558
872 0.90499 0.0468585 0.0072276
873 0.90499 0.0545478 0.00896457
874 0.90499 0.0538793 0.0106679
875 0.90499 0.0506308 0.00849943
876 0.90499 0.0590829 0.0115843
877 0.90499 0.0489043 0.00929254
878 0.90499 0.048355 0.00821408
879 0.90499 0.058195 0.0109852
880 0.90499 0.0466103 0.00772594
881 0.90499 0.0454848 0.00686149
882 0.90499 0.0474345 0.00717029
883 0.90499 0.0508611 0.00768216
884 0.90499 0.0515874 0.00776741
885 0.90499 0.0523369 0.00888955
886 0.90499 0.0488271 0.00651441
887 0.90499 0.0584959 0.00874808
888 0.90499 0.0603809 0.0100546
889 0.90499 0.0498296 0.00814939
890 0.90499 0.0464026 0.00740607
891 0.90499 0.0625169 0.012526
892 0.90499 0.0460707 0.00812714
893 0.90499 0.0512595 0.00911459
894 0.90499 0.058157 0.0106712
895 0.90499 0.0473029 0.0088424
896 0.90499 0.0555638 0.010271
897 0.90499 0.0621575 0.0117602
898 0.90499 0.0464985 0.00835474
899 0.90499 0.0520912 0.0103119
900 0.90499 0.0539666 0.0115438
901 0.90499 0.0586731 0.0113135
902 0.90499 0.0501567 0.0086153
903 0.90499 0.0586207 0.00974521
904 0.90499 0.0528108 0.00950435
905 0.90499 0.0635337 0.0109774
906 0.90499 0.0619997 0.0109316
907 0.90499 0.0560004 0.00976831
908 0.90499 0.0595314 0.012723
909 0.90499 0.0487108 0.00870499
910 0.90499 0.0515389 0.0091545
911 0.90499 0.0631628 0.0123473
912 0.90499 0.0475709 0.00764945
913 0.90499 0.0567167 0.010105
914 0.90499 0.0419603 0.00760158
915 0.90499 0.0485211 0.0070165
916 0.90499 0.0504462 0.00842971
917 0.90499 0.0570212 0.00853232
918 0.90499 0.0531643 0.00763432
919 0.90499 0.0504852 0.00795577
920 0.90499 0.0416302 0.00713682
921 0.90499 0.0545136 0.00951505
922 0.90499 0.0405712 0.00570163
923 0.90499 0.0577168 0.0104668
924 0.90499 0.0545757 0.0110702
925 0.90499 0.0590344 0.01137
926 0.90499 0.0616326 0.0110654
927 0.90499 0.0628527 0.0128525
928 0.90499 0.0587992 0.0111406
929 0.90499 0.045651 0.00739469
930 0.90499 0.046781 0.00751647
931 0.90499 0.0499624 0.00763308
932 0.90499 0.0497358 0.00721257
933 0.90499 0.0492848 0.00950743
934 0.90499 0.0507331 0.00718359
935 0.90499 0.0459267 0.00738753
936 0.90499 0.0528895 0.0103898
937 0.90499 0.0448972 0.00673971
938 0.90499 0.0463986 0.00860014
939 0.90499 0.0463568 0.00709739
940 0.90499 0.0732655 0.0132782
941 0.90499 0.0618996 0.0116837
942 0.90499 0.0608302 0.0108126
943 0.90499 0.0506905 0.00831302
944 0.90499 0.0573242 0.00897707
945 0.90499 0.0536212 0.0103287
946 0.90499 0.0514317 0.00955916
947 0.90499 0.0564436 0.0118525
948 0.90499 0.0382011 0.00580916
949 0.90499 0.0500828 0.00861005
950 0.90499 0.0492261 0.0101514
951 0.90499 0.0442704 0.00782073
952 0.90499 0.0343966 0.0058188
953 0.90499 0.0538393 0.00975794
954 0.90499 0.0384749 0.00588093
955 0.90499 0.0355359 0.00427718
956 0.90499 0.0455819 0.00785066
957 0.90499 0.0508154 0.00873999
958 0.90499 0.0671287 0.011695
959 0.90499 0.0435111 0.00694581
960 0.90499 0.0545646 0.0102189
961 0.90499 0.0592203 0.0117308
962 0.90499 0.0577887 0.0108252
963 0.90499 0.0511799 0.011139
964 0.90499 0.0423588 0.00805644
965 0.90499 0.0498578 0.00914899
966 0.90499 0.0456027 0.00701583
967 0.90499 0.0458504 0.00820592
968 0.90499 0.0524859 0.0090184
969 0.90499 0.0538826 0.0123118
970 0.90499 0.0541256 0.0116978
971 0.90499 0.0494268 0.00993961
972 0.90499 0.0440606 0.00774856
973 0.90499 0.0471454 0.00912582
974 0.90499 0.0530708 0.00961154
975 0.90499 0.0559601 0.0100641
976 0.90499 0.0497259 0.00665212
977 0.90499 0.0452395 0.00887338
978 0.90499 0.053116 0.00947014
979 0.90499 0.052108 0.0116202
980 0.90499 0.0519155 0.00949392
981 0.90499 0.0613966 0.0123095
982 0.90499 0.0562563 0.0107298
983 0.90499 0.0521864 0.0113292
984 0.90499 0.0419162 0.00840768
985 0.90499 0.0566099 0.0114777
986 0.90499 0.0574366 0.0124254
987 0.90499 0.0498381 0.0101623
988 0.90499 0.0599268 0.0121454
989 0.90499 0.0585732 0.0112803
990 0.90499 0.0571788 0.0106768
991 0.90499 0.0428897 0.00705876
992 0.90499 0.0529886 0.0101693
993 0.90499 0.06183 0.0122818
994 0.90499 0.0608612 0.0132087
995 0.90499 0.0609165 0.0112035
996 0.90499 0.0418421 0.00613613
997 0.90499 0.0632248 0.0132659
998 0.90499 0.067776 0.0154601
999 0.90499 0.0554975 0.0123487
1000 0.90499 0.0578818 0.0126943
1000 0.4762 0.0602707 0.0128352
1000 0.50794 0.0579998 0.0134062
1000 0.57556 0.0633749 0.0152296
1000 0.4762 0.0658327 0.0155037
1000 0.4762 0.0641981 0.0136843
1000 0.4762 0.0512286 0.0109297
1000 0.58731 0.0520469 0.0126886
1000 0.51794 0.0611462 0.0122026
1000 0.4762 0.0590396 0.0127529
1000 0.4762 0.0536246 0.0111829
