0 0.35921 0.0424122 0.00405236
1 0.69842 0.0238853 0.004103
2 0.69842 0.0178589 0.00160757
3 0.69842 0.0521221 0.0070765
4 0.69842 0.0382938 0.00544405
5 0.69842 0.0272272 0.00270803
6 0.69842 0.0264101 0.00337946
7 0.69842 0.028279 0.00267825
8 0.69842 0.0363859 0.00545991
9 0.69842 0.0284337 0.00315675
10 0.69842 0.0377127 0.00571591
11 0.69842 0.0477622 0.00850604
12 0.69842 0.0368238 0.00536177
13 0.69842 0.0427979 0.00692945
14 0.69842 0.0370669 0.00631413
15 0.69842 0.0521246 0.00834515
16 0.69842 0.0443303 0.00636711
17 0.69842 0.0502004 0.00818016
18 0.69842 0.0410459 0.00542766
19 0.69842 0.0444593 0.00680284
20 0.69842 0.0413471 0.00631008
21 0.69842 0.0444589 0.00805953
22 0.69842 0.0455571 0.00809762
23 0.69842 0.042248 0.00851374
24 0.69842 0.0499782 0.00857634
25 0.69842 0.0463393 0.00790955
26 0.69842 0.0498733 0.00923781
27 0.69842 0.0533921 0.00910226
28 0.69842 0.0530592 0.00996458
29 0.69842 0.0513319 0.00944037
30 0.69842 0.0409267 0.0062793
31 0.69842 0.0551595 0.0111425
32 0.69842 0.0459793 0.00782996
33 0.69842 0.0534328 0.00845581
34 0.69842 0.0516748 0.00838884
35 0.69842 0.0480813 0.00819891
36 0.69842 0.0495217 0.00789504
37 0.69842 0.0577138 0.0103905
38 0.69842 0.0478163 0.00872713
39 0.69842 0.037677 0.00508023
40 0.69842 0.0462881 0.00802642
41 0.69842 0.0428567 0.00662826
42 0.69842 0.0545086 0.00883617
43 0.69842 0.0443944 0.00615535
44 0.69842 0.0514415 0.0091028
45 0.69842 0.0511342 0.00851839
46 0.69842 0.0532481 0.0106246
47 0.69842 0.0512975 0.00656283
48 0.69842 0.0484933 0.00749942
49 0.69842 0.0405205 0.00697507
50 0.69842 0.0519315 0.00855308
51 0.69842 0.046627 0.00540762
52 0.69842 0.0467905 0.00678564
53 0.69842 0.0435666 0.005888
54 0.69842 0.0427363 0.00615901
55 0.69842 0.0551752 0.00763852
56 0.69842 0.0445768 0.00543563
57 0.69842 0.0493988 0.00852361
58 0.69842 0.0456331 0.00845412
59 0.69842 0.0454668 0.00672215
60 0.69842 0.0473211 0.00815312
61 0.69842 0.040997 0.00534175
62 0.69842 0.0449336 0.00791758
63 0.69842 0.0419218 0.00633503
64 0.69842 0.0471921 0.00620192
65 0.69842 0.0408935 0.00501486
66 0.69842 0.0491654 0.00633691
67 0.69842 0.0385842 0.00456986
68 0.69842 0.0493973 0.00761325
69 0.69842 0.0539633 0.00805297
70 0.69842 0.048648 0.00736249
71 0.69842 0.0597147 0.00938941
72 0.69842 0.0392372 0.00575667
73 0.69842 0.0485667 0.00741876
74 0.69842 0.0562064 0.00863479
75 0.69842 0.0490045 0.0079831
76 0.69842 0.0438699 0.00541668
77 0.69842 0.0478286 0.00822524
78 0.69842 0.0548708 0.00847432
79 0.69842 0.0410413 0.00626549
80 0.69842 0.0473556 0.008131
81 0.69842 0.0550588 0.00985789
82 0.69842 0.0548862 0.00941427
83 0.69842 0.0487474 0.00814388
84 0.69842 0.0496588 0.0080772
85 0.69842 0.0493715 0.00741332
86 0.69842 0.0589137 0.00935461
87 0.69842 0.0559448 0.0091762
88 0.69842 0.0500125 0.00757081
89 0.69842 0.0559799 0.00788687
90 0.69842 0.0508562 0.00738809
91 0.69842 0.043717 0.00700409
92 0.69842 0.0496732 0.00703056
93 0.69842 0.0445071 0.00718772
94 0.69842 0.0447643 0.00631542
95 0.69842 0.0461681 0.00721341
96 0.69842 0.0630305 0.00998827
97 0.69842 0.0460963 0.00739006
98 0.69842 0.0482239 0.00809224
99 0.69842 0.0460812 0.00635542
100 0.69842 0.0471102 0.00734029
101 0.69842 0.0479084 0.00671276
102 0.69842 0.043574 0.00599314
103 0.69842 0.0393866 0.00466228
104 0.69842 0.0431921 0.00692878
105 0.69842 0.0487527 0.00743323
106 0.69842 0.0577158 0.00880127
107 0.69842 0.0501657 0.00797574
108 0.69842 0.0552017 0.00882601
109 0.69842 0.0441706 0.00672582
110 0.69842 0.0610122 0.00989389
111 0.69842 0.0484394 0.00789328
112 0.69842 0.0496049 0.00724848
113 0.69842 0.0526034 0.00772327
114 0.69842 0.0455468 0.00619985
115 0.69842 0.0393686 0.00578291
116 0.69842 0.04885 0.00783902
117 0.69842 0.0488007 0.00692639
118 0.69842 0.0669696 0.00931475
119 0.69842 0.060077 0.0097147
120 0.69842 0.0559898 0.0106321
121 0.69842 0.0622535 0.0107044
122 0.69842 0.0573162 0.00969146
123 0.69842 0.0528086 0.00997378
124 0.69842 0.0780178 0.0131011
125 0.69842 0.0713079 0.0117784
126 0.69842 0.0688566 0.0126437
127 0.69842 0.0657325 0.0125521
128 0.69842 0.0732175 0.0128578
129 0.69842 0.0588774 0.011391
130 0.69842 0.0576255 0.0111634
131 0.69842 0.0599529 0.0117955
132 0.69842 0.0632302 0.0111286
133 0.69842 0.0703216 0.0140026
134 0.69842 0.0546263 0.00991988
135 0.69842 0.0583768 0.0109572
136 0.69842 0.0590426 0.00880942
137 0.69842 0.0486737 0.00840027
138 0.69842 0.0553818 0.0108694
139 0.69842 0.0628497 0.0111649
140 0.69842 0.0682682 0.0126974
141 0.69842 0.0611522 0.0100109
142 0.69842 0.0533846 0.00832053
143 0.69842 0.0624177 0.0105617
144 0.69842 0.0639409 0.0101856
145 0.69842 0.0640727 0.0127401
146 0.69842 0.0550518 0.00934271
147 0.69842 0.0600949 0.0125878
148 0.69842 0.0619864 0.012769
149 0.69842 0.054793 0.00937744
150 0.69842 0.0712236 0.0163128
151 0.69842 0.0732488 0.0134044
152 0.71918 0.0608729 0.0127952
153 0.71918 0.0685521 0.0124486
154 0.71918 0.062681 0.0103256
155 0.71918 0.0610311 0.012327
156 0.71918 0.0628083 0.011
157 0.71918 0.0581919 0.0113025
158 0.71918 0.0552871 0.00978153
159 0.79191 0.06519 0.0144904
160 0.79191 0.0707331 0.0152018
161 0.79191 0.0560779 0.0109408
162 0.79191 0.0602977 0.010695
163 0.79191 0.0679547 0.012074
164 0.79191 0.0553641 0.0106602
165 0.79191 0.0658997 0.0135829
166 0.79191 0.0512527 0.0092588
167 0.90889 0.0572465 0.0126093
168 0.90889 0.0632146 0.0123027
169 0.90889 0.0617886 0.0106508
170 0.90889 0.0432632 0.00846973
171 0.90889 0.0731081 0.0161922
172 0.90889 0.0568479 0.0110477
173 0.90889 0.0687753 0.0131796
174 0.90889 0.0477901 0.0087432
175 0.90889 0.0606868 0.010025
176 0.90889 0.0626556 0.0113633
177 0.90889 0.0713722 0.0119539
178 0.90889 0.0471106 0.00765129
179 0.90889 0.0521556 0.00784542
180 0.90889 0.0607557 0.00959551
181 0.90889 0.0565277 0.0096553
182 0.90889 0.0544784 0.00859567
183 0.90889 0.0596511 0.0111008
184 0.90889 0.0562368 0.00806363
185 0.90889 0.0546296 0.00939185
186 0.90889 0.0600105 0.0113536
187 1.01 0.0503012 0.0119322
187 0.4762 0.0522495 0.00999264
188 0.6471 0.0588621 0.0133863
189 1 0.0619714 0.015659
189 1 0.0598402 0.0156036
189 0.41964 0.0473801 0.00810872
190 0.4762 0.0558976 0.00906324
191 0.4762 0.0649691 0.0120653
192 0.4762 0.056542 0.00914055
193 0.54674 0.0458449 0.00750075
194 0.54674 0.0569279 0.0115548
195 0.54674 0.0648808 0.0131309
196 0.54674 0.0518522 0.0100538
197 0.54674 0.0543513 0.0086926
198 0.54674 0.0550234 0.010845
199 0.54674 0.0669491 0.0127357
200 0.54674 0.0609826 0.0119087
201 0.54674 0.0633896 0.0115818
202 0.54674 0.0782569 0.0164035
203 0.54674 0.060849 0.0116363
204 0.54674 0.0810556 0.0159769
205 0.54674 0.0717283 0.0111086
206 0.54674 0.0631384 0.0134794
207 0.91477 0.070584 0.0158095
208 0.91477 0.0718826 0.0150933
209 0.91477 0.0676567 0.0131648
210 0.91477 0.0613519 0.0115908
211 0.91477 0.0664782 0.012844
212 0.91477 0.0628786 0.0133108
213 0.91477 0.0689091 0.0145284
214 0.91477 0.0719585 0.0158786
215 0.91477 0.070369 0.0140848
216 0.91477 0.0748877 0.0162264
217 0.91477 0.0620406 0.0144143
218 0.91477 0.0548987 0.0109227
219 0.91477 0.0569344 0.0119986
220 0.91477 0.0585099 0.0113684
221 0.91477 0.0760967 0.016004
222 0.91477 0.0620902 0.0116385
223 0.91477 0.0579232 0.0129019
224 0.91477 0.0692664 0.0155206
225 0.91477 0.0643228 0.0125702
226 0.91477 0.0730213 0.0146876
227 0.91477 0.0639407 0.013714
228 0.91477 0.0647613 0.013516
229 0.91477 0.0592137 0.0119896
230 0.91477 0.0625566 0.0142331
231 0.91477 0.0600803 0.0123466
232 0.91477 0.0659139 0.0142479
233 0.91477 0.0638777 0.0147958
234 0.91477 0.0548359 0.0110661
235 0.91477 0.0674756 0.0156143
236 0.91477 0.0734111 0.014994
237 0.91477 0.066678 0.0124524
238 0.91477 0.055761 0.0126856
239 0.91477 0.0628392 0.0135621
240 0.91477 0.0811787 0.0179503
241 0.91477 0.0690522 0.0135432
242 0.91477 0.0641374 0.0146511
243 0.91477 0.0582052 0.0128113
244 0.91477 0.0659591 0.0131409
245 0.91477 0.0544282 0.00998507
246 0.91477 0.0616958 0.0125333
247 0.91477 0.0705454 0.0142205
248 0.91477 0.0597924 0.0125912
249 0.91477 0.0663061 0.0121042
250 0.91477 0.0598448 0.013176
251 0.91477 0.058512 0.0120108
252 0.91477 0.0556259 0.0115544
253 0.91477 0.0643593 0.0107971
254 0.91477 0.0603788 0.0120084
255 0.91477 0.0532468 0.0094517
256 0.91477 0.0692347 0.0131587
257 0.91477 0.057366 0.00957569
258 0.91477 0.0616223 0.01204
259 0.91477 0.0584768 0.0106979
260 0.91477 0.072004 0.0159969
261 0.91477 0.0595338 0.0127034
262 0.91477 0.0587375 0.010254
263 0.91477 0.0581635 0.0132493
264 1 0.0808815 0.0200572
264 0.4762 0.0640309 0.0116159
265 0.92064 0.0764629 0.0193075
266 0.92064 0.0635754 0.0115393
267 1 0.0779648 0.0180352
267 0.49207 0.076343 0.0168595
268 0.49207 0.0560708 0.0115422
269 0.58143 0.0649165 0.011786
270 0.58143 0.064273 0.0133519
271 1.01 0.0761065 0.0187489
271 0.4762 0.0516428 0.0101172
272 0.52539 0.0667278 0.0129699
273 0.52539 0.065133 0.0133058
274 0.52539 0.063344 0.0125894
275 0.52539 0.0709401 0.0141924
276 0.52539 0.0698557 0.0143894
277 0.52539 0.067544 0.0130567
278 0.52539 0.0662772 0.0135278
279 0.52539 0.0768591 0.0139798
280 0.52539 0.0636732 0.0116276
281 0.52539 0.0696266 0.0112914
282 0.58143 0.0764868 0.0168465
283 0.58143 0.069285 0.0142362
284 0.58143 0.074202 0.0155886
285 0.58143 0.0747797 0.015264
286 0.58143 0.061558 0.0118879
287 0.58143 0.0626848 0.0124338
288 0.58143 0.0689814 0.0144706
289 0.58143 0.0756183 0.0154982
290 0.58143 0.0616342 0.0117055
291 0.58143 0.0732602 0.0146954
292 0.58143 0.0616868 0.0129298
293 0.58143 0.0613409 0.0118416
294 0.58143 0.0592319 0.0106532
295 0.58143 0.0569274 0.0116192
296 0.58143 0.0776174 0.0151189
297 0.58143 0.0641138 0.0122586
298 0.58143 0.0692392 0.0147233
299 0.58143 0.0735507 0.0138587
300 0.58143 0.0640031 0.0159458
301 0.58143 0.066112 0.0151073
302 0.58143 0.0655111 0.0143097
303 0.58143 0.0651945 0.0139569
304 0.58143 0.0858911 0.0202534
305 0.58143 0.0535627 0.0105597
306 0.58143 0.0671597 0.0144279
307 0.58143 0.0606579 0.0132562
308 0.58143 0.0541247 0.0113328
309 0.58143 0.0572392 0.010992
310 0.58143 0.0699269 0.013698
311 0.58143 0.0667951 0.0154612
312 0.58143 0.0785591 0.0150586
313 0.58143 0.0616772 0.0111577
314 0.58143 0.0530278 0.0111525
315 0.58143 0.0690161 0.0141479
316 0.58143 0.0568045 0.0123524
317 0.58143 0.0603096 0.0102396
318 0.58143 0.0634546 0.0134725
319 0.58143 0.0731147 0.0167873
320 0.58143 0.0570325 0.0114537
321 0.58143 0.0586535 0.00993905
322 0.58143 0.0661442 0.012983
323 0.58143 0.0572643 0.00996829
324 0.58143 0.0720273 0.0126811
325 0.58143 0.0609757 0.0120264
326 0.58143 0.0465948 0.00874933
327 0.58143 0.052714 0.00776981
328 0.58143 0.059998 0.0115409
329 0.58143 0.0562489 0.0105929
330 0.69254 0.0629251 0.0124432
331 0.69254 0.0547659 0.0108937
332 0.69254 0.0534538 0.00945649
333 0.69254 0.0593972 0.0108899
334 0.69254 0.054405 0.0102545
335 0.69254 0.0509406 0.00854301
336 0.69254 0.0535547 0.0095764
337 0.69254 0.051858 0.00876937
338 0.69254 0.0637119 0.0114058
339 0.69254 0.0685364 0.0115499
340 0.69254 0.0607083 0.0112358
341 0.69254 0.0419902 0.0067547
342 0.69254 0.0661275 0.0128502
343 0.69254 0.0503495 0.00870838
344 0.69254 0.056273 0.00933032
345 0.69254 0.0596148 0.0108794
346 0.69254 0.0573652 0.00995273
347 0.69254 0.0550829 0.00986537
348 0.69254 0.0586505 0.0110761
349 0.69254 0.0561252 0.0127853
350 0.69254 0.0576751 0.010046
351 0.69254 0.0614941 0.0126692
352 0.69254 0.0667943 0.0108109
353 0.69254 0.0559616 0.0104683
354 0.69254 0.0655024 0.0137256
355 0.69254 0.057607 0.010286
356 0.69254 0.06476 0.0135655
357 0.69254 0.0571653 0.0112836
358 0.69254 0.0594197 0.010329
359 0.69254 0.0616554 0.0116609
360 0.69254 0.0677162 0.0124648
361 0.69254 0.0538181 0.00834975
362 0.69254 0.0633237 0.0105287
363 0.69254 0.0586957 0.00970665
364 0.69254 0.0415583 0.00616721
365 0.69254 0.0474295 0.00875957
366 0.69254 0.0534918 0.00976675
367 0.69254 0.057623 0.011685
368 0.69254 0.0577397 0.00892846
369 0.69254 0.0591712 0.0106093
370 0.69254 0.0624815 0.0127593
371 0.69254 0.0597284 0.0116348
372 0.69254 0.0632225 0.0106129
373 0.69254 0.0567102 0.0102352
374 0.69254 0.0713631 0.0119229
375 0.69254 0.0606266 0.0106052
376 0.69254 0.0598218 0.0115518
377 0.69254 0.0632138 0.0126663
378 0.69254 0.0597592 0.0102996
379 0.69254 0.0568932 0.0113537
380 0.69254 0.0636744 0.0132261
381 0.69254 0.0646916 0.0133687
382 0.69254 0.0441114 0.00770347
383 0.69254 0.0601744 0.0121601
384 0.69254 0.0581678 0.0100602
385 0.69254 0.0644082 0.012387
386 0.69254 0.054126 0.0134319
387 0.69254 0.0464189 0.00910325
388 0.69254 0.0656592 0.0146751
389 0.69254 0.0616233 0.0135547
390 0.69254 0.0555827 0.0111442
391 0.69254 0.0368771 0.00648407
392 0.69254 0.052237 0.00922017
393 0.69254 0.0564266 0.0101735
394 0.69254 0.0543785 0.0103211
395 0.69254 0.0602589 0.00939308
396 0.69254 0.0450927 0.00842847
397 0.69254 0.0493152 0.00803571
398 0.69254 0.0476968 0.00773726
399 0.69254 0.0632761 0.0126337
400 0.69254 0.0708677 0.0119934
401 0.69254 0.0570208 0.0102717
402 0.69254 0.0613482 0.0123105
403 0.69254 0.0622366 0.0101951
404 0.69254 0.0688363 0.0150256
405 0.69254 0.0611332 0.0133723
406 0.69254 0.0634822 0.0118221
407 0.69254 0.0724633 0.0143199
408 0.69254 0.0704308 0.0138701
409 0.69254 0.0621604 0.0123517
410 0.69254 0.0616333 0.0110121
411 0.69254 0.0535867 0.00851662
412 0.69254 0.0711055 0.013235
413 0.69254 0.0592895 0.0126246
414 0.69254 0.0628099 0.0126154
415 0.69254 0.0482119 0.010255
416 0.69254 0.0547729 0.0111561
417 0.69254 0.0609844 0.0119709
418 0.69254 0.0611912 0.0127138
419 0.69254 0.0584868 0.0107021
420 0.69254 0.059798 0.0114209
421 0.69254 0.0611892 0.0105207
422 0.69254 0.05653 0.0115958
423 0.69254 0.0616229 0.0130455
424 0.69254 0.0675267 0.0132654
425 0.69254 0.0556322 0.00967556
426 0.69254 0.0512318 0.00920929
427 0.69254 0.0506525 0.00993422
428 0.69254 0.0567324 0.0119561
429 0.69254 0.0513694 0.00957258
430 0.69254 0.0577557 0.0116619
431 0.69254 0.0534984 0.00959916
432 0.69254 0.062993 0.0130644
433 0.69254 0.0605301 0.0105712
434 0.69254 0.0398844 0.00802181
435 0.69254 0.0450118 0.00656084
436 0.69254 0.0534833 0.00820284
437 0.69254 0.0595695 0.00995058
438 0.69254 0.0587203 0.0101536
439 0.69254 0.0537869 0.00944198
440 0.69254 0.0458691 0.00862498
441 0.69254 0.0651583 0.0131484
442 0.69254 0.0639104 0.0120903
443 0.69254 0.0526964 0.010133
444 0.69254 0.0510372 0.00863298
445 0.69254 0.0539415 0.0118499
446 0.69254 0.0480383 0.00811962
447 0.69254 0.0565298 0.0105751
448 0.69254 0.051483 0.0102907
449 0.69254 0.0509989 0.0107337
450 0.69254 0.0502098 0.00798529
451 0.69254 0.0473588 0.00759608
452 0.69254 0.0466599 0.00704842
453 0.69254 0.0461973 0.00800513
454 0.69254 0.0454839 0.00757879
455 0.69254 0.0450231 0.00742965
456 0.69254 0.0538001 0.00980857
457 0.69254 0.0570861 0.0113067
458 0.69254 0.0592613 0.0116689
459 0.69254 0.0601703 0.0146737
460 0.69254 0.055614 0.0107906
461 0.69254 0.0573299 0.011392
462 0.69254 0.0634808 0.0128612
463 0.69254 0.0706107 0.0165842
464 0.69254 0.0471988 0.00864036
465 0.69254 0.0661846 0.0137656
466 0.69254 0.0465851 0.0091589
467 0.69254 0.0546655 0.011512
468 0.69254 0.058821 0.0125512
469 0.69254 0.0567437 0.0123565
470 0.69254 0.0596677 0.0127001
471 0.69254 0.049943 0.00904489
472 0.69254 0.0617366 0.0124361
473 0.69254 0.0593465 0.012992
474 0.69254 0.0663961 0.0146358
475 0.69254 0.0725357 0.0165413
476 0.69254 0.0590914 0.0130282
477 0.69254 0.0536663 0.0100463
478 0.69254 0.0678492 0.0129397
479 0.69254 0.0630457 0.0144697
480 0.69254 0.0517557 0.00997913
481 0.69254 0.0618907 0.0142343
482 0.69254 0.068019 0.0139901
483 0.69254 0.0637067 0.0137543
484 0.69254 0.0581673 0.0123395
485 0.69254 0.0665734 0.0158966
486 0.69254 0.0577793 0.0116133
487 0.69254 0.0620156 0.0104607
488 0.69254 0.0662655 0.0136091
489 0.69254 0.0619775 0.0131841
490 0.69254 0.0583346 0.010495
491 0.69254 0.0521128 0.0114622
492 0.69254 0.0556174 0.0120352
493 0.69254 0.0655536 0.016635
494 0.69254 0.0541213 0.0129252
495 0.69254 0.064694 0.0155267
496 0.69254 0.0574631 0.0121209
497 0.69254 0.0565465 0.0104106
498 0.69254 0.0558981 0.0117963
499 0.69254 0.0603435 0.0114841
500 0.69254 0.0634538 0.0134861
501 0.69254 0.0753487 0.0164286
502 0.69254 0.0617654 0.0132074
503 0.69254 0.053415 0.0108007
504 0.69254 0.0668924 0.0145632
505 0.69254 0.0561563 0.0114663
506 0.69254 0.0664407 0.0129869
507 0.69254 0.0586257 0.0140437
508 0.69254 0.0570692 0.0100356
509 0.69254 0.0565873 0.0111766
510 0.69254 0.0597069 0.011437
511 0.69254 0.0552357 0.0107017
512 0.69254 0.0570676 0.0107991
513 0.69254 0.0648975 0.0113059
514 0.69254 0.0489027 0.00820908
515 0.69254 0.0573856 0.0102359
516 0.69254 0.064364 0.0146562
517 0.69254 0.0521091 0.0107827
518 0.69254 0.051542 0.0099949
519 0.69254 0.058426 0.0109148
520 0.69254 0.0613448 0.0127781
521 0.69254 0.065957 0.0122827
522 0.69254 0.044035 0.0073855
523 0.69254 0.0544447 0.0103008
524 0.69254 0.0571304 0.00846545
525 0.69254 0.0633513 0.012311
526 0.69254 0.062397 0.0114884
527 0.69254 0.0489927 0.00736527
528 0.69254 0.0597334 0.0106093
529 0.69254 0.0600113 0.00967755
530 0.69254 0.0675021 0.0128261
531 0.69254 0.05653 0.0107204
532 0.69254 0.0639601 0.0111984
533 0.69254 0.0527818 0.00820486
534 0.69254 0.0523803 0.00928024
535 0.69254 0.0550888 0.0118446
536 0.69254 0.0458379 0.00860903
537 0.69254 0.0509753 0.0113935
538 0.69254 0.0615804 0.0111557
539 0.69254 0.0649232 0.0123809
540 0.69254 0.0580763 0.0123183
541 0.69254 0.0665709 0.0116727
542 0.69254 0.0617966 0.0123611
543 0.69254 0.0488134 0.00790736
544 0.69254 0.0580369 0.0117656
545 0.69254 0.0622752 0.0131083
546 0.69254 0.0594884 0.0097823
547 0.69254 0.0559995 0.00951833
548 0.69254 0.0604143 0.0100398
549 0.69254 0.0560159 0.0119276
550 0.69254 0.069362 0.0138534
551 0.69254 0.0669783 0.0113367
552 0.69254 0.0646242 0.0117568
553 0.69254 0.0519707 0.00889639
554 0.69254 0.0542612 0.00896581
555 0.69254 0.0593504 0.0132167
556 0.69254 0.0667817 0.0143646
557 0.69254 0.0549715 0.0112037
558 0.69254 0.0641712 0.0132576
559 0.69254 0.0651966 0.0132499
560 0.69254 0.0673327 0.0143728
561 0.69254 0.0588842 0.0109336
562 0.69254 0.0535025 0.00970034
563 0.69254 0.0540044 0.00942395
564 0.69254 0.0596729 0.0114454
565 0.69254 0.0694165 0.0125564
566 0.69254 0.0667057 0.0131438
567 0.69254 0.062711 0.0134492
568 0.69254 0.0605232 0.0131424
569 0.69254 0.0681484 0.0129384
570 0.69254 0.0599826 0.0120908
571 0.69254 0.0681323 0.0142876
572 0.69254 0.0638162 0.0109305
573 0.69254 0.0599727 0.0115993
574 0.69254 0.0536291 0.00938961
575 0.69254 0.0689967 0.0143558
576 0.69254 0.0505357 0.0101941
577 0.69254 0.0567037 0.00926376
578 0.69254 0.0541875 0.0109909
579 0.69254 0.0650716 0.0104091
580 0.69254 0.0556997 0.0111671
581 0.69254 0.0627157 0.0119208
582 0.69254 0.0649695 0.011935
583 0.69254 0.0604304 0.0126754
584 0.69254 0.0635721 0.0107916
585 0.69254 0.0569899 0.00922014
586 0.69254 0.0536145 0.00880193
587 0.69254 0.0624147 0.0107209
588 0.69254 0.0492016 0.00883624
589 0.69254 0.0652878 0.0111446
590 0.69254 0.048391 0.00700967
591 0.69254 0.0405507 0.00684802
592 0.69254 0.0635369 0.0118587
593 0.69254 0.0490202 0.0100607
594 0.86715 0.0563921 0.0135888
595 0.86715 0.0579909 0.011092
596 0.86715 0.0629594 0.0119246
597 0.86715 0.0622523 0.0117556
598 0.86715 0.0564426 0.0106455
599 0.86715 0.0586004 0.0106242
600 0.86715 0.0593396 0.0110576
601 0.86715 0.0545853 0.010893
602 0.86715 0.0519191 0.0106759
603 0.86715 0.0558624 0.00980267
604 0.86715 0.0572692 0.0107561
605 0.86715 0.0662576 0.0133269
606 0.86715 0.0441533 0.00867135
607 0.86715 0.0644896 0.0122914
608 0.86715 0.0677548 0.014513
609 0.86715 0.0610864 0.013639
610 0.86715 0.0524806 0.010202
611 0.86715 0.0839482 0.018014
612 0.86715 0.076002 0.0161452
613 0.86715 0.0710388 0.013701
614 0.86715 0.0620094 0.0123961
615 0.86715 0.0693737 0.0139848
616 0.86715 0.0531591 0.0102491
617 0.86715 0.0552545 0.0103582
618 0.86715 0.0716386 0.0132463
619 0.86715 0.0651194 0.0137254
620 0.86715 0.0622704 0.0125514
621 0.86715 0.0565212 0.0114822
622 0.86715 0.0643765 0.0124269
623 0.86715 0.0712822 0.0138434
624 0.86715 0.0591603 0.0119752
625 0.86715 0.0595787 0.0109523
626 0.86715 0.0585302 0.0117689
627 0.86715 0.0543163 0.00901631
628 0.86715 0.0684631 0.0124085
629 0.86715 0.0774752 0.0152358
630 0.86715 0.0743886 0.0155707
631 0.86715 0.0650142 0.0138402
632 0.86715 0.0505736 0.00888768
633 0.86715 0.0575417 0.0108701
634 0.86715 0.062722 0.0141652
635 0.86715 0.0765126 0.0174444
636 0.86715 0.0750468 0.0143924
637 0.86715 0.0630488 0.0139389
638 0.86715 0.0609627 0.0121565
639 0.86715 0.0702591 0.0142492
640 0.86715 0.0567955 0.0106096
641 0.86715 0.0644038 0.0123524
642 0.86715 0.0577776 0.0107965
643 0.86715 0.0639355 0.0122723
644 0.86715 0.0598064 0.0125172
645 0.86715 0.0660423 0.0129778
646 0.86715 0.0534153 0.0105924
647 0.86715 0.0621963 0.0117437
648 0.86715 0.0537592 0.0105229
649 1 0.0649454 0.016587
649 0.56824 0.050215 0.0100887
650 0.56824 0.0561684 0.0109319
651 0.56824 0.0637043 0.0118883
652 0.56824 0.0519684 0.00924783
653 0.56824 0.0531056 0.00996914
654 0.56824 0.0701213 0.0152493
655 0.56824 0.0528346 0.00987984
656 0.56824 0.0468243 0.00999589
657 0.56824 0.0668096 0.0127284
658 0.56824 0.0500129 0.00904919
659 0.56824 0.0558524 0.0102833
660 0.56824 0.0584345 0.0114733
661 0.56824 0.0619485 0.0129919
662 1.01 0.0639368 0.0168516
662 0.90302 0.0627314 0.0145467
663 0.90302 0.0586608 0.0120243
664 0.90302 0.0563505 0.0117206
665 0.90302 0.0682361 0.0133857
666 0.90302 0.0573605 0.0104008
667 0.90302 0.0439856 0.0071597
668 0.90302 0.0602911 0.0130147
669 0.90302 0.0539038 0.0107656
670 0.90302 0.050018 0.00854685
671 0.90302 0.0556605 0.0122885
672 0.90302 0.0578908 0.0130647
673 0.90302 0.0583492 0.0116341
674 0.90302 0.0750276 0.013131
675 0.90302 0.0594666 0.01074
676 0.90302 0.0534391 0.0104704
677 0.90302 0.0617504 0.012029
678 0.90302 0.0586095 0.0104728
679 0.90302 0.0534707 0.0112225
680 0.90302 0.0536139 0.0102216
681 0.90302 0.0446002 0.00747231
682 0.90302 0.0478991 0.0073094
683 0.90302 0.0530001 0.00792259
684 0.90302 0.0643261 0.0107408
685 0.90302 0.0596722 0.0110314
686 0.90302 0.0546677 0.0106477
687 0.90302 0.0608246 0.011545
688 0.90302 0.0670746 0.0138589
689 0.90302 0.049613 0.00851638
690 0.90302 0.0559554 0.0108087
691 0.90302 0.0600827 0.0111181
692 0.90302 0.0632341 0.0119819
693 0.90302 0.0461634 0.00913524
694 0.90302 0.0741141 0.0150934
695 0.90302 0.0626322 0.0112571
696 0.90302 0.0761221 0.0165295
697 0.90302 0.0463908 0.00888891
698 0.90302 0.0479721 0.00845221
699 0.90302 0.0538327 0.00907778
700 0.90302 0.0475645 0.00973527
701 0.90302 0.0496156 0.00921303
702 0.90302 0.0543517 0.00981632
703 0.90302 0.0701787 0.0134938
704 0.90302 0.0586109 0.010622
705 0.90302 0.0499882 0.00988211
706 0.90302 0.0513322 0.00906115
707 0.90302 0.0585575 0.0117213
708 0.90302 0.0732815 0.0154371
709 0.90302 0.0608247 0.0110818
710 0.90302 0.0549169 0.010153
711 0.97671 0.070656 0.0163414
712 1 0.0583732 0.0155555
712 0.4762 0.056482 0.0106433
713 0.4762 0.0592903 0.0135935
714 0.4762 0.071542 0.0152701
715 0.4762 0.0547164 0.0108825
716 0.4762 0.0586178 0.0101061
717 0.4762 0.0568983 0.0101518
718 0.4762 0.0468198 0.00830868
719 0.4762 0.0480519 0.0077882
720 0.4762 0.0530654 0.00952828
721 0.4762 0.0510657 0.00887963
722 0.4762 0.0510268 0.010817
723 0.4762 0.049378 0.00934805
724 0.4762 0.0460548 0.00706248
725 0.4762 0.0508145 0.00895391
726 0.4762 0.0625263 0.0121096
727 0.4762 0.0596313 0.00977319
728 0.4762 0.0534331 0.00895336
729 0.4762 0.0507949 0.00864564
730 0.4762 0.0458656 0.0073855
731 0.4762 0.0465479 0.00650566
732 0.4762 0.0425088 0.00714478
733 0.4762 0.0497235 0.00842374
734 0.4762 0.0480805 0.00720356
735 0.4762 0.0440521 0.00682464
736 0.4762 0.0518008 0.00694357
737 0.4762 0.0384469 0.00574532
738 0.4762 0.0498014 0.00794087
739 0.4762 0.0602519 0.00984381
740 0.4762 0.0400403 0.00595307
741 0.4762 0.0533079 0.00816462
742 0.4762 0.0475151 0.00702875
743 0.4762 0.0447695 0.00636669
744 0.4762 0.0461454 0.00699865
745 0.4762 0.0507643 0.00871691
746 0.4762 0.0640171 0.0118496
747 0.48057 0.0595818 0.0114146
748 0.48057 0.0643856 0.0117162
749 0.48057 0.0575834 0.0102155
750 0.48057 0.0491765 0.00814119
751 0.48057 0.0544512 0.0084877
752 0.49207 0.051439 0.0094381
753 0.49207 0.0563406 0.0112307
754 0.49207 0.0671135 0.012465
755 0.49207 0.0537453 0.0095654
756 0.49207 0.0564781 0.0110153
757 0.49207 0.0533054 0.00962242
758 0.49207 0.0503477 0.0099517
759 0.49207 0.0628469 0.0136797
760 0.49207 0.0553653 0.00970896
761 0.49207 0.0636648 0.0120095
762 0.49207 0.0514761 0.00968048
763 0.49207 0.0593515 0.0108632
764 0.49207 0.0636346 0.0119792
765 0.49207 0.0598067 0.012251
766 0.49207 0.0585071 0.00913644
767 0.49207 0.0611538 0.0122049
768 0.49207 0.0587423 0.0122378
769 0.49207 0.0511562 0.0100115
770 0.49207 0.0515936 0.00793031
771 0.49207 0.0524923 0.00786851
772 0.49207 0.0504854 0.0096695
773 0.49207 0.0582041 0.00799778
774 0.49207 0.0511198 0.00868135
775 0.49207 0.0472271 0.00892938
776 0.49207 0.0495182 0.00997035
777 0.49207 0.0500305 0.00973568
778 0.49207 0.0419948 0.00584334
779 0.49207 0.0575768 0.0088652
780 0.49207 0.0522584 0.00780495
781 0.49207 0.052888 0.00775422
782 0.49207 0.0448292 0.00657038
783 0.49207 0.049591 0.00782952
784 0.49207 0.0527518 0.00798457
785 0.49207 0.0476114 0.00805888
786 0.49207 0.0528361 0.00903064
787 0.49207 0.0427759 0.00708727
788 0.49207 0.053099 0.00884545
789 0.49207 0.0440877 0.00773513
790 0.49207 0.0547647 0.00948667
791 0.49207 0.0573429 0.0127257
792 0.49207 0.0528751 0.0095808
793 0.49207 0.0610923 0.00942045
794 0.49207 0.0469831 0.00852283
795 0.49207 0.0584584 0.0112382
796 0.49207 0.053868 0.0106335
797 0.49207 0.0601749 0.0115889
798 0.49207 0.0561078 0.0112602
799 0.49207 0.0648723 0.0146508
800 0.49207 0.0597087 0.0106557
801 0.49207 0.0593431 0.011117
802 0.49207 0.0752882 0.0146696
803 0.53516 0.0650678 0.0117299
804 0.53516 0.0592586 0.0110014
805 0.53516 0.0637273 0.0116533
806 0.53516 0.0599244 0.0134684
807 0.53516 0.0590028 0.0121928
808 0.53516 0.0650239 0.0107673
809 0.53516 0.0687394 0.0122706
810 0.53516 0.0540905 0.0107337
811 0.53516 0.0568797 0.0110853
812 0.53516 0.060789 0.0123474
813 0.53516 0.073672 0.0126532
814 0.53516 0.0719449 0.0165291
815 0.53516 0.0564804 0.0118585
816 0.53516 0.0565769 0.0106639
817 0.53516 0.0588366 0.0135513
818 0.53516 0.0500125 0.0104057
819 0.53516 0.0508485 0.00872633
820 0.53516 0.050253 0.0103632
821 0.53516 0.0689548 0.0148716
822 0.53516 0.0589234 0.0109363
823 0.53516 0.0537918 0.00995098
824 0.53516 0.0586509 0.0124631
825 0.53516 0.0546991 0.0102115
826 0.53516 0.0628363 0.0118185
827 0.53516 0.0512673 0.00689519
828 0.53516 0.0503115 0.00819218
829 0.53516 0.0452221 0.00715711
830 0.53516 0.0591577 0.012319
831 0.53516 0.0611355 0.0119834
832 0.53516 0.0592799 0.011743
833 0.53516 0.0657529 0.0126253
834 0.53516 0.0588951 0.0104174
835 0.53516 0.0677588 0.0134208
836 0.53516 0.0499694 0.0113992
837 0.53516 0.050571 0.00907417
838 0.53516 0.0447383 0.008
839 0.53516 0.058127 0.0110981
840 0.53516 0.0532627 0.00817401
841 0.53516 0.0684154 0.012742
842 0.53516 0.0490677 0.00932603
843 0.53516 0.0604673 0.0113715
844 0.53516 0.0634802 0.0119766
845 0.53516 0.0498489 0.00921688
846 0.53516 0.0636655 0.0127248
847 0.53516 0.0493768 0.00900214
848 0.53516 0.0499148 0.00659209
849 0.53516 0.0548177 0.00925893
850 0.53516 0.0544496 0.00978975
851 0.53516 0.0523325 0.00919762
852 0.53516 0.0514344 0.0103392
853 0.53516 0.061894 0.0120233
854 0.53516 0.0509869 0.00854633
855 0.53516 0.0535808 0.00824301
856 0.53516 0.0500906 0.00921224
857 0.53516 0.0461767 0.00823829
858 0.53516 0.0600059 0.011738
859 0.53516 0.0635019 0.0119958
860 0.58143 0.0549752 0.0122803
861 0.58143 0.0468016 0.0101559
862 0.58143 0.0488396 0.00920633
863 0.58143 0.0560465 0.00977592
864 0.58143 0.0479042 0.0093024
865 0.58143 0.051854 0.00842321
866 0.58143 0.0427831 0.00595876
867 0.58143 0.0505841 0.007569
868 0.58143 0.0438565 0.006941
869 0.58143 0.0436039 0.00572475
870 0.58143 0.0476482 0.00803009
871 0.58143 0.0448414 0.00839641
872 0.58143 0.0455637 0.00693824
873 0.58143 0.0389704 0.00614756
874 0.58143 0.0474396 0.0075235
875 0.58143 0.0428765 0.00572085
876 0.58143 0.0471389 0.00712201
877 0.58143 0.0442284 0.00853771
878 0.58143 0.0536362 0.00973654
879 0.58143 0.0452683 0.00543687
880 0.58143 0.0504762 0.00800567
881 0.58143 0.0399535 0.00617102
882 0.58143 0.0482782 0.00736743
883 0.58143 0.0615542 0.0109395
884 0.58143 0.0640724 0.0121823
885 0.58143 0.0533647 0.00968336
886 0.58143 0.0514934 0.00877006
887 0.58143 0.0563555 0.0104702
888 0.58143 0.0512244 0.0079938
889 0.58143 0.0503716 0.00923596
890 0.58143 0.0462468 0.00925339
891 0.58143 0.0755336 0.0132699
892 0.58143 0.0469547 0.00692075
893 0.58143 0.0553428 0.00790739
894 0.70377 0.0603141 0.0107249
895 0.70377 0.0518536 0.00750601
896 0.70377 0.0635946 0.0106506
897 0.70377 0.0512263 0.00918528
898 0.70377 0.0399854 0.00607319
899 0.70377 0.0459351 0.00727115
900 0.70377 0.0507728 0.00796086
901 0.70377 0.0549959 0.00939512
902 0.70377 0.0509028 0.00785315
903 0.70377 0.0481705 0.00690194
904 0.70377 0.0575103 0.00954487
905 0.70377 0.0555639 0.00850554
906 0.70377 0.0655891 0.0116422
907 0.70377 0.0478989 0.0067593
908 0.70377 0.0486319 0.0083736
909 0.70377 0.0508224 0.00758661
910 0.70377 0.0450255 0.00731396
911 0.70377 0.0450652 0.00729353
912 0.70377 0.0454759 0.00634533
913 0.70377 0.0440443 0.00624671
914 0.70377 0.05356 0.00838591
915 0.70377 0.0461647 0.00719688
916 0.70377 0.048673 0.00851328
917 0.70377 0.0523256 0.00869952
918 0.70377 0.044316 0.00615302
919 0.70377 0.0450545 0.00739538
920 0.70377 0.0549758 0.00836134
921 0.70377 0.0600508 0.0107093
922 0.70377 0.0402667 0.00586398
923 0.70377 0.0352999 0.0048451
924 0.70377 0.0461639 0.00665972
925 0.70377 0.0633675 0.0119316
926 0.70377 0.048538 0.00798099
927 0.70377 0.0555696 0.00893386
928 0.70377 0.0463562 0.00681514
929 0.70377 0.0439526 0.0068335
930 0.70377 0.048686 0.00693098
931 0.70377 0.0490402 0.0064857
932 0.70377 0.048162 0.00667916
933 0.70377 0.0534745 0.0087814
934 0.70377 0.046397 0.00677835
935 0.70377 0.0490518 0.00718379
936 0.75604 0.039412 0.00718971
937 0.81366 0.0513498 0.00954646
938 1.01 0.0490895 0.010154
938 0.35921 0.0539746 0.00772015
939 1.01 0.0600747 0.012157
940 1.01 0.0585595 0.0112563
941 1.01 0.0500745 0.0068224
942 1.01 0.0475717 0.00844212
943 1.01 0.0484025 0.00786368
944 1.01 0.0593009 0.0140884
945 1.01 0.0467054 0.00724539
946 1.01 0.0604114 0.0126396
947 1.01 0.043556 0.00698472
948 1.01 0.0566187 0.0101137
949 1.01 0.0659936 0.0122695
950 1.01 0.0563505 0.00903235
951 1.01 0.056664 0.00933506
952 1.01 0.0702196 0.0113439
953 1.01 0.056295 0.00998053
954 1.01 0.0462926 0.00726745
955 1.01 0.0528266 0.00847886
956 1.01 0.0586579 0.0105423
957 1.01 0.0518895 0.00909201
958 1.01 0.0482403 0.008089
959 1.01 0.0511198 0.00879646
960 1.01 0.0444273 0.00834819
961 1.01 0.0467311 0.0074336
962 1.01 0.0563986 0.0112555
963 1.01 0.0514868 0.00999123
964 1.01 0.047937 0.00918617
965 1.01 0.0418522 0.00775247
966 1.01 0.0520277 0.00801482
967 1.01 0.0442027 0.00812665
968 1.01 0.053753 0.0080035
969 1.01 0.040369 0.00733868
970 1.01 0.0527276 0.00920575
971 1.01 0.0515411 0.00914746
972 1.01 0.0568528 0.00994271
973 1.01 0.0405298 0.00618642
974 1.01 0.0493797 0.00834891
975 1.01 0.0344961 0.0053791
976 1.01 0.0520957 0.0084407
977 1.01 0.0422191 0.00765704
978 1.01 0.0468519 0.00875792
979 1.01 0.0476471 0.0077609
980 1.01 0.0578153 0.0107154
981 1.01 0.0556108 0.0107024
982 1.01 0.0579431 0.0111921
983 1.01 0.0541061 0.00961484
984 1.01 0.0539528 0.00961147
985 1.01 0.0592835 0.0125345
986 1.01 0.0585434 0.0131381
987 1.01 0.0603497 0.0120917
988 1.01 0.0574861 0.0100701
989 1.01 0.0637182 0.0165661
990 1.01 0.0540022 0.0144294
991 1.01 0.0574747 0.0192732
992 1.01 0.0572678 0.0138122
993 1.01 0.0541367 0.0130183
994 1.01 0.0425464 0.00736059
995 1.01 0.0657503 0.0131736
996 1.01 0.0552002 0.0106003
997 1.01 0.0590626 0.0153582
998 1.01 0.0587646 0.0149139
999 1.01 0.059088 0.0105312
1000 1.01 0.0628231 0.0164539
