0 0.21157 0.0445858 0.00348776
1 0.24018 0.0217916 0.00177546
2 0.28041 0.0235372 0.00230865
3 0.28041 0.0292412 0.00338563
4 0.28041 0.0290063 0.00269192
5 0.28041 0.0235798 0.0019402
6 0.28041 0.0260889 0.00278389
7 0.28041 0.0305852 0.0037484
8 0.28041 0.0293899 0.00284143
9 0.28041 0.0245652 0.00228315
10 0.28041 0.0229227 0.00211057
11 0.28041 0.0307462 0.00290238
12 0.30616 0.0345953 0.00360152
13 0.30616 0.0371304 0.00418416
14 0.30616 0.036267 0.00422087
15 0.30616 0.0277941 0.00273339
16 0.30616 0.0308826 0.00321
17 0.30616 0.0336063 0.00340377
18 0.30616 0.0394402 0.00373637
19 0.30616 0.0319596 0.00355442
20 0.30616 0.0331929 0.00331983
21 0.30616 0.0302798 0.00295903
22 0.30616 0.038943 0.00416025
23 0.30616 0.0423962 0.00427264
24 0.34164 0.0379385 0.00435847
25 0.34164 0.0375116 0.00352081
26 0.34164 0.044702 0.00470298
27 0.34164 0.0320371 0.00281234
28 0.34164 0.0332506 0.0032731
29 0.35921 0.0366928 0.00438422
30 0.35921 0.0367461 0.00392325
31 0.35921 0.0340309 0.00347657
32 0.35921 0.0394695 0.00468369
33 0.35921 0.0435889 0.00481178
34 0.35921 0.0351344 0.00348392
35 0.35921 0.036915 0.00397085
36 0.35921 0.0450105 0.00509053
37 0.35921 0.031883 0.00334815
38 0.35921 0.0409463 0.00440537
39 0.35921 0.0382207 0.00418713
40 0.35921 0.0353395 0.0037639
41 0.35921 0.0420753 0.00437164
42 0.35921 0.0463721 0.00520087
43 0.35921 0.0384632 0.00381921
44 0.35921 0.0321348 0.00333411
45 0.35921 0.0448945 0.00459987
46 0.35921 0.0441573 0.00509128
47 0.35921 0.0419039 0.0041875
48 0.38533 0.0367082 0.00402429
49 0.38533 0.0347795 0.00349702
50 0.38533 0.0485953 0.00438354
51 0.38533 0.0403176 0.00494603
52 0.38533 0.0377378 0.00431295
53 0.38533 0.041403 0.00412042
54 0.38533 0.0450796 0.00428425
55 0.38533 0.0372346 0.00412586
56 0.38533 0.0453371 0.00479884
57 0.38533 0.0392991 0.00420737
58 0.38533 0.0395523 0.00419104
59 0.38533 0.0433329 0.0043065
60 0.38533 0.0398074 0.00404884
61 0.38533 0.0347642 0.00367321
62 0.38533 0.0377847 0.00434826
63 0.38533 0.0394689 0.00397093
64 0.38533 0.0396353 0.0042312
65 0.38533 0.044086 0.00501324
66 0.38533 0.0364841 0.00405079
67 0.38533 0.0388443 0.00454988
68 0.38533 0.0373537 0.00414278
69 0.38533 0.0404293 0.00450636
70 0.38533 0.0339267 0.00314455
71 0.38533 0.0384287 0.00472424
72 0.38533 0.0404761 0.00410838
73 0.38533 0.044466 0.00483154
74 0.38533 0.0316153 0.00332662
75 0.38533 0.0361074 0.00358571
76 0.38533 0.0428548 0.0048231
77 0.38533 0.0454376 0.00516413
78 0.38533 0.0394756 0.00439168
79 0.38533 0.0431901 0.00455017
80 0.38533 0.0410448 0.00501812
81 0.38533 0.037906 0.00395141
82 0.38533 0.0370987 0.00420947
83 0.38533 0.0395522 0.00390723
84 0.38533 0.0434229 0.00462687
85 0.38533 0.0399747 0.00421554
86 0.38533 0.0396823 0.00432698
87 0.38533 0.0399318 0.00456965
88 0.38533 0.0274827 0.00302264
89 0.38533 0.0428571 0.00438931
90 0.38533 0.0429789 0.00448564
91 0.38533 0.0408282 0.0044768
92 0.38533 0.0392187 0.00409864
93 0.38533 0.0355608 0.00371613
94 0.38533 0.0407082 0.00451774
95 0.38533 0.0425945 0.00568252
96 0.38533 0.0418246 0.00468449
97 0.38533 0.0363329 0.00390443
98 0.38533 0.0496124 0.00577481
99 0.38533 0.0396024 0.00425953
100 0.38533 0.0407175 0.00458392
101 0.38533 0.048285 0.00529588
102 0.38533 0.0516947 0.00642558
103 0.38533 0.0528664 0.0056482
104 0.42107 0.0467119 0.00622597
105 0.42107 0.0441 0.00582795
106 0.42107 0.0479422 0.00623731
107 0.42107 0.0439703 0.0053351
108 0.42107 0.0399427 0.00475496
109 0.42107 0.0330403 0.00366509
110 0.42107 0.0515707 0.00638436
111 0.42107 0.0483949 0.00532168
112 0.42107 0.0423202 0.00518939
113 0.42107 0.0432443 0.00532552
114 0.43169 0.0537761 0.00689619
115 0.4762 0.059117 0.00940257
116 0.4762 0.0438189 0.00539002
117 0.4762 0.0531058 0.00829744
118 0.4762 0.0611782 0.00994269
119 0.4762 0.0500028 0.00811143
120 0.4762 0.0474369 0.00749525
121 0.4762 0.0494836 0.00745759
122 0.4762 0.051492 0.00985457
123 0.4762 0.0485065 0.0075508
124 0.4762 0.0549618 0.0083027
125 0.4762 0.0626459 0.0113802
126 0.4762 0.0543748 0.00917029
127 0.4762 0.0526568 0.00953324
128 0.49207 0.0557375 0.0106965
129 0.49207 0.0568066 0.0114957
130 0.49207 0.0482263 0.00705774
131 0.49207 0.0574049 0.0110421
132 0.49207 0.0653379 0.0132652
133 0.49207 0.0556146 0.0112615
134 0.49207 0.0501402 0.00836427
135 0.49207 0.050616 0.00903521
136 0.49207 0.0462838 0.0084578
137 0.49207 0.0389212 0.00553889
138 0.49207 0.0486115 0.00812315
139 0.49207 0.0491165 0.006671
140 0.49207 0.0553209 0.00781714
141 0.49207 0.0544658 0.0103605
142 0.49207 0.0546923 0.00953944
143 0.49207 0.0596562 0.0111286
144 0.49207 0.0659056 0.0114509
145 0.49207 0.0578787 0.0104275
146 0.49207 0.0548562 0.0089145
147 0.49207 0.0552495 0.0108306
148 0.49207 0.0484755 0.00906609
149 0.49207 0.055324 0.0120333
150 0.49207 0.058828 0.010966
151 0.49207 0.0639027 0.0136135
152 0.49207 0.062003 0.011345
153 0.49207 0.0542983 0.00961502
154 0.49207 0.0606949 0.0116554
155 0.49207 0.0537473 0.00910388
156 0.49207 0.0560794 0.00943213
157 0.49207 0.0540609 0.00918073
158 0.49207 0.0602818 0.0115423
159 0.49207 0.0583002 0.0105669
160 0.49207 0.0631796 0.0113456
161 0.58143 0.0476334 0.00867603
162 0.58143 0.0518434 0.00908343
163 0.58143 0.0540007 0.010871
164 0.58143 0.0601503 0.0117466
165 0.58143 0.050492 0.00889182
166 0.58143 0.050043 0.00903716
167 0.58143 0.0443919 0.00831137
168 0.58143 0.0624812 0.0128494
169 0.58143 0.0369905 0.00598286
170 0.58143 0.054153 0.00999628
171 0.58143 0.0598267 0.0121393
172 0.58143 0.0574429 0.0114034
173 0.58143 0.0575562 0.0122722
174 0.58143 0.0715304 0.0144286
175 0.58143 0.0544786 0.011795
176 0.58143 0.0567075 0.0121941
177 0.58143 0.0640277 0.0132625
178 0.58143 0.0547225 0.0112111
179 0.58143 0.0619217 0.0129845
180 0.58143 0.0656316 0.0137533
181 0.58143 0.0754025 0.0173496
182 0.58143 0.0701231 0.0142139
183 0.58143 0.0541432 0.0110616
184 0.58143 0.0577865 0.0110341
185 0.58143 0.0557585 0.0107338
186 0.58143 0.0582749 0.012818
187 0.58143 0.0587728 0.0115939
188 0.58143 0.0790698 0.0159969
189 0.58143 0.0693427 0.0144554
190 0.58143 0.0565377 0.0113343
191 0.58143 0.0617859 0.0117437
192 0.58143 0.0686635 0.0150584
193 0.58143 0.0544412 0.0120323
194 0.58143 0.0683598 0.0143341
195 0.58143 0.0485426 0.00945415
196 0.58143 0.0555829 0.0114334
197 0.58143 0.0508042 0.00871894
198 0.58143 0.0694575 0.0159018
199 0.58143 0.0701148 0.0153472
200 0.58143 0.0724718 0.0155721
201 0.58143 0.0646745 0.0146504
202 0.58143 0.0672327 0.0149495
203 0.58143 0.0588529 0.0134913
204 0.58143 0.0631784 0.0136464
205 1.01 0.064578 0.017654
205 0.4762 0.0565459 0.0140847
206 0.4762 0.0669036 0.0149537
207 0.4762 0.0679502 0.0153748
208 0.4762 0.0663695 0.0149021
209 0.4762 0.0675679 0.0148786
210 0.4762 0.0583949 0.0120273
211 0.4762 0.0613853 0.0120343
212 0.4762 0.0499334 0.0113835
213 0.4762 0.0540982 0.0116065
214 0.48883 0.0637545 0.0142765
215 0.48883 0.0535461 0.0108869
216 0.48883 0.0592448 0.0124016
217 0.48883 0.0479281 0.0114423
218 0.48883 0.0635744 0.0147388
219 0.48883 0.0463094 0.00751775
220 0.48883 0.0607432 0.0140671
221 0.48883 0.0439268 0.00829034
222 0.52381 0.0574958 0.0133063
223 0.52381 0.05022 0.0113059
224 0.52381 0.0522265 0.0100616
225 0.52381 0.0491858 0.0102804
226 0.52381 0.0504245 0.0104816
227 0.52381 0.0556468 0.0124459
228 0.52381 0.0490246 0.0107344
229 0.52381 0.0538044 0.0115319
230 0.52381 0.0571572 0.0128407
231 0.52381 0.0523644 0.0101405
232 0.52381 0.0453293 0.0077278
233 0.52381 0.0630125 0.0149081
234 0.52381 0.0432629 0.00742352
235 0.52381 0.0603229 0.0130848
236 0.52381 0.040454 0.0068584
237 0.52381 0.0406028 0.00793487
238 0.52381 0.0564762 0.0117273
239 0.52381 0.059885 0.0122698
240 0.52381 0.0572994 0.0127611
241 0.52381 0.0448585 0.00889062
242 0.52381 0.0369251 0.0055158
243 0.52381 0.0430569 0.00721651
244 0.52381 0.0516189 0.0104048
245 0.52381 0.0411064 0.00656598
246 0.52381 0.0408402 0.00718588
247 0.52381 0.0438371 0.00771519
248 0.52381 0.0477239 0.00931501
249 0.52381 0.044912 0.00547664
250 0.52381 0.0443407 0.00937191
251 0.52381 0.0606196 0.0130338
252 0.52381 0.0479835 0.00971256
253 0.52381 0.0539871 0.0117205
254 0.52381 0.0503937 0.011362
255 0.52381 0.056298 0.011707
256 0.52381 0.0523123 0.00892892
257 0.52381 0.045752 0.00695664
258 0.52381 0.04856 0.00982498
259 0.52381 0.0375822 0.00655822
260 0.52381 0.0403065 0.00462912
261 0.52381 0.04529 0.00714161
262 0.52381 0.0399224 0.00519736
263 0.52381 0.0428634 0.00669463
264 0.52381 0.0392559 0.00482089
265 0.52381 0.0509437 0.00796962
266 0.52381 0.0503251 0.00866538
267 0.52381 0.0494444 0.0085408
268 0.52381 0.0466506 0.00841943
269 0.52381 0.051027 0.00900002
270 0.52381 0.0568514 0.0105321
271 0.52381 0.0533974 0.00945601
272 0.52381 0.0604182 0.0108818
273 0.52381 0.0588999 0.0116913
274 0.52381 0.0510046 0.0100998
275 0.52381 0.0513387 0.00804401
276 0.52381 0.0483622 0.00836735
277 0.52381 0.0522827 0.00940029
278 0.52381 0.0541035 0.0122227
279 0.52381 0.0462825 0.00870057
280 0.52381 0.0537632 0.0110518
281 0.52381 0.0618306 0.0140012
282 0.52381 0.0606154 0.0118918
283 0.52381 0.0589812 0.0121765
284 0.52381 0.0528808 0.0102791
285 0.52381 0.0612577 0.0122905
286 0.57556 0.0536061 0.0116532
287 0.57556 0.0633536 0.0134292
288 0.57556 0.0565541 0.0112846
289 0.57556 0.0443418 0.00831328
290 0.57556 0.0571616 0.0106659
291 0.57556 0.0582551 0.0116259
292 0.57556 0.0470506 0.00886943
293 0.57556 0.0685954 0.0133027
294 0.57556 0.0573526 0.0109993
295 0.57556 0.0573025 0.0123966
296 0.57556 0.0555303 0.0117212
297 0.57556 0.052345 0.00975123
298 0.57556 0.0546246 0.0122191
299 0.57556 0.0434858 0.00737946
300 0.57556 0.0520188 0.00806644
301 0.57556 0.0505741 0.00869686
302 0.57556 0.0593033 0.0121484
303 0.57556 0.062063 0.011937
304 0.57556 0.0640577 0.0130095
305 0.57556 0.0613063 0.0124877
306 0.57556 0.0479135 0.00936794
307 0.57556 0.0431789 0.00748985
308 0.57556 0.0482626 0.00726182
309 0.57556 0.0466115 0.00932362
310 0.57556 0.0594314 0.0113348
311 0.57556 0.0517852 0.00816737
312 0.57556 0.0585027 0.0103917
313 0.57556 0.0689275 0.0148761
314 0.57556 0.0512808 0.00999158
315 0.57556 0.0575332 0.00971031
316 0.57556 0.060115 0.0115929
317 0.57556 0.0542893 0.00906564
318 0.57556 0.0567788 0.0109446
319 0.57556 0.0594241 0.0114083
320 0.57556 0.0614413 0.0124965
321 0.57556 0.0431235 0.00649974
322 0.57556 0.0448075 0.00869231
323 0.57556 0.0605189 0.0116635
324 0.57556 0.0464628 0.00943013
325 0.57556 0.0617117 0.0120899
326 0.57556 0.0601546 0.011703
327 0.57556 0.0549652 0.00963087
328 0.57556 0.0565207 0.0112835
329 0.57556 0.0556118 0.00998539
330 0.57556 0.0615824 0.0121522
331 0.57556 0.0561725 0.0108073
332 0.57556 0.0443046 0.00595162
333 0.57556 0.0525546 0.00905724
334 0.57556 0.0561546 0.011302
335 0.57556 0.0519669 0.0098879
336 0.57556 0.0460483 0.00817384
337 0.57556 0.062456 0.0131313
338 0.57556 0.0516764 0.0105915
339 0.57556 0.0494007 0.0101249
340 0.57556 0.0451957 0.00793914
341 0.57556 0.0627006 0.0120074
342 0.57556 0.0558892 0.0109011
343 0.57556 0.0537122 0.0098958
344 0.57556 0.0508739 0.00741574
345 0.57556 0.0512942 0.010364
346 0.61905 0.0518883 0.00983605
347 0.61905 0.0500673 0.00779827
348 0.61905 0.0494962 0.00784853
349 0.61905 0.0514104 0.00850984
350 0.61905 0.0683133 0.0125883
351 0.61905 0.0600017 0.0128637
352 0.61905 0.0535852 0.0097427
353 0.61905 0.0603849 0.0112723
354 0.61905 0.0629082 0.0114409
355 0.86265 0.0616891 0.014697
356 0.86265 0.0620014 0.0122391
357 0.86265 0.0622107 0.0137063
358 0.86265 0.0483627 0.0106285
359 0.86265 0.0560799 0.0101823
360 0.86265 0.0598867 0.0108715
361 0.86265 0.0574136 0.0102528
362 0.86265 0.0516971 0.0103896
363 0.86265 0.0500899 0.00874221
364 0.86265 0.0561535 0.0106131
365 0.86265 0.0562411 0.0124985
366 0.86265 0.0611638 0.0121001
367 0.86265 0.0608657 0.0108544
368 0.86265 0.0621505 0.0133891
369 0.86265 0.0449777 0.00716804
370 0.86265 0.0576298 0.01052
371 0.86265 0.0455661 0.00751741
372 0.86265 0.0660362 0.0123637
373 0.86265 0.0419045 0.00710985
374 0.86265 0.053228 0.0111708
375 0.86265 0.058015 0.00940435
376 0.86265 0.0504384 0.0092837
377 0.86265 0.058119 0.012963
378 0.86265 0.0707958 0.0143414
379 0.86265 0.0481163 0.00983272
380 0.86265 0.0517489 0.0100449
381 0.86265 0.0538785 0.0112759
382 0.86265 0.0553414 0.0104418
383 0.86265 0.059708 0.0105807
384 0.86265 0.0550898 0.0121011
385 0.86265 0.0754779 0.0152906
386 0.86265 0.0590372 0.0110511
387 0.86265 0.0599732 0.0109367
388 0.86265 0.0631675 0.0124455
389 0.86265 0.051486 0.00987019
390 0.86265 0.0510073 0.00935974
391 0.86265 0.069846 0.0135861
392 0.86265 0.0516691 0.010784
393 0.86265 0.0655314 0.0134587
394 0.86265 0.0577697 0.0107786
395 0.86265 0.0456853 0.00874133
396 0.86265 0.0518396 0.00914145
397 0.86265 0.0499528 0.00925064
398 0.86265 0.0566103 0.0108069
399 0.86265 0.0412111 0.00725096
400 0.86265 0.0571485 0.0106824
401 0.86265 0.0463787 0.00829332
402 0.86265 0.0498273 0.00968678
403 0.86265 0.0585728 0.011872
404 0.86265 0.0425784 0.00740724
405 0.86265 0.0622221 0.0136183
406 0.86265 0.0606188 0.0119005
407 0.86265 0.0462239 0.00862316
408 0.86265 0.0539091 0.011083
409 0.86265 0.0561736 0.0130239
410 0.86265 0.0638657 0.013213
411 0.86265 0.0525966 0.0113779
412 0.86265 0.0524347 0.0101375
413 0.86265 0.0498806 0.0105237
414 0.86265 0.0573744 0.0127832
415 0.86265 0.0544078 0.00999392
416 0.86265 0.0587569 0.0125436
417 0.86265 0.0611954 0.0112328
418 0.86265 0.0397413 0.00652228
419 0.86265 0.0484358 0.00913137
420 0.86265 0.0468202 0.0083416
421 0.86265 0.0697068 0.0156742
422 0.86265 0.0562722 0.012219
423 0.86265 0.0614564 0.0127699
424 0.86265 0.0538325 0.0102763
425 0.86265 0.0537441 0.00907995
426 0.86265 0.0579207 0.0101319
427 0.86265 0.041051 0.00669266
428 0.86265 0.066751 0.0138108
429 0.86265 0.0475984 0.00931563
430 0.86265 0.0569951 0.0111819
431 0.86265 0.0597936 0.0130693
432 0.86265 0.064423 0.0134791
433 0.86265 0.058149 0.0125952
434 0.86265 0.0594956 0.0116514
435 0.86265 0.0448679 0.00878448
436 0.86265 0.0647995 0.0145352
437 0.86265 0.0447132 0.00800265
438 0.86265 0.0594036 0.014458
439 0.86265 0.0536182 0.0122064
440 0.86265 0.0575461 0.0105678
441 0.86265 0.0545427 0.00956987
442 0.86265 0.0534971 0.0120175
443 0.86265 0.0560573 0.0117647
444 0.86265 0.0634203 0.0129031
445 0.86265 0.0491391 0.00980552
446 0.86265 0.056208 0.0110292
447 0.86265 0.0524566 0.0127278
448 0.86265 0.0629792 0.0138585
449 0.86265 0.0610401 0.0115476
450 0.86265 0.0551567 0.00996068
451 0.86265 0.0514043 0.00987053
452 0.86265 0.0515175 0.00843126
453 0.86265 0.0486131 0.00891703
454 0.86265 0.0598031 0.0110896
455 0.86265 0.0501952 0.00976762
456 0.86265 0.0510335 0.00738872
457 0.86265 0.0627765 0.0105154
458 0.86265 0.0502793 0.00662581
459 0.86265 0.0535027 0.0106736
460 0.86265 0.0622721 0.0125244
461 0.86265 0.0526344 0.010595
462 0.86265 0.0547604 0.0107427
463 0.86265 0.0440868 0.00864325
464 0.86265 0.0582731 0.0108412
465 0.86265 0.0556661 0.00917823
466 0.86265 0.0589004 0.0115499
467 0.86265 0.058561 0.0122598
468 0.86265 0.0619679 0.0125697
469 0.86265 0.0671428 0.013011
470 0.86265 0.0507508 0.00989063
471 0.86265 0.0605488 0.0116173
472 0.86265 0.0719528 0.0155161
473 0.86265 0.0628882 0.0122063
474 0.86265 0.0619739 0.0125683
475 0.86265 0.0657534 0.0157799
476 0.86265 0.0692692 0.0148839
477 0.86265 0.0628811 0.0121633
478 0.86265 0.0683255 0.0150645
479 0.86265 0.0581862 0.0121257
480 0.86265 0.0586191 0.0115494
481 0.86265 0.0522863 0.011563
482 0.86265 0.0578109 0.0123555
483 0.86265 0.0565671 0.0123735
484 0.86265 0.0770855 0.016648
485 0.86265 0.0619729 0.0144971
486 0.86265 0.0603321 0.0123342
487 0.86265 0.0580102 0.0120035
488 0.86265 0.0493598 0.00849711
489 0.86265 0.0633727 0.0135
490 0.86265 0.0517069 0.00916696
491 0.86265 0.0587822 0.0126877
492 0.86265 0.0604931 0.0112597
493 0.86265 0.0565232 0.0111856
494 0.86265 0.0503919 0.0105757
495 0.86265 0.054088 0.0107257
496 0.86265 0.0592825 0.0115194
497 0.86265 0.0519759 0.00909861
498 0.86265 0.0503118 0.0108399
499 0.86265 0.0444451 0.00809369
500 0.86265 0.0408264 0.00726848
501 0.86265 0.0605996 0.0106945
502 0.86265 0.0577385 0.00994832
503 0.86265 0.0621933 0.0109951
504 0.86265 0.059008 0.0111209
505 0.86265 0.0632992 0.0111519
506 0.86265 0.060325 0.0112037
507 0.86265 0.0561621 0.0105361
508 0.86265 0.0568782 0.0113975
509 0.86265 0.0496666 0.00775113
510 0.86265 0.0653049 0.0147545
511 0.86265 0.0629784 0.0132007
512 0.86265 0.0693437 0.0128035
513 0.86265 0.0557383 0.0103394
514 0.86265 0.0556449 0.0121612
515 0.86265 0.0556407 0.011578
516 0.86265 0.0497352 0.00911338
517 0.86265 0.0589358 0.0103901
518 0.86265 0.0483924 0.00855923
519 0.86265 0.0595351 0.0118435
520 0.86265 0.0624799 0.0114875
521 0.86265 0.0539053 0.0101044
522 0.86265 0.0461787 0.00819085
523 0.86265 0.0688594 0.0128694
524 0.86265 0.0518067 0.00902327
525 0.86265 0.0523814 0.00820877
526 0.86265 0.0663871 0.0109077
527 0.86265 0.0496282 0.00820044
528 0.86265 0.0567498 0.00997
529 0.86265 0.0446429 0.00658674
530 0.86265 0.0525794 0.00772869
531 0.86265 0.0554426 0.00896951
532 0.86265 0.0601015 0.0125744
533 0.86265 0.0584335 0.0125617
534 0.86265 0.0559511 0.0125851
535 0.86265 0.0693025 0.0149111
536 0.86265 0.0447847 0.00848536
537 0.86265 0.048858 0.00894523
538 0.86265 0.0697352 0.0166285
539 0.86265 0.0561889 0.0110008
540 0.86265 0.0563657 0.0120973
541 0.86265 0.0474611 0.00975923
542 0.86265 0.0558039 0.010545
543 0.86265 0.0553728 0.00940375
544 0.86265 0.0484095 0.00909859
545 0.86265 0.0381892 0.00558523
546 0.86265 0.0553333 0.0103987
547 0.86265 0.0509944 0.00910226
548 0.86265 0.0629552 0.0115931
549 0.86265 0.0560841 0.0110916
550 0.86265 0.0561301 0.0116786
551 0.86265 0.0479011 0.00859046
552 0.86265 0.0491317 0.00921791
553 0.86265 0.0545927 0.0108469
554 0.86265 0.05118 0.00905001
555 0.86265 0.0488567 0.0108848
556 0.86265 0.0575663 0.0116543
557 0.86265 0.049385 0.0091663
558 0.86265 0.0450176 0.00745747
559 0.86265 0.0449447 0.00777686
560 0.86265 0.0611359 0.0110055
561 0.86265 0.0602934 0.0106149
562 0.86265 0.0606097 0.0128109
563 0.86265 0.0458379 0.0096309
564 0.86265 0.0544904 0.0122606
565 0.86265 0.0478952 0.0101578
566 0.86265 0.053507 0.0100652
567 0.86265 0.0559393 0.013132
568 0.86265 0.0557842 0.0114196
569 0.86265 0.0582939 0.011943
570 0.86265 0.0666637 0.0139254
571 0.86265 0.0488839 0.0109665
572 0.86265 0.0470556 0.00738366
573 0.86265 0.0481227 0.0101409
574 0.86265 0.0449694 0.00654232
575 0.86265 0.0516825 0.00794632
576 0.86265 0.0443301 0.00618356
577 0.86265 0.0489818 0.00757446
578 0.86265 0.0326005 0.00436829
579 0.86265 0.0478364 0.00920844
580 0.86265 0.0552252 0.0114921
581 0.86265 0.0564915 0.0116112
582 0.86265 0.0480875 0.00784551
583 0.86265 0.0579362 0.0116069
584 0.86265 0.063673 0.0135205
585 0.86265 0.0529612 0.0114469
586 0.86265 0.0473973 0.00866666
587 0.86265 0.0499398 0.00928889
588 0.86265 0.0461611 0.00761615
589 0.86265 0.0466383 0.00846692
590 0.86265 0.0591561 0.0102486
591 0.86265 0.0450832 0.00824137
592 0.86265 0.0552938 0.010972
593 0.86265 0.0617903 0.0134566
594 0.86265 0.0637381 0.012875
595 0.86265 0.0623332 0.0128643
596 0.86265 0.0694823 0.0152428
597 0.86265 0.0550264 0.0124091
598 0.86265 0.053673 0.0119352
599 0.86265 0.0557843 0.0112064
600 0.86265 0.0529213 0.0112833
601 0.86265 0.0634243 0.013702
602 0.86265 0.0605586 0.0113192
603 0.86265 0.0631065 0.0147544
604 0.86265 0.0726498 0.0150222
605 0.86265 0.0647825 0.0118653
606 0.86265 0.0553896 0.0113047
607 0.86265 0.0524822 0.00997868
608 0.86265 0.0541094 0.0115208
609 0.86265 0.0504048 0.0105422
610 0.86265 0.0468879 0.00845334
611 0.86265 0.0580267 0.0112557
612 0.86265 0.0511535 0.0100594
613 0.86265 0.0565303 0.0116988
614 0.86265 0.0497776 0.00976347
615 0.86265 0.0618584 0.0164051
616 0.86265 0.0660039 0.0167766
617 1 0.0800238 0.022417
617 0.56556 0.0473229 0.00964462
618 0.91477 0.0555187 0.0117422
619 1.01 0.0806575 0.0223078
619 0.91477 0.0640648 0.0135389
620 0.91477 0.0555497 0.0102703
621 0.91477 0.0598468 0.0110465
622 0.91477 0.0650365 0.0136276
623 0.91477 0.066041 0.0133756
624 0.91477 0.0566992 0.0131621
625 1 0.0609673 0.0152545
625 0.50207 0.0737495 0.0134293
626 0.50207 0.0577446 0.0100925
627 1 0.0590955 0.0156822
627 0.4762 0.0601876 0.0125454
628 0.49438 0.061258 0.0111781
629 0.49438 0.0486796 0.00699997
630 0.49961 0.0768337 0.0154301
631 0.5175 0.0631634 0.0121855
632 0.5175 0.0632962 0.0118585
633 0.5175 0.0629441 0.0117476
634 0.5175 0.0784691 0.0154566
635 0.5175 0.0683461 0.0130294
636 0.5175 0.065549 0.0131203
637 0.5175 0.0591275 0.0106349
638 0.5175 0.0756024 0.0161896
639 0.5175 0.0650139 0.0123011
640 0.79778 0.0610566 0.0130054
641 0.79778 0.0626228 0.0111783
642 0.79778 0.0538787 0.00859244
643 0.79778 0.0654783 0.0126957
644 0.79778 0.0654504 0.0132686
645 0.79778 0.0591333 0.011835
646 0.79778 0.0591794 0.0110959
647 0.79778 0.0697272 0.0130841
648 0.79778 0.0536666 0.00962242
649 0.79778 0.0712551 0.0134432
650 0.79778 0.0643526 0.0121585
651 0.79778 0.0677686 0.012287
652 0.79778 0.0696347 0.0132564
653 0.79778 0.0597306 0.013118
654 0.79778 0.0468677 0.00777596
655 0.79778 0.0564455 0.0123638
656 0.79778 0.0633385 0.0142942
657 0.79778 0.056165 0.0097923
658 0.79778 0.059553 0.0101857
659 0.79778 0.054324 0.0101538
660 0.79778 0.0483357 0.0096841
661 0.79778 0.055891 0.0106163
662 0.79778 0.0607611 0.0129627
663 0.79778 0.0580157 0.011407
664 0.79778 0.0586976 0.0112624
665 0.79778 0.0597845 0.0130879
666 0.79778 0.0628679 0.0126975
667 0.79778 0.0502181 0.0100055
668 0.79778 0.0498651 0.00780116
669 0.79778 0.058579 0.0113481
670 0.79778 0.0788363 0.0171851
671 0.79778 0.0654975 0.0127362
672 0.79778 0.0552588 0.00880821
673 0.79778 0.0631467 0.0130046
674 0.79778 0.0622048 0.0124475
675 0.79778 0.0500183 0.00866526
676 0.79778 0.0541791 0.00980992
677 0.79778 0.0711791 0.0135079
678 0.79778 0.0452762 0.00699244
679 0.79778 0.0531074 0.00898318
680 0.79778 0.0476584 0.00897783
681 0.79778 0.0557372 0.011849
682 0.79778 0.056286 0.0106315
683 0.79778 0.0541211 0.0100363
684 0.79778 0.0476139 0.0077353
685 0.79778 0.0491037 0.00985347
686 0.79778 0.043422 0.00838508
687 0.79778 0.0545965 0.0105304
688 0.79778 0.053614 0.00974683
689 0.79778 0.0563023 0.0100971
690 0.79778 0.0592001 0.011817
691 0.79778 0.0529318 0.0100867
692 0.79778 0.0559907 0.0110365
693 0.79778 0.0682666 0.0134893
694 0.79778 0.0532822 0.00970801
695 0.79778 0.0646021 0.0125221
696 0.79778 0.0585601 0.0117341
697 0.80366 0.0499166 0.0102292
698 0.80366 0.0725301 0.0142753
699 0.80366 0.0487071 0.00871648
700 0.80366 0.0546684 0.011474
701 0.80366 0.0564301 0.0122377
702 0.80366 0.0560018 0.0105805
703 0.80366 0.0678019 0.0125836
704 0.80366 0.067601 0.0132026
705 0.80366 0.0734477 0.0153785
706 0.80366 0.0595747 0.00978492
707 0.80366 0.058064 0.0107472
708 0.80366 0.0472676 0.0065956
709 0.80366 0.0590947 0.0105981
710 0.80366 0.0643419 0.0145269
711 0.80366 0.0574446 0.0114001
712 0.80366 0.0552221 0.00999866
713 0.80366 0.0568634 0.0101571
714 0.80366 0.0582503 0.0107569
715 0.80366 0.0564528 0.0117598
716 0.80366 0.0649903 0.0114678
717 0.80366 0.0518401 0.0102369
718 0.80366 0.0501217 0.00821912
719 0.80366 0.0541408 0.00860207
720 0.80366 0.060919 0.0115801
721 0.80366 0.0509404 0.00828771
722 0.80366 0.0496426 0.00949111
723 0.80366 0.0544331 0.00986675
724 0.80366 0.0594179 0.0105856
725 0.80366 0.0596627 0.0108093
726 0.80366 0.0587864 0.0115181
727 0.80366 0.0466737 0.00890414
728 0.80366 0.0616107 0.0123138
729 0.80366 0.0725296 0.0149343
730 0.80366 0.0651394 0.0137682
731 0.80366 0.0559924 0.00992993
732 0.80366 0.0593906 0.0114632
733 0.80366 0.060941 0.0116444
734 0.80366 0.0653126 0.0117158
735 0.80366 0.0560699 0.0113593
736 0.80366 0.0672007 0.012711
737 0.80366 0.0533256 0.00914401
738 0.80366 0.0624237 0.0115222
739 0.80366 0.0620207 0.0122971
740 0.80366 0.0656172 0.0137094
741 0.80366 0.0592924 0.0100233
742 0.80366 0.0567997 0.0109962
743 0.80366 0.0608588 0.0135759
744 0.80366 0.0577702 0.0130791
745 0.80366 0.0659948 0.0119898
746 0.80366 0.0575181 0.0106492
747 0.80366 0.0567035 0.0123774
748 0.80366 0.057108 0.0113527
749 0.80366 0.0535474 0.0095836
750 0.80366 0.058815 0.0107437
751 0.80366 0.0473751 0.0085746
752 0.80366 0.0490575 0.00815283
753 0.80366 0.0504624 0.00747078
754 0.80366 0.0574111 0.00958936
755 0.80366 0.062606 0.0126803
756 0.80366 0.0516454 0.0101719
757 0.80366 0.0524183 0.00783426
758 0.80366 0.0554397 0.0100412
759 0.80366 0.0524668 0.00940641
760 0.80366 0.0551622 0.0101216
761 0.84127 0.0617684 0.0142315
762 0.84127 0.0687077 0.0146917
763 0.84127 0.0539851 0.0120242
764 0.84127 0.0531347 0.0104661
765 0.84127 0.0583201 0.0122179
766 0.84127 0.0484275 0.00950961
767 0.84127 0.0574413 0.0108172
768 0.84127 0.0558905 0.011396
769 0.84127 0.0592699 0.0112435
770 0.84127 0.0591517 0.0115105
771 0.84127 0.0511039 0.0113439
772 0.84127 0.0630114 0.0129544
773 0.84127 0.0646863 0.012616
774 0.84127 0.0529862 0.00845422
775 0.84127 0.0590057 0.010392
776 0.84127 0.054064 0.00976445
777 0.84127 0.0575393 0.0116093
778 0.84127 0.0655849 0.0122041
779 0.84127 0.066173 0.013861
780 0.84127 0.0565282 0.011236
781 0.84127 0.05159 0.00985141
782 0.84127 0.0573191 0.0110394
783 0.84127 0.056124 0.0107433
784 0.84127 0.0484202 0.0100133
785 0.84127 0.0525839 0.010445
786 0.84127 0.0697349 0.0162614
787 0.84127 0.0719155 0.0129614
788 0.84127 0.0772738 0.0156555
789 0.84127 0.0744764 0.0161528
790 0.84127 0.0631939 0.0118763
791 1.01 0.0549317 0.0132289
791 0.4762 0.0620785 0.0104283
792 0.53969 0.0769892 0.0158021
793 0.53969 0.0662879 0.013796
794 0.55556 0.0674186 0.0154437
795 0.55556 0.0582299 0.0109662
796 1.01 0.072693 0.0187254
796 0.6808 0.0622169 0.0150393
797 0.6808 0.0573563 0.011312
798 0.6808 0.0632519 0.0124939
799 0.6808 0.0606621 0.0118616
800 1.01 0.0672908 0.0164514
800 0.4762 0.0633388 0.0123405
801 0.58143 0.0725479 0.0163068
802 0.58143 0.0663892 0.0134929
803 0.58143 0.0584031 0.0124209
804 0.58143 0.0545808 0.010947
805 0.58143 0.0680311 0.0140837
806 0.58143 0.054039 0.00972024
807 0.58731 0.0594362 0.0108265
808 0.58731 0.050486 0.00792614
809 0.58731 0.0659315 0.0122268
810 0.58731 0.055336 0.0103307
811 0.58731 0.0623921 0.012573
812 0.58731 0.0648128 0.0125509
813 0.58731 0.0623112 0.0126247
814 0.58731 0.0477412 0.00939762
815 0.58731 0.0444328 0.00760264
816 0.58731 0.0611954 0.00988928
817 0.58731 0.0446858 0.00752396
818 0.58731 0.0492855 0.00812613
819 0.58731 0.0528891 0.0116168
820 0.58731 0.0507362 0.0100012
821 0.58731 0.0503223 0.00987823
822 0.58731 0.0437647 0.00744404
823 0.58731 0.0640265 0.0115317
824 0.58731 0.0535659 0.00935623
825 0.58731 0.0385125 0.00584974
826 0.58731 0.0572735 0.0103667
827 0.58731 0.0465247 0.00750821
828 0.58731 0.0409717 0.00655508
829 0.58731 0.0597254 0.0118919
830 0.58731 0.0509334 0.012616
831 0.58731 0.066666 0.0147179
832 0.58731 0.0534838 0.0110627
833 0.58731 0.0682277 0.0179059
834 0.59731 0.0614381 0.0127732
835 0.59731 0.0608368 0.0139403
836 1 0.0641605 0.0175579
836 0.51794 0.0588035 0.0116386
837 0.69254 0.0688701 0.0160789
838 0.69254 0.0631243 0.0123864
839 0.69254 0.0667688 0.0125872
840 0.69254 0.0465732 0.0101552
841 0.69254 0.0631877 0.0143347
842 0.69254 0.0550751 0.0118063
843 0.69254 0.0534866 0.0112636
844 0.69254 0.0575942 0.0111588
845 0.69254 0.0575492 0.0122614
846 0.69254 0.0640389 0.0140745
847 0.69254 0.0646963 0.0139203
848 0.69254 0.0691849 0.0162263
849 0.69254 0.0594758 0.0122592
850 0.69254 0.0522799 0.010339
851 0.69254 0.0618875 0.0147672
852 0.69254 0.0714171 0.0160648
853 0.69254 0.0601227 0.0133482
854 0.69254 0.0629439 0.0126119
855 0.69254 0.0618578 0.0142764
856 0.69254 0.0671548 0.0173669
857 0.69254 0.0621697 0.0117356
858 0.69254 0.070425 0.0158656
859 0.69254 0.0683751 0.0150976
860 0.69254 0.0629604 0.0143434
861 0.69254 0.0538421 0.0101129
862 0.69254 0.0578256 0.011681
863 0.69254 0.0500981 0.00983474
864 0.69254 0.042641 0.00728542
865 0.69254 0.0511856 0.00940323
866 0.69254 0.064973 0.0146658
867 0.69254 0.0608738 0.013739
868 0.69254 0.060124 0.0134919
869 0.69254 0.0669015 0.0141587
870 0.69254 0.0504659 0.00919744
871 0.69254 0.062737 0.0138838
872 0.69254 0.0574133 0.0110055
873 0.69254 0.0606787 0.0123031
874 0.69254 0.0653947 0.0152077
875 0.69254 0.0522281 0.00927023
876 0.69254 0.061116 0.0126638
877 0.69254 0.0702862 0.0150452
878 0.69254 0.0595068 0.01127
879 0.69254 0.0672512 0.0133927
880 0.69254 0.0614303 0.0134364
881 0.69254 0.0651411 0.0129042
882 0.86084 0.0713712 0.0156554
883 0.86084 0.0605504 0.00986086
884 0.86084 0.0574772 0.0123313
885 1 0.0742954 0.0210418
885 0.57022 0.0602537 0.0136552
886 0.75077 0.0650291 0.0152714
887 0.75077 0.0709741 0.0165738
888 0.75077 0.0567844 0.0107325
889 0.75077 0.0498426 0.0115231
890 0.75077 0.0553396 0.00926916
891 0.75077 0.052898 0.0110567
892 0.75077 0.0447431 0.0103101
893 0.75077 0.053934 0.0115821
894 0.75077 0.0617232 0.012276
895 0.75077 0.0465897 0.00906499
896 0.75077 0.0570361 0.0138639
897 0.75077 0.060138 0.0129056
898 0.75077 0.0606088 0.0121805
899 0.75077 0.054792 0.0100141
900 0.75077 0.0598409 0.0130972
901 0.75077 0.0463822 0.00838611
902 0.75077 0.0559833 0.0102892
903 0.75077 0.0543233 0.0108979
904 0.75077 0.0488883 0.00797276
905 0.75077 0.059725 0.0132708
906 0.75077 0.071929 0.0167637
907 0.75077 0.0627244 0.0125853
908 0.75077 0.0632425 0.0152296
909 0.75077 0.0683621 0.0164728
910 1 0.0720806 0.0248013
911 1 0.0785274 0.0237272
912 1 0.0808043 0.0270858
913 1 0.0799665 0.023313
914 1.01 0.0779312 0.0226008
915 1.01 0.085517 0.0327312
916 1.01 0.0786329 0.0266427
917 1.01 0.0740539 0.0231364
918 1.01 0.0854989 0.0311555
919 1.01 0.0724175 0.0248862
920 1.01 0.0808435 0.0224483
921 1.01 0.059232 0.0145067
922 1.01 0.0607301 0.0127902
923 1.01 0.0722427 0.0203752
924 1.01 0.0721899 0.0227201
925 1.01 0.0772092 0.0253356
926 1.01 0.0828809 0.0319362
927 1.01 0.0808181 0.0293319
928 1.01 0.0714868 0.0203554
929 1.01 0.0754403 0.0220357
930 1.02 0.0784528 0.0261655
931 1.02 0.073781 0.0228174
932 1.02 0.0963864 0.0340055
933 1.02 0.0950067 0.0426269
934 1.02 0.0873005 0.0348495
935 1.02 0.0762614 0.0285914
936 1.02 0.0938014 0.038061
937 1.02 0.0642972 0.0263236
938 1.02 0.0929002 0.0400019
939 1.02 0.0844942 0.0363301
940 1.02 0.0759837 0.0294612
941 1.02 0.0767523 0.0349193
942 1.02 0.0756983 0.0280126
943 1.02 0.0749539 0.0289977
944 1.02 0.0649424 0.0195048
945 1.02 0.0540585 0.014076
946 1.02 0.0670548 0.01826
947 1.02 0.0685743 0.019013
948 1.02 0.0771253 0.0273601
949 1.02 0.0690921 0.0233154
950 1.02 0.0709676 0.02435
951 1.02 0.0721917 0.0249746
952 1.02 0.0779291 0.0285219
953 1.02 0.0498201 0.0172499
954 1.02 0.0643747 0.0154409
955 1.02 0.0536612 0.0116879
956 1.02 0.0613129 0.0193318
957 1.02 0.0593715 0.0165557
958 1.02 0.0680971 0.0178464
959 1.02 0.0802847 0.0258502
960 1.02 0.0817498 0.0284154
961 1.02 0.0608771 0.0207972
962 1.02 0.0582317 0.0197243
963 1.02 0.065189 0.0256093
964 1.02 0.0659761 0.0230775
965 1.02 0.0758096 0.0261184
966 1.02 0.0778394 0.0222484
967 1.02 0.082235 0.0283279
968 1.02 0.0780416 0.0253363
969 1.02 0.0641702 0.0166058
970 1.02 0.0756516 0.0254538
971 1.02 0.0772408 0.0189429
972 1.02 0.0669174 0.0154156
973 1.02 0.0710709 0.0216321
974 1.02 0.0750981 0.0277087
975 1.02 0.0720285 0.0210906
976 1.02 0.0825122 0.0332329
977 1.02 0.077578 0.0364832
978 1.02 0.0527053 0.019637
979 1.02 0.0666307 0.0209656
980 1.02 0.0668861 0.0250769
981 1.02 0.0773604 0.0357459
982 1.02 0.0767887 0.0303057
983 1.02 0.0874675 0.0441907
984 1.02 0.0767288 0.0253962
985 1.02 0.0774823 0.0269064
986 1.02 0.0896907 0.0432327
987 1.02 0.0725845 0.0273654
988 1.02 0.0767982 0.0343922
989 1.02 0.0979867 0.0409356
990 1.02 0.0897265 0.0338756
991 1.02 0.0641348 0.0186064
992 1.02 0.0795476 0.0304173
993 1.02 0.0743835 0.0295202
994 1.02 0.0743466 0.0319138
995 1.02 0.0680787 0.0286861
996 1.02 0.0810039 0.0336823
997 1.02 0.0690112 0.023936
998 1.02 0.0497183 0.0154779
999 1.02 0.0638869 0.0218131
1000 1.02 0.0664918 0.0232226
