0 0.23013 0.0404846 0.00330551
1 0.23013 0.021572 0.00203654
2 0.26131 0.0203309 0.00197881
3 0.32873 0.0407459 0.00503148
4 0.32873 0.0314593 0.00285355
5 0.32873 0.0273889 0.00265631
6 0.32873 0.0277752 0.00261692
7 0.32873 0.0359968 0.00349122
8 0.32873 0.0250666 0.00241229
9 0.32873 0.0312507 0.00291041
10 0.32873 0.0332806 0.00381436
11 0.32873 0.0332312 0.00374839
12 0.32873 0.0319071 0.00307968
13 0.32873 0.0331172 0.00316868
14 0.32873 0.0320901 0.00298773
15 0.32873 0.0335402 0.00321177
16 0.32873 0.0305968 0.00346008
17 0.32873 0.0337823 0.00379569
18 0.32873 0.0394236 0.0040025
19 0.32873 0.0306521 0.00279388
20 0.32873 0.0271266 0.0026349
21 0.32873 0.0364223 0.00379567
22 0.32873 0.0260393 0.00217511
23 0.32873 0.0352932 0.00356779
24 0.32873 0.0393011 0.00399681
25 0.32873 0.0341768 0.00358192
26 0.32873 0.0329856 0.00349707
27 0.32873 0.0325226 0.00303909
28 0.32873 0.0379647 0.00397997
29 0.32873 0.0345539 0.00380292
30 0.32873 0.0430573 0.00405863
31 0.32873 0.0389964 0.00391191
32 0.3301 0.041181 0.00488007
33 0.3301 0.0377012 0.00408422
34 0.3301 0.0439647 0.00466862
35 0.3301 0.0410703 0.00423363
36 0.3301 0.0402296 0.00388599
37 0.3301 0.0339926 0.00379155
38 0.3301 0.033883 0.00347438
39 0.3301 0.0372125 0.0040763
40 0.3301 0.0333804 0.00348541
41 0.3301 0.0425311 0.00475639
42 0.3301 0.0386895 0.00389577
43 0.3301 0.0373534 0.00385959
44 0.3301 0.0332028 0.00369872
45 0.3301 0.0296778 0.00336987
46 0.3301 0.0459989 0.00483326
47 0.3301 0.0366518 0.00401067
48 0.3301 0.0307957 0.00287073
49 0.33444 0.038521 0.00397481
50 0.33444 0.0343461 0.00364205
51 0.33444 0.0378252 0.00373668
52 0.33444 0.0388167 0.00428067
53 0.33444 0.0402862 0.00432625
54 0.33444 0.0327367 0.00358521
55 0.33444 0.0412781 0.00428333
56 0.33444 0.0368735 0.0038864
57 0.33444 0.0371629 0.00388588
58 0.33444 0.0337746 0.00329952
59 0.33444 0.0436303 0.00453407
60 0.33444 0.0381215 0.00372809
61 0.33444 0.0428104 0.00459866
62 0.33444 0.0425449 0.00432351
63 0.33444 0.0373868 0.00392432
64 0.33444 0.0435764 0.00473814
65 0.33444 0.0368612 0.00382102
66 0.33444 0.0484182 0.00509882
67 0.35541 0.0477778 0.00579229
68 0.35541 0.0471943 0.00598169
69 0.35541 0.0430037 0.00480629
70 0.35541 0.0500613 0.0063944
71 0.35541 0.0444665 0.0058398
72 0.35541 0.0380168 0.00451352
73 0.35541 0.0424453 0.00533168
74 0.35541 0.0497518 0.00660729
75 0.37641 0.055104 0.00653789
76 0.37641 0.051595 0.00689226
77 0.37641 0.0504022 0.00603786
78 0.37641 0.0381231 0.00521283
79 0.37641 0.0514027 0.00688599
80 0.37641 0.0564321 0.0059245
81 0.37641 0.0479533 0.00675789
82 0.37641 0.0489666 0.00641229
83 0.37641 0.0513927 0.00705522
84 0.37641 0.0500894 0.00673991
85 0.3926 0.0548477 0.00757447
86 0.4106 0.0578706 0.00774099
87 0.4106 0.0705136 0.010004
88 0.4106 0.0527478 0.00816292
89 0.4106 0.0488001 0.00664112
90 0.4106 0.0564256 0.008381
91 0.43802 0.0630889 0.00999397
92 0.43802 0.0536266 0.00750949
93 0.48937 0.0419613 0.00745591
94 0.48937 0.0596588 0.00887571
95 0.48937 0.0508599 0.00767435
96 0.48937 0.0557079 0.0085037
97 0.48937 0.043743 0.00607946
98 0.48937 0.0453493 0.00540898
99 0.48937 0.0492821 0.00801516
100 0.53516 0.0373611 0.00571878
101 0.53516 0.0546442 0.00850634
102 0.53516 0.0485141 0.00723447
103 0.53516 0.0518135 0.00824467
104 0.53516 0.0464072 0.00689863
105 0.53516 0.0553476 0.0065839
106 0.53516 0.0528876 0.00766382
107 0.53516 0.0542578 0.00884469
108 0.53516 0.0490439 0.00603309
109 0.53516 0.0489619 0.00835367
110 0.53516 0.0503744 0.00764947
111 0.53516 0.0470495 0.00787816
112 0.53516 0.0576329 0.00796147
113 0.53516 0.0473807 0.00705561
114 0.53516 0.0553416 0.0104708
115 0.57209 0.054658 0.0103533
116 0.57209 0.0560013 0.00806607
117 0.57209 0.0456289 0.00779681
118 0.57209 0.0659079 0.01187
119 0.57209 0.0499191 0.00724937
120 0.57209 0.0540608 0.00821146
121 0.57209 0.0498175 0.00854259
122 0.57209 0.0499198 0.00722765
123 0.57209 0.060738 0.0115529
124 0.57209 0.0708364 0.0127888
125 0.57209 0.0608711 0.0110632
126 0.57209 0.0571099 0.0102509
127 0.57209 0.0636156 0.0123182
128 0.57209 0.0647951 0.0117692
129 0.57209 0.0739703 0.0131676
130 0.57209 0.0478399 0.00952377
131 0.57209 0.0527722 0.00931352
132 0.57209 0.0540983 0.0085467
133 0.57209 0.0496724 0.00942105
134 0.57209 0.0630183 0.0120574
135 0.57209 0.0593549 0.0103683
136 0.57209 0.0617499 0.00982863
137 0.57209 0.0574627 0.0117723
138 0.57209 0.0597801 0.0111123
139 0.57691 0.0630216 0.0144489
140 0.57691 0.0559196 0.00964892
141 0.57691 0.0553232 0.0105362
142 0.57691 0.0591889 0.0105171
143 0.57691 0.0446234 0.00662762
144 0.57691 0.0506154 0.00970509
145 0.57691 0.0483002 0.00893269
146 0.57691 0.0522254 0.00967243
147 0.57691 0.0544621 0.0101022
148 0.57691 0.0564889 0.0120797
149 0.57691 0.0529651 0.0108694
150 0.57691 0.048378 0.00918865
151 0.57691 0.0559108 0.0116025
152 0.57691 0.0576789 0.00978771
153 0.57691 0.0480627 0.00771013
154 0.57691 0.0568961 0.0113503
155 0.57691 0.0605542 0.0124167
156 0.57691 0.0673706 0.0138471
157 0.57691 0.070604 0.0151177
158 0.57691 0.0571936 0.0113832
159 0.57691 0.0578194 0.0123668
160 0.57691 0.0636173 0.0131468
161 0.57691 0.0620029 0.0123754
162 0.57691 0.0640348 0.0131952
163 0.57691 0.0528359 0.0102762
164 0.57691 0.0596847 0.0110724
165 0.57691 0.0662784 0.0134301
166 0.57691 0.0653265 0.0126494
167 0.57691 0.0669527 0.0138106
168 0.57691 0.0562143 0.0112693
169 0.57691 0.0631348 0.0121702
170 0.57691 0.0734122 0.0144236
171 0.57691 0.0552805 0.0113199
172 0.57691 0.0648357 0.0143505
173 0.57691 0.0620897 0.0136077
174 0.57691 0.0587236 0.0125227
175 0.57691 0.0614797 0.0131757
176 0.57691 0.0729107 0.0140835
177 0.57691 0.0580504 0.0114718
178 0.57691 0.0631626 0.0121671
179 0.57691 0.0630727 0.0132656
180 0.57691 0.0597796 0.0104919
181 0.62355 0.0652552 0.014312
182 0.62355 0.055999 0.0105781
183 0.62355 0.0572126 0.00970253
184 0.62355 0.0622801 0.00968809
185 0.62355 0.0562358 0.0109546
186 0.62355 0.0585349 0.0123553
187 0.62355 0.0463434 0.00754907
188 0.62355 0.0591071 0.0119217
189 0.62355 0.0534741 0.00802219
190 0.62355 0.0557544 0.00972818
191 0.62355 0.0507783 0.00852772
192 0.62355 0.0590702 0.0103216
193 0.62355 0.057719 0.00988122
194 0.62355 0.0512218 0.00975675
195 0.62355 0.0546733 0.00964368
196 0.62355 0.0529135 0.00835051
197 0.62355 0.0544164 0.00929633
198 0.62355 0.0589505 0.01026
199 0.62355 0.0608523 0.0111495
200 0.62355 0.0555716 0.0131377
201 0.62355 0.0592148 0.0101519
202 0.62355 0.0553913 0.01001
203 0.62355 0.0475095 0.00850135
204 0.62355 0.0610487 0.0106611
205 0.62355 0.0517488 0.00842041
206 0.62355 0.0646987 0.0124678
207 0.62355 0.0587854 0.0101159
208 0.62355 0.0591828 0.00849383
209 0.62355 0.0557993 0.0085711
210 0.62355 0.0525374 0.00880372
211 0.62355 0.0564343 0.00855982
212 0.62355 0.0524411 0.009444
213 0.62355 0.0422746 0.00624882
214 0.62355 0.0558831 0.0103292
215 0.62355 0.0513488 0.00978795
216 0.62355 0.0536572 0.0082672
217 0.62355 0.053472 0.00840303
218 0.62355 0.0401534 0.00535128
219 0.62355 0.0478836 0.0069661
220 0.62355 0.0561355 0.010179
221 0.62355 0.0625462 0.0115985
222 0.62355 0.0524969 0.00966412
223 0.62355 0.0622984 0.0112509
224 0.62355 0.0577439 0.00968079
225 0.62355 0.050218 0.00878572
226 0.62355 0.0436973 0.00837105
227 0.62355 0.0577957 0.011046
228 0.62355 0.0628402 0.0135091
229 0.62355 0.0590565 0.0117086
230 0.62355 0.0666744 0.0141345
231 0.62355 0.0694437 0.0145739
232 0.62355 0.0622036 0.0147972
233 0.62355 0.052015 0.0103605
234 0.62355 0.0610722 0.0118906
235 0.62355 0.0650815 0.0119481
236 0.62355 0.0541785 0.00941411
237 0.62355 0.0542913 0.00868112
238 0.62355 0.055237 0.00951117
239 0.62355 0.0593508 0.010025
240 0.62355 0.0633988 0.0111913
241 0.62355 0.0565974 0.00932496
242 0.62355 0.0706908 0.013262
243 0.62355 0.057713 0.0115571
244 0.62355 0.0594582 0.0116098
245 0.62355 0.0592661 0.0120498
246 0.62355 0.0582611 0.0108472
247 0.62355 0.0546039 0.0098957
248 0.62355 0.0572217 0.0103879
249 0.62355 0.0414928 0.00690132
250 0.62355 0.0580313 0.00979941
251 0.62355 0.0468158 0.00733738
252 0.62355 0.0451284 0.00734619
253 0.62355 0.0499595 0.0075001
254 0.62355 0.0540336 0.00902654
255 0.62355 0.0509776 0.0099676
256 0.62355 0.0564108 0.0102573
257 0.62355 0.0528559 0.00961441
258 0.62355 0.0519277 0.00892762
259 0.62355 0.0499772 0.00825464
260 0.62355 0.055481 0.0079336
261 0.62355 0.0614074 0.0104428
262 0.62355 0.063707 0.0103494
263 0.62355 0.0573834 0.010539
264 0.62355 0.0410995 0.00591634
265 0.62355 0.0542256 0.00765377
266 0.62355 0.0501737 0.00863406
267 0.62355 0.0421187 0.00628213
268 1 0.0546213 0.0132657
268 0.45625 0.0478087 0.00903131
269 0.49207 0.0579308 0.0112282
270 0.49207 0.0563172 0.0102559
271 0.49207 0.0452399 0.00776548
272 0.50794 0.0583505 0.0128093
273 0.50794 0.0570869 0.00957155
274 0.50794 0.0504272 0.00704101
275 0.50794 0.042744 0.00683626
276 0.50794 0.0515764 0.00902299
277 0.50794 0.0580821 0.0102014
278 0.50794 0.050946 0.00856992
279 0.50794 0.0549304 0.0098994
280 0.50794 0.0621053 0.0106619
281 0.50794 0.0479796 0.00889373
282 0.50794 0.0564685 0.00907399
283 0.50794 0.0697828 0.0124691
284 1 0.0574907 0.0131832
284 0.4762 0.0587014 0.0110198
285 0.4762 0.0577753 0.0111861
286 0.4762 0.0613582 0.0109938
287 0.50794 0.0523466 0.0113268
288 0.50794 0.0572151 0.0111862
289 0.50794 0.0498194 0.00882615
290 0.50794 0.0724112 0.0137965
291 0.50794 0.0539008 0.00995276
292 0.50794 0.0395048 0.00560932
293 0.50794 0.0706632 0.0125592
294 0.50794 0.0566683 0.00968367
295 0.50794 0.0516069 0.00873975
296 0.50794 0.0679636 0.0138101
297 0.50794 0.0508078 0.00953906
298 0.57143 0.0505855 0.00907752
299 0.57143 0.0509585 0.00774728
300 0.57143 0.0520796 0.00809216
301 0.57143 0.0548761 0.00971527
302 0.57143 0.0581264 0.00923508
303 0.57143 0.0498534 0.00784244
304 0.57143 0.0529393 0.008928
305 0.57143 0.0521697 0.00869706
306 0.57143 0.0511143 0.00933831
307 0.57143 0.0623438 0.0111634
308 0.57143 0.0616814 0.0108658
309 0.57143 0.0512216 0.00860313
310 0.57143 0.0566237 0.00898187
311 0.57143 0.036399 0.0044171
312 0.57143 0.0471704 0.00633158
313 0.57143 0.0553108 0.00937777
314 0.57143 0.0561019 0.00963912
315 0.57143 0.0604399 0.0110827
316 0.57143 0.0604419 0.0100427
317 0.57143 0.0653355 0.0113894
318 0.57143 0.0517837 0.00971881
319 0.57143 0.0530484 0.0090534
320 0.57143 0.0648107 0.0124703
321 0.57143 0.0573241 0.00905819
322 0.57143 0.0498431 0.0090449
323 0.57143 0.0560584 0.0105149
324 0.57143 0.0567522 0.0107848
325 0.57143 0.0510629 0.0103918
326 0.57143 0.0576967 0.0100768
327 0.57143 0.0479927 0.00882351
328 0.57143 0.0575418 0.0110493
329 0.57143 0.0553322 0.00919706
330 0.57143 0.0707627 0.0137876
331 0.57143 0.0536264 0.00941271
332 0.57143 0.0611793 0.0121939
333 0.57143 0.0553663 0.0101323
334 0.63493 0.0574157 0.0107984
335 0.63493 0.0490788 0.00753561
336 0.63493 0.0463505 0.00591471
337 0.63493 0.0455343 0.006558
338 0.63493 0.0498661 0.00871762
339 0.63493 0.0576789 0.00934627
340 0.63493 0.0574285 0.0110448
341 0.63493 0.0636883 0.0115547
342 0.63493 0.0552899 0.0104278
343 0.63493 0.0669603 0.0102208
344 0.63493 0.0696482 0.0126273
345 0.63493 0.0594644 0.00989126
346 0.63493 0.0587384 0.0119227
347 0.63493 0.0509178 0.00871368
348 0.63493 0.0502264 0.00842472
349 0.63493 0.0601709 0.0119709
350 0.63493 0.0538879 0.00962488
351 0.63493 0.0560176 0.00919032
352 0.63493 0.0625442 0.0123124
353 0.63493 0.0579332 0.0111981
354 0.63493 0.0695226 0.0133124
355 0.63493 0.061446 0.0125725
356 0.63493 0.0771116 0.0145212
357 0.63493 0.069819 0.0151601
358 0.63493 0.0584052 0.00959308
359 0.63493 0.0628308 0.0122602
360 0.63493 0.0674855 0.0128425
361 0.63493 0.0631018 0.012969
362 0.63493 0.0524772 0.00806136
363 0.63493 0.0524434 0.00817318
364 0.63493 0.0607899 0.00989398
365 0.63493 0.0483762 0.00884498
366 0.63493 0.0563461 0.00990529
367 0.63493 0.0489489 0.00918228
368 0.63493 0.0582268 0.00885352
369 0.63493 0.0656127 0.0121886
370 0.63493 0.0653837 0.0123849
371 0.63493 0.0657789 0.0117824
372 1 0.0619514 0.0135829
372 0.50207 0.0617392 0.011281
373 1 0.0631694 0.0143099
373 0.4762 0.0651888 0.0127194
374 0.4762 0.0612747 0.0100276
375 0.4762 0.0566014 0.00963897
376 0.4762 0.0616618 0.0122597
377 0.4762 0.0617734 0.00931658
378 0.4762 0.0584691 0.0119032
379 0.4762 0.0624123 0.0105017
380 0.79778 0.0639012 0.0125694
381 0.79778 0.0540113 0.00936742
382 0.79778 0.0652065 0.0137674
383 0.79778 0.0525987 0.0101847
384 0.79778 0.0549511 0.0101994
385 0.79778 0.0595354 0.0111593
386 0.79778 0.0552183 0.0107887
387 0.79778 0.0671572 0.0133433
388 0.79778 0.0508563 0.00893439
389 0.79778 0.0709345 0.0123615
390 0.79778 0.0548664 0.0107777
391 0.79778 0.0632383 0.012809
392 0.79778 0.0599287 0.0122717
393 0.79778 0.0598105 0.0108469
394 0.79778 0.0524656 0.008932
395 0.79778 0.0640777 0.0126069
396 0.79778 0.0571902 0.0101786
397 0.79778 0.0547619 0.0103026
398 0.79778 0.0588271 0.00975728
399 0.79778 0.0645227 0.011509
400 0.79778 0.0758668 0.0150303
401 0.79778 0.0557073 0.0107135
402 0.79778 0.0540234 0.0095614
403 0.79778 0.0646265 0.0112996
404 0.79778 0.077349 0.0145405
405 0.79778 0.0692129 0.012994
406 0.79778 0.0632475 0.0140314
407 0.79778 0.0630721 0.0127688
408 0.79778 0.0596381 0.0102907
409 0.79778 0.0679562 0.0132862
410 0.79778 0.0534944 0.00907145
411 0.79778 0.0601746 0.00967699
412 0.79778 0.0485412 0.00825703
413 0.79778 0.0554903 0.00873407
414 0.79778 0.0538533 0.0104951
415 0.79778 0.06819 0.0135504
416 0.79778 0.0569418 0.0127308
417 0.79778 0.0628199 0.0123988
418 0.79778 0.0705967 0.0146463
419 0.79778 0.0510118 0.0104753
420 0.79778 0.0540953 0.0104195
421 0.79778 0.0754337 0.0147728
422 0.79778 0.0595117 0.0128875
423 0.79778 0.0753049 0.0155158
424 0.79778 0.067142 0.0126565
425 0.79778 0.0667075 0.0143491
426 0.79778 0.0595026 0.0134458
427 0.79778 0.0621418 0.0127936
428 0.79778 0.0628938 0.0124876
429 0.79778 0.0594583 0.0129538
430 0.79778 0.0679396 0.0151047
431 0.79778 0.0641704 0.0128245
432 0.79778 0.0552868 0.0101113
433 0.79778 0.051434 0.0104058
434 0.79778 0.0496637 0.00745089
435 0.79778 0.0469881 0.00805884
436 0.79778 0.0564349 0.012256
437 0.79778 0.0742925 0.0145646
438 0.79778 0.0362459 0.00531299
439 0.79778 0.0490115 0.00884857
440 0.79778 0.0515082 0.0089182
441 0.79778 0.0496318 0.009476
442 0.79778 0.062308 0.011531
443 0.79778 0.0616893 0.0126327
444 0.79778 0.0600696 0.0128192
445 0.79778 0.0603777 0.0123158
446 0.79778 0.0688343 0.013821
447 0.79778 0.0582389 0.0108909
448 0.79778 0.05941 0.0111541
449 0.79778 0.0507642 0.00873597
450 0.79778 0.0648547 0.012775
451 0.79778 0.0638711 0.0134903
452 0.79778 0.0534601 0.0122023
453 0.79778 0.0689814 0.0150114
454 0.79778 0.052749 0.0104646
455 0.79778 0.0772205 0.0141528
456 0.79778 0.0640015 0.014359
457 0.79778 0.0578447 0.0100295
458 0.79778 0.0697128 0.0139093
459 0.79778 0.0743317 0.0143729
460 0.79778 0.0637942 0.0118787
461 0.79778 0.0652579 0.0131917
462 0.79778 0.0545195 0.0102852
463 0.79778 0.0587058 0.0109154
464 0.79778 0.0694747 0.0130325
465 0.79778 0.063525 0.0143199
466 0.79778 0.069912 0.0165934
467 0.79778 0.0723944 0.0151161
468 0.79778 0.0728184 0.0147907
469 0.79778 0.0554763 0.00926386
470 0.79778 0.0540881 0.0111851
471 0.79778 0.0646247 0.012245
472 0.79778 0.0588656 0.0111636
473 0.79778 0.0615672 0.0115762
474 0.79778 0.0518058 0.00854164
475 0.79778 0.0608252 0.0103967
476 0.79778 0.0660102 0.0122729
477 0.79778 0.0523112 0.0103836
478 0.79778 0.0606546 0.0112483
479 0.79778 0.0605255 0.0105601
480 0.79778 0.051021 0.00969372
481 0.79778 0.0493056 0.0108238
482 0.79778 0.0577417 0.0108437
483 0.79778 0.0545668 0.0100433
484 0.79778 0.0551551 0.00821423
485 0.79778 0.0597271 0.0111083
486 0.79778 0.0611177 0.0115945
487 0.79778 0.063967 0.0118966
488 0.79778 0.0529312 0.00955742
489 0.79778 0.0564914 0.0110316
490 0.79778 0.0445196 0.00584844
491 0.79778 0.0547941 0.0102804
492 0.79778 0.0613643 0.0103127
493 0.79778 0.0557996 0.00987816
494 0.79778 0.0543559 0.00993431
495 0.79778 0.0480363 0.0074242
496 0.79778 0.0507718 0.00786018
497 0.79778 0.0641251 0.010627
498 0.79778 0.0583994 0.00999552
499 0.79778 0.0600675 0.0106539
500 0.79778 0.0527078 0.0085003
501 0.79778 0.0554204 0.00953908
502 0.79778 0.0677579 0.014973
503 0.79778 0.0506577 0.00906948
504 0.79778 0.0585667 0.0120137
505 0.79778 0.051613 0.00997462
506 0.79778 0.0584152 0.0113276
507 0.79778 0.0613324 0.012054
508 0.79778 0.0592899 0.00939242
509 0.79778 0.0600965 0.012227
510 0.79778 0.0625157 0.012067
511 0.79778 0.0532834 0.0101224
512 0.79778 0.0532887 0.0099053
513 0.79778 0.0523984 0.01048
514 0.79778 0.0497764 0.00872148
515 0.79778 0.0558781 0.0120666
516 0.79778 0.0623581 0.0103384
517 0.79778 0.0532334 0.00951528
518 0.79778 0.0674887 0.0135694
519 0.79778 0.051868 0.0100198
520 0.79778 0.0527963 0.0102442
521 0.79778 0.0535965 0.0103807
522 0.79778 0.0607893 0.0123493
523 0.79778 0.0495491 0.00850984
524 0.79778 0.0531077 0.00966942
525 0.79778 0.0465074 0.00826169
526 0.79778 0.0516484 0.00976789
527 0.79778 0.0553583 0.009012
528 0.79778 0.0497898 0.00712458
529 0.79778 0.0552894 0.0103871
530 0.79778 0.056031 0.00863909
531 0.79778 0.0467778 0.00737216
532 0.79778 0.0596179 0.00890617
533 0.79778 0.0562937 0.0101082
534 0.79778 0.0586611 0.0104883
535 0.79778 0.0533561 0.00904706
536 0.79778 0.038903 0.00631095
537 0.79778 0.0477056 0.00666306
538 0.79778 0.0479529 0.00743864
539 0.79778 0.051273 0.00924207
540 0.79778 0.0537122 0.00983033
541 0.79778 0.0521689 0.0103951
542 0.79778 0.0495991 0.00961528
543 0.79778 0.0592253 0.0111264
544 0.79778 0.0552823 0.0116625
545 0.79778 0.0549397 0.00867633
546 0.79778 0.0490109 0.00795251
547 0.79778 0.0603295 0.00802628
548 0.79778 0.0489745 0.00697855
549 0.79778 0.0512546 0.00800841
550 0.79778 0.0458839 0.00768018
551 0.79778 0.0474092 0.00636358
552 0.79778 0.0458051 0.00625626
553 0.79778 0.0439066 0.00632019
554 0.79778 0.0550883 0.00869131
555 0.79778 0.0441258 0.00717583
556 0.79778 0.051693 0.0082928
557 0.79778 0.0498011 0.00708476
558 0.79778 0.0475062 0.00712137
559 0.79778 0.045527 0.00627601
560 0.79778 0.052768 0.00922846
561 0.79778 0.0506583 0.00880326
562 0.79778 0.0439688 0.00596651
563 0.79778 0.0470134 0.00786121
564 0.79778 0.0595783 0.00891404
565 0.79778 0.0505019 0.00732831
566 0.79778 0.0560924 0.00947628
567 0.79778 0.0510645 0.00850785
568 0.79778 0.0594572 0.00910363
569 0.79778 0.0430525 0.00538722
570 0.79778 0.0512541 0.00773565
571 0.79778 0.0544189 0.00958544
572 0.79778 0.0509635 0.00902479
573 0.79778 0.050465 0.0103247
574 0.79778 0.0573256 0.010434
575 0.79778 0.0561711 0.0107914
576 0.79778 0.0570506 0.00970116
577 0.79778 0.0556536 0.00905861
578 0.79778 0.0712056 0.0132238
579 0.79778 0.0513815 0.00855752
580 0.79778 0.0555149 0.00920605
581 0.79778 0.0537179 0.00849491
582 0.79778 0.0601358 0.00947282
583 0.79778 0.0603103 0.0117345
584 0.79778 0.0598927 0.0105641
585 0.79778 0.0607985 0.0116003
586 0.79778 0.0603934 0.0117689
587 0.79778 0.0491751 0.0112504
588 0.79778 0.0566846 0.00950554
589 0.79778 0.0602942 0.0130051
590 0.79778 0.0516638 0.00957666
591 0.79778 0.0575677 0.0104919
592 0.79778 0.0600068 0.0105775
593 0.79778 0.0630142 0.0104618
594 0.79778 0.0544178 0.0104065
595 0.79778 0.0660502 0.0105214
596 0.79778 0.0652145 0.0108944
597 0.79778 0.0655295 0.0115241
598 0.79778 0.060051 0.0108991
599 0.79778 0.056876 0.011258
600 0.79778 0.056434 0.0109845
601 0.79778 0.0597955 0.0123042
602 0.79778 0.0638221 0.0136577
603 0.79778 0.0729932 0.0148971
604 0.79778 0.0445974 0.0100524
605 0.79778 0.0728603 0.0130982
606 0.79778 0.0679256 0.0138145
607 0.79778 0.0523088 0.00910555
608 0.79778 0.059716 0.0105175
609 0.79778 0.0697339 0.0134588
610 0.79778 0.0564787 0.0126447
611 0.79778 0.0479375 0.00802386
612 0.79778 0.0639757 0.013384
613 0.79778 0.0631915 0.0108978
614 0.79778 0.0615965 0.0115159
615 0.79778 0.0614961 0.0132984
616 0.79778 0.055526 0.0118663
617 0.79778 0.0527018 0.00992276
618 0.79778 0.064558 0.0124852
619 0.79778 0.0580502 0.0116686
620 0.79778 0.0553436 0.00916949
621 0.79778 0.053588 0.00914796
622 0.79778 0.0714589 0.0156924
623 0.79778 0.0570598 0.0135953
624 0.79778 0.0509553 0.0107038
625 0.79778 0.0590082 0.0107284
626 0.79778 0.0589145 0.0137096
627 0.79778 0.053842 0.0114646
628 0.79778 0.061317 0.0114809
629 0.79778 0.047894 0.0113215
630 0.79778 0.0629339 0.0137829
631 0.79778 0.0505727 0.00789395
632 0.79778 0.0630733 0.0124973
633 0.79778 0.0634316 0.0119289
634 0.79778 0.0531799 0.0106791
635 0.79778 0.0546332 0.0102657
636 0.79778 0.0490664 0.00872937
637 0.79778 0.0578583 0.0119978
638 0.79778 0.0483168 0.0100202
639 0.79778 0.0522001 0.0103946
640 0.79778 0.0591525 0.0111506
641 0.79778 0.0570768 0.00915606
642 0.79778 0.047845 0.00941506
643 0.79778 0.0579418 0.010089
644 0.79778 0.0557415 0.0106479
645 0.79778 0.0548542 0.00939592
646 0.79778 0.056062 0.0100854
647 0.79778 0.0507059 0.0079017
648 0.79778 0.042913 0.00717998
649 0.79778 0.0483739 0.00783559
650 0.79778 0.0542248 0.00959324
651 0.79778 0.0539173 0.00813912
652 0.79778 0.0506574 0.00809094
653 0.79778 0.0482003 0.00738464
654 0.79778 0.0554391 0.0110971
655 0.79778 0.0552497 0.0100917
656 0.79778 0.0524387 0.00860183
657 0.79778 0.0596871 0.0107543
658 0.79778 0.0666117 0.0139733
659 0.79778 0.0530409 0.00926415
660 0.79778 0.0657223 0.0129176
661 0.79778 0.0613761 0.0125952
662 0.79778 0.0602063 0.0124963
663 0.79778 0.055323 0.010065
664 0.79778 0.0542597 0.0117731
665 0.79778 0.061247 0.0116841
666 0.79778 0.0692812 0.0127684
667 0.79778 0.0713254 0.0133331
668 0.79778 0.0539855 0.00955269
669 0.79778 0.0574218 0.0105752
670 0.79778 0.066142 0.010798
671 0.79778 0.0743531 0.0145999
672 0.79778 0.0649928 0.0131354
673 0.79778 0.0525183 0.00892237
674 0.79778 0.0484231 0.00738637
675 0.79778 0.0560968 0.00935746
676 0.79778 0.0663541 0.0127526
677 0.79778 0.0613921 0.0115443
678 0.79778 0.0701344 0.0134964
679 0.79778 0.0608988 0.0112336
680 0.79778 0.0493962 0.00854807
681 0.79778 0.0616774 0.012441
682 0.79778 0.0634805 0.0120853
683 0.79778 0.062591 0.0126717
684 0.79778 0.0654547 0.0122047
685 0.79778 0.0547737 0.0078409
686 0.79778 0.0571095 0.00991222
687 0.79778 0.0590388 0.0113414
688 0.79778 0.0586873 0.0105176
689 0.79778 0.0605544 0.0115419
690 0.79778 0.0548679 0.00972767
691 0.79778 0.0467953 0.00669197
692 0.79778 0.0671639 0.0113999
693 0.79778 0.0571626 0.0117407
694 0.79778 0.0630747 0.0132399
695 0.79778 0.0689375 0.0133415
696 0.79778 0.0624125 0.0121033
697 0.79778 0.067051 0.0119679
698 0.79778 0.0591086 0.0117587
699 0.79778 0.0570548 0.0102205
700 0.79778 0.0499755 0.00954562
701 0.79778 0.0567483 0.00987099
702 0.79778 0.0623941 0.0106355
703 0.79778 0.0481922 0.00953534
704 0.79778 0.0527487 0.00892922
705 0.79778 0.0631086 0.0116292
706 0.79778 0.0502096 0.00795327
707 0.79778 0.0455117 0.00967686
708 0.79778 0.0437473 0.00734682
709 0.79778 0.0588966 0.0114855
710 0.79778 0.0514408 0.00855107
711 0.79778 0.0600473 0.0110692
712 0.79778 0.0517559 0.00866894
713 0.79778 0.0507492 0.00850593
714 0.79778 0.0503077 0.00935545
715 0.79778 0.0577446 0.0107872
716 0.79778 0.0518097 0.0101783
717 0.79778 0.0553269 0.00976555
718 0.79778 0.0471575 0.00804362
719 0.79778 0.0627459 0.0122779
720 0.79778 0.0551799 0.0103263
721 0.79778 0.0639218 0.013504
722 0.79778 0.068186 0.0123204
723 0.79778 0.0391563 0.00768107
724 0.79778 0.0453825 0.009584
725 0.79778 0.0564036 0.011853
726 0.79778 0.0667391 0.0150964
727 0.79778 0.0690533 0.0150667
728 0.79778 0.066003 0.0144038
729 0.79778 0.0616497 0.0129667
730 0.79778 0.0610559 0.0113413
731 0.79778 0.0539827 0.0110972
732 0.79778 0.0667277 0.0127936
733 0.79778 0.0693667 0.015774
734 0.79778 0.0693985 0.0174304
735 0.79778 0.0511668 0.0100546
736 0.79778 0.0675323 0.013199
737 0.79778 0.0520242 0.0102314
738 0.79778 0.0624898 0.0130763
739 0.79778 0.0521055 0.0108039
740 0.79778 0.0607683 0.0111379
741 0.79778 0.0747897 0.0170798
742 0.79778 0.0548459 0.0124287
743 0.79778 0.0560771 0.00972908
744 0.79778 0.0606906 0.0132069
745 0.79778 0.0655392 0.0147084
746 0.79778 0.0621018 0.0139189
747 0.79778 0.0614295 0.0128794
748 0.79778 0.0798398 0.0160186
749 0.79778 0.073705 0.015698
750 0.79778 0.0601105 0.0127272
751 0.79778 0.0654827 0.0156481
752 0.79778 0.0597471 0.0116852
753 0.79778 0.0641276 0.0127845
754 0.79778 0.0615069 0.0129803
755 0.79778 0.0564577 0.012865
756 0.79778 0.0484922 0.00840245
757 0.79778 0.0600857 0.0136489
758 0.79778 0.064421 0.0133524
759 0.79778 0.0505903 0.00857779
760 0.79778 0.0437719 0.00655388
761 0.79778 0.0662288 0.0131159
762 0.79778 0.0575826 0.0112692
763 0.79778 0.058371 0.0115167
764 0.79778 0.064216 0.0129794
765 0.79778 0.0664375 0.0137891
766 0.79778 0.0538352 0.0105977
767 0.79778 0.0697123 0.0153668
768 0.79778 0.0476781 0.00894517
769 0.79778 0.049239 0.00993354
770 0.79778 0.061417 0.0122813
771 0.79778 0.0562145 0.0115786
772 0.79778 0.056807 0.0108208
773 0.79778 0.0505194 0.0109757
774 0.79778 0.0663972 0.0137794
775 0.79778 0.0505855 0.00984446
776 0.79778 0.0471966 0.0092641
777 0.79778 0.055454 0.00937217
778 0.79778 0.0551095 0.00978319
779 0.79778 0.057742 0.0124695
780 0.79778 0.0646365 0.0140599
781 0.79778 0.0752866 0.0161465
782 0.79778 0.0600701 0.0110956
783 0.79778 0.0467019 0.00685284
784 0.79778 0.0497337 0.00952799
785 0.79778 0.0611462 0.0109572
786 0.79778 0.0530954 0.00908128
787 0.79778 0.0598087 0.0110514
788 0.79778 0.0508536 0.0084787
789 0.79778 0.0540434 0.0110383
790 0.79778 0.0623388 0.0124459
791 0.79778 0.0424463 0.00805188
792 0.79778 0.0510523 0.0088686
793 0.79778 0.0535324 0.0108819
794 0.79778 0.0518169 0.00867756
795 0.79778 0.0520804 0.00886502
796 0.79778 0.0507307 0.00907921
797 0.79778 0.0456259 0.00830383
798 0.79778 0.0541565 0.00843605
799 0.79778 0.0604592 0.0110874
800 0.79778 0.0436933 0.00780825
801 0.79778 0.0489413 0.0078761
802 0.79778 0.0461579 0.00844107
803 0.79778 0.0594725 0.0137127
804 0.79778 0.0612761 0.0144802
805 0.79778 0.0552564 0.0112992
806 0.79778 0.0701865 0.0140158
807 0.79778 0.0669645 0.0142896
808 0.79778 0.0727816 0.0143159
809 0.79778 0.0591263 0.0134756
810 0.79778 0.0505912 0.0101312
811 0.79778 0.0608682 0.0128827
812 0.79778 0.0481035 0.00889324
813 0.79778 0.0561331 0.0111575
814 0.79778 0.0515433 0.00982759
815 0.79778 0.0612055 0.0142488
816 0.79778 0.0651078 0.0154731
817 0.79778 0.0571661 0.0117341
818 0.79778 0.0635657 0.0141669
819 0.79778 0.0628592 0.0138195
820 0.79778 0.0518509 0.00967029
821 0.79778 0.0664466 0.0142431
822 0.79778 0.0434471 0.00835451
823 0.79778 0.0570503 0.0134055
824 0.79778 0.051926 0.0089917
825 0.79778 0.0527983 0.00865068
826 0.79778 0.0543567 0.0103337
827 0.79778 0.0648973 0.0130979
828 0.79778 0.0575291 0.010344
829 0.79778 0.0602077 0.0133752
830 0.79778 0.0548709 0.0116838
831 0.79778 0.0601796 0.0118466
832 0.79778 0.0685454 0.0158461
833 0.79778 0.0601144 0.0128448
834 0.79778 0.069243 0.0147951
835 0.79778 0.0617602 0.0142623
836 0.79778 0.0677456 0.0138716
837 0.79778 0.0664719 0.0139816
838 0.79778 0.0626074 0.0114352
839 0.79778 0.0627242 0.0139647
840 0.79778 0.0695513 0.013251
841 0.79778 0.0642856 0.0127086
842 0.79778 0.0592796 0.0126036
843 0.79778 0.0531974 0.00875592
844 0.79778 0.0578818 0.0116078
845 0.79778 0.0571164 0.0114192
846 0.79778 0.0699665 0.0139636
847 0.79778 0.0652339 0.0125448
848 0.79778 0.0393489 0.00496427
849 0.79778 0.0570984 0.0108253
850 0.79778 0.0639257 0.0128474
851 0.79778 0.0601882 0.0108375
852 0.79778 0.0437653 0.00851101
853 0.79778 0.0488481 0.00943112
854 0.79778 0.0609194 0.0107547
855 0.79778 0.0621808 0.0136295
856 0.79778 0.0575931 0.0123137
857 0.79778 0.0614704 0.013616
858 0.79778 0.0632572 0.0120735
859 0.79778 0.0560014 0.0105289
860 0.79778 0.0521449 0.0107307
861 0.79778 0.0523777 0.010253
862 0.79778 0.0623342 0.0101332
863 0.79778 0.0550561 0.0106843
864 0.79778 0.055033 0.00990767
865 0.79778 0.064022 0.0111914
866 0.79778 0.0518964 0.0100317
867 0.79778 0.0581368 0.0118975
868 0.79778 0.044143 0.00747135
869 0.79778 0.060998 0.0121432
870 0.79778 0.0664008 0.0142174
871 0.79778 0.0614204 0.0137923
872 0.79778 0.0526283 0.00973442
873 0.79778 0.0520304 0.00902165
874 0.79778 0.0455045 0.00892247
875 0.79778 0.0643093 0.0141889
876 0.79778 0.050758 0.00866466
877 0.79778 0.0519932 0.0109325
878 0.79778 0.0499402 0.00971231
879 0.79778 0.0644218 0.0118446
880 0.79778 0.0565706 0.00943013
881 0.79778 0.06016 0.0111809
882 0.79778 0.0568944 0.0109899
883 0.79778 0.0545254 0.0111144
884 0.79778 0.0575397 0.0113313
885 0.79778 0.0670894 0.0141306
886 0.79778 0.052056 0.0111347
887 0.79778 0.0659129 0.0128435
888 0.79778 0.0570536 0.0107159
889 0.79778 0.0608821 0.0119936
890 0.79778 0.0662306 0.0142336
891 0.79778 0.0514483 0.00900194
892 0.79778 0.0629396 0.0142522
893 0.79778 0.0516751 0.0104848
894 0.79778 0.0597284 0.0115116
895 0.79778 0.0592685 0.0117543
896 0.79778 0.0605874 0.013356
897 0.79778 0.0611392 0.0132187
898 0.79778 0.0656766 0.0138555
899 0.79778 0.0625366 0.0114987
900 0.79778 0.0580626 0.0130015
901 0.79778 0.0517349 0.0105458
902 0.79778 0.0626587 0.0124491
903 0.79778 0.0544535 0.010753
904 0.79778 0.0518937 0.00890771
905 0.79778 0.0601311 0.0114634
906 0.79778 0.037517 0.00483047
907 0.79778 0.0414409 0.0072516
908 0.79778 0.0462375 0.00682477
909 0.79778 0.0501695 0.00792263
910 0.79778 0.0381949 0.00592608
911 0.79778 0.0549381 0.010647
912 0.79778 0.0660456 0.01436
913 0.79778 0.0409725 0.00630822
914 0.79778 0.0573987 0.00945412
915 0.79778 0.0548191 0.0102348
916 0.79778 0.0554956 0.00918607
917 0.79778 0.0579164 0.00924885
918 0.79778 0.048996 0.00987288
919 0.79778 0.0604237 0.00933697
920 0.79778 0.0474671 0.00635489
921 0.79778 0.0555492 0.00926136
922 0.80953 0.0625507 0.0130243
923 1 0.0578926 0.0153135
923 0.4862 0.0532684 0.00977761
924 0.50312 0.0558712 0.00873607
925 0.91477 0.0554825 0.0138557
926 0.91477 0.0453398 0.00756318
927 0.91477 0.0555117 0.0120393
928 0.91477 0.0432415 0.00573901
929 0.91477 0.0525774 0.00693644
930 0.91477 0.0437632 0.00626837
931 0.91477 0.0483104 0.00800668
932 1 0.0467144 0.0109614
932 0.63493 0.0503502 0.00986131
933 0.69254 0.0547093 0.0104306
934 0.92064 0.0571103 0.0124356
935 0.92064 0.0530843 0.010677
936 0.92064 0.055723 0.00841781
937 0.92064 0.0436908 0.00640046
938 0.92064 0.0511047 0.0102491
939 0.92064 0.0525435 0.0105032
940 0.92064 0.0601483 0.0109875
941 1.01 0.0496859 0.0118801
941 1.01 0.0570219 0.0132727
941 0.4762 0.0564597 0.0101074
942 0.57556 0.0463162 0.00931048
943 0.57556 0.0463016 0.00688191
944 0.92064 0.0438357 0.00984366
945 0.92064 0.0511596 0.0104444
946 0.92064 0.0427 0.00873714
947 0.92064 0.0519296 0.0121264
948 0.92064 0.0580669 0.0130449
949 0.92064 0.0542145 0.0117866
950 0.92064 0.0404739 0.00624034
951 0.92064 0.0570083 0.00925853
952 0.92064 0.0528717 0.00871265
953 0.92064 0.0612411 0.0122166
954 0.92064 0.057849 0.0124544
955 0.93677 0.055423 0.0135014
956 0.99857 0.0648399 0.0162788
957 0.99857 0.0471275 0.00855514
958 0.99857 0.0496446 0.00890427
959 0.99857 0.0553314 0.0109148
960 1 0.0539073 0.0120748
960 1 0.0641208 0.017125
960 0.41374 0.045827 0.00663594
961 0.4762 0.057488 0.010267
962 0.4762 0.0546087 0.0103212
963 0.66644 0.0671836 0.0133205
964 0.66644 0.0510469 0.00802595
965 0.66644 0.0608913 0.0111211
966 0.66644 0.0524946 0.00997269
967 0.66644 0.0605357 0.0099971
968 0.66644 0.050392 0.0102652
969 0.66644 0.0469101 0.00824784
970 0.66644 0.0455172 0.00840837
971 0.66644 0.0531661 0.00843033
972 0.66644 0.0634377 0.0102652
973 0.66644 0.057802 0.0117427
974 0.66644 0.0663356 0.012141
975 0.66644 0.0548666 0.00949351
976 0.66644 0.0568807 0.0109061
977 0.66644 0.0523011 0.0101649
978 0.66644 0.0576052 0.0107088
979 0.66644 0.0477806 0.00760191
980 0.66644 0.0469929 0.00731746
981 0.66644 0.0490651 0.00694437
982 0.66644 0.0671612 0.0125664
983 0.66644 0.0611512 0.0120874
984 0.66644 0.0438633 0.00749768
985 0.66644 0.0574781 0.00860819
986 0.66644 0.0481933 0.00694336
987 0.66644 0.0471979 0.00875226
988 0.66644 0.0608153 0.0123846
989 0.66644 0.0469768 0.00806125
990 0.66644 0.0565637 0.0108595
991 0.66644 0.0631829 0.0131433
992 0.66644 0.0505509 0.0085227
993 0.66644 0.057645 0.0107833
994 0.66644 0.0299736 0.00331569
995 1.01 0.0722224 0.0162004
996 1.01 0.0603275 0.0122192
997 1.01 0.0642838 0.0100037
998 1.01 0.0584936 0.0124442
999 1.01 0.0578099 0.0108059
1000 1.01 0.0626852 0.0113089
