0 0.25298 0.0434211 0.00375648
1 0.25298 0.0252881 0.00255129
2 0.25298 0.0219119 0.00212069
3 0.25298 0.0313655 0.00358805
4 0.29418 0.028454 0.00310536
5 0.29418 0.0185619 0.00159598
6 0.29418 0.0212083 0.00187812
7 0.29418 0.032657 0.00322404
8 0.29418 0.0303564 0.00322282
9 0.30024 0.0271786 0.00302368
10 0.30079 0.0243171 0.00289915
11 0.30079 0.0362839 0.00379814
12 0.30079 0.0364937 0.00384499
13 0.30079 0.035275 0.0038039
14 0.30079 0.0252983 0.00220591
15 0.30079 0.0379543 0.0045407
16 0.30079 0.0329735 0.00321068
17 0.30079 0.02379 0.00232905
18 0.30079 0.0353125 0.0036332
19 0.30079 0.035794 0.0042245
20 0.30079 0.0356033 0.00359209
21 0.30079 0.0321329 0.00324025
22 0.30079 0.0322798 0.00316294
23 0.30251 0.0420365 0.00439103
24 0.30251 0.0324681 0.00325514
25 0.30251 0.0338632 0.00355639
26 0.30251 0.0363009 0.00363138
27 0.30251 0.0321742 0.00357369
28 0.32569 0.0331832 0.00346647
29 0.32569 0.0418314 0.00469157
30 0.32569 0.0346098 0.00346562
31 0.32851 0.0380273 0.00450765
32 0.32851 0.0393135 0.00417914
33 0.32851 0.0406477 0.00469662
34 0.32851 0.0293664 0.00309337
35 0.32851 0.0354954 0.00390389
36 0.36899 0.041157 0.00493128
37 0.36899 0.0377512 0.0041725
38 0.36899 0.0382513 0.00437406
39 0.36899 0.0467185 0.00545861
40 0.36899 0.0341147 0.00361838
41 0.36899 0.0441624 0.00502742
42 0.36899 0.0331576 0.00306211
43 0.36899 0.0293401 0.00351549
44 0.36899 0.0377993 0.0040267
45 0.36899 0.0416998 0.00463862
46 0.36899 0.0387364 0.00434029
47 0.36899 0.0382331 0.00440333
48 0.36899 0.0292093 0.00291523
49 0.36899 0.0424844 0.00434779
50 0.36899 0.0319358 0.00335028
51 0.36899 0.04459 0.00488356
52 0.36899 0.0384371 0.00414018
53 0.36899 0.0317635 0.00322268
54 0.36899 0.0421953 0.00464727
55 0.36899 0.0369326 0.00355893
56 0.36899 0.0414601 0.00456584
57 0.36899 0.0358841 0.00372282
58 0.36899 0.0351792 0.00361705
59 0.36899 0.0427115 0.00506734
60 0.36899 0.0335855 0.00345273
61 0.36899 0.0399917 0.00431131
62 0.36899 0.0410081 0.00477206
63 0.36899 0.0304408 0.00304296
64 0.36899 0.0512217 0.00537673
65 0.36899 0.0415297 0.00441184
66 0.36899 0.0450926 0.00510902
67 0.41346 0.0425967 0.00512477
68 0.41346 0.0453473 0.0051807
69 0.41346 0.0483795 0.00570951
70 0.41346 0.0395292 0.00425531
71 0.41346 0.0438809 0.0044187
72 0.41346 0.0514538 0.00587207
73 0.41346 0.0428493 0.00496645
74 0.41346 0.0425293 0.0048759
75 0.41346 0.0409226 0.00382671
76 0.41346 0.0443403 0.00453764
77 0.41346 0.0440779 0.00447289
78 0.41346 0.0392339 0.00389642
79 0.41346 0.0517527 0.00541478
80 0.41346 0.0416021 0.00436194
81 0.41346 0.0366836 0.0038606
82 0.41346 0.038607 0.00432182
83 0.41346 0.0517962 0.0053319
84 0.41346 0.0400349 0.00429134
85 0.41346 0.0461579 0.00526941
86 0.41346 0.0427657 0.00482899
87 0.41346 0.0354515 0.00384826
88 0.41346 0.0660071 0.00688293
89 0.41346 0.0417996 0.00492786
90 0.41346 0.0397362 0.00438691
91 0.41346 0.0387657 0.00454798
92 0.41346 0.0521164 0.00591935
93 0.41346 0.0362613 0.00467609
94 0.4762 0.0522296 0.00743524
95 0.4762 0.0446755 0.00547135
96 0.4762 0.0401486 0.0052407
97 0.4762 0.0476146 0.00683236
98 0.4762 0.052128 0.00711649
99 0.4762 0.0578978 0.00801761
100 0.4762 0.0517142 0.00729604
101 0.4762 0.0558551 0.00817989
102 0.4762 0.0593069 0.00851642
103 0.4762 0.0576415 0.0101233
104 0.4762 0.0553457 0.00819332
105 0.4762 0.0487458 0.00673819
106 0.4762 0.0531145 0.00773183
107 0.4762 0.0550301 0.00776786
108 0.4762 0.0403483 0.00626249
109 0.4762 0.0515642 0.00858639
110 0.4762 0.0458944 0.0056054
111 0.4762 0.0502523 0.00850712
112 0.4762 0.0544988 0.00945305
113 0.4762 0.0418816 0.00632655
114 0.4762 0.0480479 0.00680643
115 0.59102 0.056545 0.0101652
116 0.59102 0.0612796 0.0117448
117 0.59102 0.0540911 0.00943861
118 0.59102 0.0547072 0.00882961
119 0.59102 0.0580408 0.00937964
120 0.59102 0.0492992 0.00883216
121 0.59102 0.0498574 0.00805749
122 0.59102 0.0463886 0.00694607
123 0.59102 0.0459102 0.00628105
124 0.59102 0.0458342 0.00629154
125 0.59102 0.0566628 0.00774353
126 0.59102 0.0538221 0.00862178
127 0.59102 0.0554622 0.0085109
128 0.59102 0.0544687 0.00890315
129 0.59102 0.0489886 0.007435
130 0.59102 0.0539757 0.00892431
131 0.59102 0.0485764 0.0088717
132 0.59102 0.0558332 0.00908749
133 0.59102 0.0589387 0.0106525
134 0.59102 0.0482396 0.00704212
135 0.59102 0.0574913 0.00852826
136 0.59102 0.0508903 0.00837291
137 0.59102 0.0554034 0.00980511
138 0.59102 0.0588916 0.00953912
139 0.59102 0.044791 0.00821301
140 0.59102 0.0578279 0.0108593
141 0.59102 0.0589896 0.0110184
142 0.59102 0.0623577 0.0105461
143 0.59102 0.0588048 0.00898119
144 0.59102 0.0620786 0.00840446
145 0.59102 0.0574937 0.00969253
146 0.59102 0.0584453 0.00958522
147 0.59102 0.0568442 0.00850538
148 0.59102 0.0585402 0.00932523
149 0.59102 0.0502786 0.00764737
150 0.59102 0.0560912 0.00982557
151 0.59102 0.0528252 0.00849358
152 0.59102 0.0562988 0.00942025
153 0.59102 0.0543719 0.0093552
154 0.59102 0.0489039 0.00798917
155 0.59102 0.0622999 0.0102438
156 0.59102 0.0572857 0.00836996
157 0.59102 0.0667005 0.0120668
158 0.59102 0.061986 0.00975565
159 0.59102 0.0626839 0.0117899
160 0.59102 0.0483687 0.00804507
161 0.59102 0.0614559 0.0100257
162 0.59102 0.0535252 0.00846012
163 0.59102 0.0490407 0.0080991
164 0.59102 0.0413116 0.00509265
165 0.59102 0.0502724 0.00818582
166 0.59102 0.0486642 0.0075019
167 0.59102 0.0394075 0.00559911
168 0.59102 0.0514656 0.00763192
169 0.59102 0.03859 0.00653073
170 0.59102 0.0499146 0.00727482
171 0.59102 0.0523103 0.00810562
172 0.59102 0.0466824 0.0079937
173 0.59102 0.0500022 0.00964212
174 0.59102 0.0539112 0.00819548
175 0.59102 0.0575201 0.00855529
176 0.59102 0.0417445 0.00584955
177 0.59102 0.0440746 0.00680103
178 0.59102 0.0486344 0.00744982
179 0.59102 0.052905 0.00762499
180 0.59102 0.0545425 0.00726749
181 0.59102 0.0516124 0.00765794
182 0.59102 0.0413214 0.00574806
183 0.59102 0.0532095 0.00808527
184 0.59102 0.0485379 0.00780464
185 0.59102 0.0478319 0.0081509
186 0.59102 0.0637431 0.0110633
187 0.59102 0.0638742 0.011288
188 0.59102 0.0567199 0.00826416
189 0.59102 0.0670517 0.0117462
190 0.59102 0.0561803 0.00976484
191 0.59102 0.0616336 0.00986651
192 0.59102 0.0639575 0.0107296
193 0.59102 0.0567447 0.00936251
194 1.02 0.0567088 0.0125739
194 0.47032 0.0505463 0.00867795
195 0.47032 0.0692319 0.0111443
196 0.4762 0.078502 0.0139042
197 0.4762 0.0565448 0.00835416
198 0.50403 0.0648711 0.0119862
199 0.50403 0.0531125 0.00874219
200 0.52086 0.0518439 0.00904561
201 0.52086 0.0430466 0.00720979
202 0.52086 0.0560375 0.00898244
203 0.52086 0.0480761 0.00851138
204 0.52086 0.0629736 0.0103606
205 0.52086 0.0541025 0.00755765
206 0.52086 0.0549332 0.00864708
207 0.52086 0.0487458 0.00812154
208 0.52086 0.0561856 0.0102761
209 0.58731 0.0516021 0.00927271
210 0.58731 0.0489174 0.00657305
211 0.58731 0.0457312 0.00666897
212 0.58731 0.0409184 0.00716859
213 0.58731 0.0479965 0.0085508
214 0.58731 0.0476077 0.00811709
215 0.58731 0.0467676 0.0075993
216 0.58731 0.0507931 0.00771732
217 0.58731 0.0439202 0.00693439
218 0.58731 0.0553596 0.010119
219 0.58731 0.0605177 0.00992227
220 0.58731 0.0518402 0.00881797
221 0.58731 0.0492313 0.00737553
222 0.58731 0.0541937 0.0102303
223 0.58731 0.0575889 0.00996931
224 0.58731 0.0494866 0.00712777
225 0.58731 0.0450424 0.00675421
226 0.58731 0.0694371 0.0126503
227 0.58731 0.0540773 0.00893312
228 0.58731 0.0566135 0.00972974
229 0.58731 0.0600362 0.0104088
230 0.58731 0.0555901 0.010818
231 1.02 0.0610941 0.0156652
231 0.64153 0.0597048 0.011447
232 0.64153 0.0487162 0.00865299
233 0.64153 0.0495247 0.00740136
234 0.64153 0.0557832 0.00902776
235 0.64153 0.0479382 0.00765443
236 0.64153 0.05463 0.00973536
237 0.64153 0.0616262 0.0100582
238 1.01 0.0599913 0.0134722
238 0.4762 0.073235 0.0111276
239 0.4762 0.0641156 0.0104109
240 0.6445 0.0534099 0.0117127
241 0.6445 0.0674178 0.0128699
242 0.6445 0.0613657 0.0114752
243 0.6445 0.0595867 0.0106033
244 0.6445 0.0579927 0.0108478
245 0.6445 0.0497437 0.00833489
246 0.67 0.0480697 0.00985391
247 1 0.0579196 0.0148531
247 0.90889 0.0691583 0.0151953
248 0.90889 0.0546943 0.0093853
249 0.90889 0.0622989 0.0120644
250 0.90889 0.0556869 0.0112879
251 0.90889 0.0710589 0.0138859
252 0.90889 0.0491199 0.00998934
253 0.90889 0.0521693 0.0091879
254 0.90889 0.0570138 0.0100121
255 0.90889 0.0610506 0.0113541
256 0.90889 0.0611804 0.0112871
257 0.90889 0.0545312 0.00912867
258 0.90889 0.0657022 0.011595
259 0.90889 0.0596359 0.0095071
260 0.90889 0.0500051 0.0115488
261 0.90889 0.0620167 0.0131193
262 0.90889 0.0728832 0.0146211
263 0.90889 0.0591061 0.0113684
264 0.90889 0.0762336 0.0158214
265 1.00913 0.0729228 0.0184221
265 0.49691 0.0700832 0.0122497
266 0.61254 0.0685746 0.0137411
267 0.61254 0.0607751 0.0112022
268 0.61254 0.0473461 0.00784417
269 0.61254 0.0663281 0.0124447
270 0.61254 0.0577564 0.0107764
271 0.61254 0.0527987 0.00890815
272 0.61254 0.0526272 0.00959832
273 0.61254 0.0693754 0.0104992
274 0.61254 0.0550405 0.010487
275 0.61254 0.0635618 0.0119769
276 0.61254 0.0572922 0.0111009
277 0.61254 0.0670182 0.0119562
278 0.61254 0.0630424 0.0136606
279 0.61254 0.050015 0.00968255
280 0.61254 0.0505871 0.00784409
281 0.61254 0.043051 0.00649363
282 0.61254 0.0673959 0.00948308
283 0.62069 0.0685937 0.0145345
284 0.71651 0.0557621 0.0119134
285 0.71651 0.065798 0.0142674
286 0.71651 0.0598248 0.0107231
287 0.73902 0.0712885 0.0168237
288 0.73902 0.0698272 0.016925
289 0.73902 0.0794361 0.0184399
290 0.73902 0.0495539 0.00925058
291 0.73902 0.0704003 0.014546
292 0.73902 0.0678652 0.0108465
293 0.73902 0.05816 0.0113242
294 0.73902 0.0591513 0.00968242
295 0.78119 0.0676787 0.0137846
296 0.84663 0.0699644 0.0168285
297 0.84663 0.0685363 0.0134468
298 0.84663 0.0598208 0.0110289
299 0.84663 0.0657104 0.0123834
300 0.84663 0.0638789 0.0133841
301 0.84663 0.0710458 0.0147515
302 0.84663 0.0634297 0.0108158
303 0.84663 0.0682767 0.011729
304 0.84663 0.0678653 0.0122732
305 0.84663 0.0561318 0.00969978
306 0.84663 0.0660083 0.00958422
307 0.84663 0.0662084 0.0127553
308 0.84663 0.0667929 0.0122327
309 0.84663 0.0453949 0.00909613
310 0.84663 0.0505993 0.00933539
311 0.84663 0.0576955 0.00907537
312 0.84663 0.0643382 0.00967818
313 0.84663 0.0455407 0.00748616
314 0.84663 0.0460053 0.00733153
315 0.84663 0.0532436 0.00796355
316 0.84663 0.0478762 0.00806645
317 0.84663 0.0631538 0.0105575
318 0.84663 0.0595585 0.00999181
319 0.84663 0.0617306 0.010456
320 0.84663 0.0599031 0.0101671
321 0.84663 0.0638025 0.0108335
322 0.84663 0.0507814 0.00877222
323 0.84663 0.0483939 0.00767404
324 0.84663 0.0632469 0.0110729
325 0.84663 0.0527071 0.00777313
326 0.84663 0.0563036 0.00993784
327 0.84663 0.0548581 0.00841177
328 0.84663 0.0549527 0.0111175
329 0.84663 0.0471741 0.0101432
330 0.84663 0.0533608 0.0104354
331 0.84663 0.0453739 0.00771276
332 0.84663 0.0548524 0.00887625
333 0.84663 0.0553655 0.00936978
334 0.84663 0.0547372 0.00853031
335 0.84663 0.0583172 0.0110866
336 0.84663 0.0390308 0.00684661
337 0.84663 0.0438715 0.00528976
338 0.84663 0.0480077 0.00566571
339 0.84663 0.0431248 0.00715587
340 0.84663 0.0527935 0.00894863
341 0.84663 0.0495293 0.00944156
342 0.84663 0.0543221 0.00945568
343 0.84663 0.048575 0.00787324
344 0.84663 0.055387 0.00929271
345 0.84663 0.0550634 0.00886053
346 0.84663 0.0724333 0.01551
347 0.84663 0.0588599 0.0114515
348 0.84663 0.0601156 0.0113596
349 0.84663 0.0523198 0.00949511
350 0.84663 0.0610265 0.0117627
351 0.84663 0.0541658 0.0103414
352 0.84663 0.0649229 0.0122312
353 0.84663 0.0661485 0.0107401
354 0.84663 0.0531635 0.00897023
355 0.84663 0.0582866 0.00962861
356 0.84663 0.0616912 0.0106088
357 0.84663 0.054709 0.00893839
358 0.84663 0.0543616 0.00786776
359 0.84663 0.0528876 0.00817447
360 0.84663 0.0565883 0.00933438
361 0.84663 0.0744554 0.0140935
362 0.84663 0.0550251 0.0101251
363 0.84663 0.0696621 0.0123235
364 0.84663 0.0542895 0.00949381
365 0.84663 0.0537757 0.010415
366 0.84663 0.0638744 0.0126401
367 0.84663 0.0655795 0.0130549
368 0.84663 0.06836 0.0137107
369 0.84663 0.0713174 0.0115494
370 0.84663 0.0715789 0.0133303
371 0.84663 0.0508807 0.00936592
372 0.84663 0.0602451 0.0110719
373 0.84663 0.0582899 0.0096045
374 0.84663 0.0692799 0.0121876
375 0.84663 0.0470122 0.00735335
376 0.84663 0.0604231 0.0102706
377 0.84663 0.0640623 0.0114717
378 0.84663 0.0579609 0.00953065
379 0.84663 0.0575084 0.00948365
380 0.84663 0.0539524 0.0108425
381 0.84663 0.0545253 0.00946353
382 0.84663 0.0529189 0.00749576
383 0.84663 0.0572523 0.00894459
384 0.84663 0.0669694 0.0127717
385 0.84663 0.0555416 0.00810066
386 0.84663 0.0603479 0.0104511
387 0.84663 0.0531697 0.0102083
388 0.84663 0.0571538 0.0103609
389 0.84663 0.0505624 0.00925599
390 0.84663 0.0498473 0.00758619
391 0.84663 0.0548633 0.0084975
392 0.84663 0.0554496 0.010233
393 0.84663 0.0501894 0.00843493
394 0.84663 0.0455689 0.00746527
395 0.84663 0.049639 0.00662623
396 0.84663 0.0447304 0.0075741
397 0.84663 0.0576333 0.0107317
398 0.84663 0.0531272 0.00804639
399 0.84663 0.0611641 0.0117087
400 0.84663 0.052899 0.00836461
401 0.84663 0.0507677 0.00806489
402 0.84663 0.0570296 0.00938274
403 0.84663 0.044863 0.00654807
404 0.84663 0.0528067 0.00826514
405 0.84663 0.0566402 0.00863545
406 0.84663 0.0567875 0.00917359
407 0.84663 0.0466757 0.0073154
408 0.84663 0.0512398 0.00800858
409 0.84663 0.0440608 0.00733615
410 0.84663 0.0480128 0.00774069
411 0.84663 0.0512917 0.00745662
412 0.84663 0.0459209 0.00769173
413 0.84663 0.0503804 0.00861394
414 0.84663 0.0572809 0.00901964
415 0.84663 0.0545133 0.00819566
416 0.84663 0.055636 0.011163
417 0.84663 0.0504608 0.0104592
418 0.84663 0.0627202 0.0117267
419 0.84663 0.0657478 0.0122985
420 0.84663 0.049232 0.00944343
421 0.84663 0.0505438 0.0094644
422 0.84663 0.0457191 0.00860429
423 0.84663 0.0486639 0.00812475
424 0.84663 0.0636917 0.00895343
425 0.84663 0.0425565 0.00687036
426 0.84663 0.0423999 0.00582149
427 0.84663 0.0584049 0.00995881
428 0.84663 0.0550542 0.00993218
429 0.84663 0.0602077 0.0106989
430 0.84663 0.0460286 0.00664783
431 0.84663 0.0478257 0.00804549
432 0.84663 0.0472715 0.0081151
433 0.84663 0.054773 0.0106153
434 0.84663 0.056972 0.0102764
435 0.84663 0.0442111 0.00627489
436 0.84663 0.0529482 0.00742796
437 0.84663 0.0442954 0.00590774
438 0.84663 0.0575769 0.0107268
439 0.84663 0.0577156 0.00991403
440 0.84663 0.0525033 0.00833667
441 0.84663 0.0571037 0.010554
442 0.84663 0.0573788 0.00973404
443 0.84663 0.0567409 0.0087156
444 0.84663 0.0521262 0.00810749
445 0.84663 0.0587259 0.0114253
446 0.84663 0.0695381 0.0112807
447 0.84663 0.0495387 0.00873061
448 0.84663 0.0657247 0.0113145
449 0.84663 0.048961 0.00715909
450 0.84663 0.0534953 0.0095109
451 0.84663 0.0513838 0.00864707
452 0.84663 0.0571358 0.00966028
453 0.84663 0.0506411 0.00964829
454 0.84663 0.0507788 0.00873458
455 0.84663 0.0523623 0.00937336
456 0.84663 0.0555885 0.0101344
457 0.84663 0.0478151 0.00926714
458 0.84663 0.0437451 0.00748822
459 0.84663 0.0564589 0.0111856
460 0.84663 0.0538023 0.0109992
461 0.84663 0.0463955 0.00787734
462 0.84663 0.0610663 0.0117603
463 0.84663 0.0676883 0.0139628
464 0.84663 0.0615562 0.0107242
465 0.84663 0.0492492 0.0100035
466 0.84663 0.0591148 0.0110799
467 0.84663 0.0473829 0.00850607
468 0.84663 0.0575533 0.0109341
469 0.84663 0.0560732 0.0122279
470 0.84663 0.0636606 0.0127453
471 0.84663 0.0648768 0.010589
472 0.84663 0.0580775 0.0110278
473 0.84663 0.0629198 0.0134828
474 0.84663 0.0602401 0.0106468
475 0.84663 0.0584673 0.0133408
476 0.84663 0.0596443 0.0129319
477 0.84663 0.0475744 0.0093989
478 0.84663 0.0570557 0.0104458
479 0.84663 0.0546241 0.00972549
480 0.84663 0.0539543 0.0106765
481 0.84663 0.046187 0.00754795
482 0.84663 0.0485406 0.00925925
483 0.84663 0.0590826 0.00955695
484 0.84663 0.0691014 0.0124206
485 0.84663 0.0446341 0.00765009
486 0.84663 0.0503093 0.00922089
487 0.84663 0.0453267 0.00742958
488 0.84663 0.0667903 0.0115463
489 0.84663 0.0638149 0.0105573
490 0.84663 0.0564535 0.0112146
491 0.84663 0.0609904 0.0135407
492 0.84663 0.0575095 0.0121119
493 0.84663 0.05744 0.0134127
494 0.84663 0.0510934 0.00799024
495 0.84663 0.0535836 0.00921568
496 0.84663 0.0495973 0.00951435
497 0.84663 0.0486781 0.00916708
498 0.84663 0.0402606 0.0068513
499 0.84663 0.0563777 0.00919664
500 0.84663 0.0583737 0.0104268
501 0.84663 0.0470918 0.0085841
502 0.84663 0.0487411 0.00875386
503 0.84663 0.0478408 0.00687504
504 0.84663 0.0511773 0.00837765
505 0.84663 0.0527799 0.00973331
506 0.84663 0.05102 0.00917301
507 0.84663 0.0448362 0.00830849
508 0.84663 0.0556896 0.00815811
509 0.84663 0.0542336 0.0090846
510 0.84663 0.0603165 0.00967112
511 0.84663 0.0575998 0.0105374
512 0.84663 0.0557684 0.0095443
513 0.84663 0.0753881 0.0139327
514 0.84663 0.064222 0.011216
515 0.84663 0.0557673 0.0117895
516 0.84663 0.063964 0.0143385
517 0.84663 0.0543119 0.0101286
518 1 0.0659082 0.0161256
518 1 0.0858712 0.0219003
518 1 0.067364 0.018802
518 1.01 0.0623963 0.0155309
518 1 0.0687774 0.0161849
518 0.4762 0.0469428 0.00832035
519 0.49207 0.0631356 0.0138994
520 0.75604 0.059136 0.0128863
521 0.75604 0.0568438 0.0101389
522 0.75604 0.0583037 0.0104458
523 0.75604 0.0593634 0.0106854
524 0.75604 0.0585218 0.0116965
525 0.75604 0.0483189 0.00827123
526 0.75604 0.0533953 0.0111489
527 0.75604 0.0606873 0.0108354
528 0.75604 0.0488927 0.00853263
529 0.75604 0.0505359 0.00811596
530 0.75604 0.0566628 0.0100213
531 0.75604 0.0497468 0.00999701
532 0.75604 0.0544561 0.00946524
533 0.75604 0.0519326 0.00886214
534 0.75604 0.0497593 0.0109171
535 0.75604 0.0573217 0.0105604
536 0.75604 0.0489231 0.00949233
537 0.75604 0.0617438 0.011822
538 0.75604 0.0445366 0.00786323
539 0.75604 0.0546534 0.009129
540 0.75604 0.0534933 0.0104188
541 0.75604 0.056036 0.0117801
542 0.75604 0.0436778 0.00786731
543 0.75604 0.0436761 0.00855699
544 0.75604 0.0499423 0.00822361
545 0.75604 0.0629071 0.0124253
546 1.01 0.0752909 0.0197927
547 1.01 0.0727819 0.0216764
548 1.01 0.0547968 0.0133718
549 1.01 0.0813953 0.022536
550 1.01 0.0572594 0.0119338
551 1.01 0.0536742 0.00953542
552 1.01 0.0597737 0.0127277
553 1.01 0.0603982 0.0100868
554 1.01 0.0456193 0.00735237
555 1.01 0.051313 0.00966523
556 1.01 0.0506933 0.00773065
557 1.01 0.0522723 0.00853822
558 1.01 0.0514608 0.00929104
559 1.01 0.0544424 0.0119383
560 1.01 0.0588063 0.0108388
561 1.01 0.0626663 0.0115227
562 1.01 0.0645731 0.0116441
563 1.01 0.0578229 0.01047
564 1.01 0.0613005 0.0104353
565 1.01 0.0594281 0.00897943
566 1.01 0.0501688 0.00825422
567 1.01 0.0672159 0.0143147
568 1.01 0.054096 0.0100118
569 1.01 0.0615882 0.0117782
570 1.01 0.0509353 0.00890607
571 1.01 0.0496955 0.00759056
572 1.01 0.0621563 0.013247
573 1.01 0.0628407 0.0107874
574 1.01 0.0596673 0.00999658
575 1.01 0.0607532 0.010644
576 1.01 0.0618753 0.0120519
577 1.01 0.0680825 0.0128279
578 1.01 0.0621305 0.0107629
579 1.01 0.0605559 0.0101054
580 1.01 0.0652318 0.00934606
581 1.01 0.0631871 0.0110023
582 1.01 0.0644794 0.013148
583 1.01 0.0555788 0.0106683
584 1.01 0.0658302 0.0138774
585 1.01 0.058308 0.0110536
586 1.01 0.04248 0.00646791
587 1.01 0.0385869 0.00589057
588 1.01 0.0495209 0.00733355
589 1.01 0.0481982 0.0100774
590 1.01 0.0478049 0.00849349
591 1.01 0.0535859 0.00889731
592 1.01 0.0558472 0.0100724
593 1.01 0.0533459 0.00924382
594 1.01 0.0554552 0.0109601
595 1.01 0.0525005 0.00875398
596 1.01 0.0600142 0.00923302
597 1.01 0.0530168 0.00899527
598 1.01 0.0428636 0.00715476
599 1.01 0.0581511 0.0122719
600 1.01 0.0530793 0.00973846
601 1.01 0.0489002 0.00716622
602 1.01 0.0538027 0.00861233
603 1.01 0.0609919 0.0104703
604 1.01 0.0622692 0.0119207
605 1.01 0.0496378 0.00843494
606 1.01 0.0586642 0.0117604
607 1.01 0.059914 0.0127825
608 1.01 0.0604559 0.0106673
609 1.01 0.0460828 0.00864224
610 1.01 0.0534683 0.00938838
611 1.01 0.0689972 0.0134692
612 1.01 0.051805 0.00852655
613 1.01 0.0499286 0.00947012
614 1.01 0.045302 0.00846884
615 1.01 0.0536067 0.00818965
616 1.01 0.0689984 0.0132816
617 1.01 0.0512002 0.0100142
618 1.01 0.0594567 0.0117447
619 1.01 0.0505207 0.00843183
620 1.01 0.0441009 0.00733891
621 1.01 0.0498452 0.00929292
622 1.01 0.0632575 0.0131097
623 1.01 0.05208 0.0107735
624 1.01 0.0520906 0.00813763
625 1.01 0.0427645 0.00735232
626 1.01 0.0514362 0.0118488
627 1.01 0.0595458 0.00959935
628 1.01 0.0567875 0.00978458
629 1.01 0.0462954 0.00723896
630 1.01 0.0493439 0.00876208
631 1.01 0.0637168 0.0110878
632 1.01 0.0450543 0.00747873
633 1.01 0.0482496 0.00650705
634 1.01 0.0518816 0.00813024
635 1.01 0.0591874 0.0120108
636 1.01 0.0577564 0.0114194
637 1.01 0.0637848 0.00919718
638 1.01 0.0512595 0.0101318
639 1.01 0.0581309 0.0103269
640 1.01 0.0542601 0.00985539
641 1.01 0.0708631 0.0135617
642 1.01 0.0639517 0.0108739
643 1.01 0.0594518 0.0121001
644 1.01 0.0645995 0.0109168
645 1.01 0.0641549 0.0109651
646 1.01 0.0598786 0.0111513
647 1.01 0.0599665 0.0101638
648 1.01 0.0498824 0.00816896
649 1.01 0.0578188 0.00988024
650 1.01 0.0656282 0.0114141
651 1.01 0.0633701 0.0104835
652 1.01 0.0533263 0.00981181
653 1.01 0.0550019 0.0095117
654 1.01 0.06466 0.0122771
655 1.01 0.0524009 0.00905672
656 1.01 0.0660065 0.0136454
657 1.01 0.0657971 0.0144872
658 1.01 0.0607318 0.00999027
659 1.01 0.0556171 0.00932492
660 1.01 0.0508077 0.00874478
661 1.01 0.0606224 0.00936542
662 1.01 0.0612634 0.00991697
663 1.01 0.0506783 0.00892535
664 1.01 0.0548465 0.00921808
665 1.01 0.0461587 0.00854069
666 1.01 0.0554416 0.00897301
667 1.01 0.0492317 0.00829166
668 1.01 0.0462621 0.00686022
669 1.01 0.0636503 0.0108533
670 1.01 0.0530017 0.00908239
671 1.01 0.0571229 0.0101578
672 1.01 0.0519704 0.0095342
673 1.01 0.0644237 0.0145757
674 1.01 0.0613041 0.0112922
675 1.01 0.0613957 0.0117244
676 1.01 0.0468466 0.00791213
677 1.01 0.0508334 0.00739021
678 1.01 0.0526876 0.00836943
679 1.01 0.0517552 0.00774984
680 1.01 0.0552508 0.00870306
681 1.01 0.0532252 0.0100046
682 1.01 0.0472245 0.00827429
683 1.01 0.0548876 0.00983946
684 1.01 0.0518852 0.00948814
685 1.01 0.0601359 0.0102906
686 1.01 0.0618397 0.0109468
687 1.01 0.0535536 0.009736
688 1.01 0.0525377 0.00814145
689 1.01 0.062017 0.0106848
690 1.01 0.0638058 0.0111834
691 1.01 0.0565361 0.00980428
692 1.01 0.0548662 0.00997533
693 1.01 0.0527211 0.0102294
694 1.01 0.0599484 0.0107455
695 1.01 0.0535228 0.00881042
696 1.01 0.0491434 0.00717078
697 1.01 0.0662577 0.0122253
698 1.01 0.0488482 0.00744124
699 1.01 0.0719882 0.0148325
700 1.01 0.0580671 0.0113094
701 1.01 0.0496066 0.00874749
702 1.01 0.0713994 0.0135084
703 1.01 0.0495197 0.00857548
704 1.01 0.0424576 0.00640094
705 1.01 0.0612295 0.0121642
706 1.01 0.0538393 0.0114703
707 1.01 0.059971 0.00925624
708 1.01 0.0588554 0.00983509
709 1.01 0.0512132 0.00900764
710 1.01 0.0604019 0.0117657
711 1.01 0.0411975 0.0064458
712 1.01 0.0572681 0.00840549
713 1.01 0.0453658 0.00745788
714 1.01 0.0503693 0.00702616
715 1.01 0.0491694 0.00890065
716 1.01 0.0439604 0.00760419
717 1.01 0.0490338 0.00820396
718 1.01 0.0422173 0.00488765
719 1.01 0.0444601 0.00757742
720 1.01 0.0447131 0.00890892
721 1.01 0.0617914 0.0105111
722 1.01 0.0588636 0.00896442
723 1.01 0.0478111 0.00748775
724 1.01 0.0487655 0.00774317
725 1.01 0.0548722 0.00838565
726 1.01 0.0587146 0.00990168
727 1.01 0.0585363 0.0124232
728 1.01 0.0531918 0.00984528
729 1.01 0.0567484 0.0103326
730 1.01 0.056764 0.011949
731 1.01 0.0563085 0.0103777
732 1.01 0.058191 0.00905644
733 1.01 0.0574702 0.0115754
734 1.01 0.0595293 0.0106068
735 1.01 0.0638154 0.0135044
736 1.01 0.0581079 0.0110032
737 1.01 0.0648773 0.0137142
738 1.01 0.0686653 0.0124877
739 1.01 0.0621729 0.012852
740 1.01 0.0691821 0.0138722
741 1.01 0.0614423 0.0109781
742 1.01 0.0664611 0.0136679
743 1.01 0.0542753 0.0124031
744 1.01 0.064937 0.0159136
745 1.01 0.0604231 0.011468
746 1.01 0.0622263 0.0131212
747 1.01 0.0606973 0.0109379
748 1.01 0.0659661 0.0107825
749 1.01 0.0593245 0.0116865
750 1.01 0.0730372 0.015602
751 1.01 0.0539698 0.0130847
752 1.01 0.0576373 0.00875093
753 1.01 0.0639428 0.0111521
754 1.01 0.0671211 0.0115914
755 1.01 0.0590801 0.0102197
756 1.01 0.054952 0.0106649
757 1.01 0.0529814 0.00923167
758 1.01 0.0570519 0.0100949
759 1.01 0.0549642 0.0084713
760 1.01 0.0723557 0.0157435
761 1.01 0.0485005 0.00887288
762 1.01 0.0639665 0.0130332
763 1.01 0.0640899 0.0118395
764 1.01 0.0563862 0.0124954
765 1.01 0.0560447 0.0113047
766 1.01 0.0763699 0.0172418
767 1.01 0.054894 0.0107026
768 1.01 0.0560636 0.011011
769 1.01 0.0414684 0.00548577
770 1.01 0.0517834 0.0103244
771 1.01 0.0761976 0.0148611
772 1.01 0.0620711 0.0119243
773 1.01 0.0653431 0.0130016
774 1.01 0.0626749 0.0108073
775 1.01 0.0555882 0.0121777
776 1.01 0.06647 0.0117123
777 1.01 0.067064 0.0126832
778 1.01 0.0600784 0.0116779
779 1.01 0.0680366 0.0136859
780 1.01 0.0548977 0.0116558
781 1.01 0.060477 0.0110134
782 1.01 0.0784663 0.0171158
783 1.01 0.0576109 0.0102979
784 1.01 0.0560924 0.0105226
785 1.01 0.0643551 0.012174
786 1.01 0.0660089 0.0147072
787 1.01 0.0621429 0.014535
788 1.01 0.0574728 0.00996123
789 1.01 0.0600319 0.0103711
790 1.01 0.0631923 0.0124496
791 1.01 0.0659992 0.0140867
792 1.01 0.0672357 0.0119167
793 1.01 0.074193 0.0151559
794 1.01 0.0590625 0.0112969
795 1.01 0.0568941 0.0109137
796 1.01 0.0649811 0.0122936
797 1.01 0.0635604 0.0114245
798 1.01 0.0550697 0.0104959
799 1.01 0.055553 0.00781975
800 1.01 0.064416 0.0124947
801 1.01 0.076015 0.0137746
802 1.01 0.0589085 0.0122927
803 1.01 0.057116 0.0111074
804 1.01 0.0518721 0.0106085
805 1.01 0.0614972 0.0130493
806 1.01 0.0679934 0.0155358
807 1.01 0.0578287 0.0117217
808 1.01 0.0524228 0.0088558
809 1.01 0.0526591 0.0102095
810 1.01 0.0575966 0.0125488
811 1.01 0.0520026 0.008586
812 1.01 0.0497987 0.00988276
813 1.01 0.0543065 0.0100543
814 1.01 0.0586595 0.0129124
815 1.01 0.0672121 0.0145031
816 1.01 0.057148 0.0124405
817 1.01 0.0588361 0.0124942
818 1.01 0.0546176 0.0103879
819 1.01 0.0554553 0.011778
820 1.01 0.0480095 0.00997473
821 1.01 0.0568919 0.0123876
822 1.01 0.0558833 0.0129837
823 1.01 0.0541972 0.0126536
824 1.01 0.0541565 0.0108148
825 1.01 0.0606315 0.0122065
826 1.01 0.0600068 0.00987481
827 1.01 0.0516054 0.00957143
828 1.01 0.0668538 0.0121579
829 1.01 0.0545614 0.00943355
830 1.01 0.0570097 0.010964
831 1.01 0.0517031 0.00911169
832 1.01 0.0513291 0.0102342
833 1.01 0.0534765 0.0104437
834 1.01 0.0680359 0.0131135
835 1.01 0.056182 0.0106317
836 1.01 0.0559819 0.0110934
837 1.01 0.061222 0.00921312
838 1.01 0.0435608 0.00582219
839 1.01 0.0548237 0.00861577
840 1.01 0.0654272 0.0118721
841 1.01 0.0508045 0.00790419
842 1.01 0.0555663 0.0105244
843 1.01 0.0617233 0.0106347
844 1.01 0.0643333 0.012262
845 1.01 0.0663517 0.0111384
846 1.01 0.0625569 0.0117121
847 1.01 0.0495011 0.00830156
848 1.01 0.0518117 0.0092128
849 1.01 0.0564799 0.00947066
850 1.01 0.0605297 0.009554
851 1.01 0.0481984 0.0088053
852 1.01 0.0506609 0.00683116
853 1.01 0.0562908 0.0102378
854 1.01 0.0642324 0.01138
855 1.01 0.0622663 0.0120085
856 1.01 0.0665118 0.0135167
857 1.01 0.0618341 0.0113047
858 1.01 0.0616534 0.0121126
859 1.01 0.0715833 0.0139295
860 1.01 0.068 0.0130412
861 1.01 0.0570243 0.00949608
862 1.01 0.0512787 0.00869021
863 1.01 0.0538589 0.0108685
864 1.01 0.0621945 0.013138
865 1.01 0.0677307 0.0115257
866 1.01 0.0653511 0.0116027
867 1.01 0.0648372 0.0123671
868 1.01 0.0710285 0.0131829
869 1.01 0.0564237 0.0105732
870 1.01 0.0626397 0.0136074
871 1.01 0.0594271 0.0120433
872 1.01 0.0593875 0.0116367
873 1.01 0.0674177 0.0114959
874 1.01 0.0640214 0.0108075
875 1.01 0.0601039 0.0109897
876 1.01 0.0694179 0.0127467
877 1.01 0.0568315 0.0120808
878 1.01 0.0691958 0.0129172
879 1.01 0.0621332 0.0106989
880 1.01 0.0566076 0.0100539
881 1.01 0.0593577 0.0126853
882 1.01 0.0570468 0.00958445
883 1.01 0.0553599 0.0108843
884 1.01 0.0534672 0.011526
885 1.01 0.0594692 0.0124558
886 1.01 0.0558956 0.0088234
887 1.01 0.0658937 0.014106
888 1.01 0.070255 0.0130672
889 1.01 0.0702869 0.0156112
890 1.01 0.0578417 0.0100961
891 1.01 0.0567274 0.0104705
892 1.01 0.0540402 0.0103784
893 1.01 0.0663516 0.0149732
894 1.01 0.0679974 0.0167421
895 1.01 0.0652965 0.0111019
896 1.01 0.048893 0.00966855
897 1.01 0.0505848 0.0106302
898 1.01 0.0653313 0.013402
899 1.01 0.0593896 0.0131534
900 1.01 0.0624607 0.0124224
901 1.01 0.0551756 0.0115731
902 1.01 0.0608454 0.0119429
903 1.01 0.0593132 0.0118014
904 1.01 0.0633753 0.0119906
905 1.01 0.0541387 0.0122727
906 1.01 0.0552803 0.0101175
907 1.01 0.0576135 0.016375
908 1.02 0.0649393 0.014396
909 1.02 0.0561174 0.0102615
910 1.02 0.0556199 0.00841471
911 1.02 0.0587545 0.0130988
912 1.02 0.0462737 0.00933848
913 1.02 0.0539025 0.0102982
914 1.02 0.061762 0.0117431
915 1.02 0.0420357 0.00663173
916 1.02 0.0571575 0.0102034
917 1.02 0.0500079 0.0101984
918 1.02 0.0527741 0.0086839
919 1.02 0.0528641 0.0102719
920 1.02 0.0490881 0.00882709
921 1.02 0.056855 0.00950703
922 1.02 0.0705724 0.0121492
923 1.02 0.0533688 0.0094774
924 1.02 0.0516164 0.0109684
925 1.02 0.0537572 0.0109471
926 1.02 0.0621474 0.0131296
927 1.02 0.0670831 0.0162404
928 1.02 0.0551239 0.0105445
929 1.02 0.0571336 0.011862
930 1.02 0.0618081 0.0130969
931 1.02 0.0567378 0.0107748
932 1.02 0.0629389 0.0145388
933 1.02 0.058314 0.0128965
934 1.02 0.0608335 0.0127163
935 1.02 0.060694 0.0122828
936 1.02 0.0592823 0.0133255
937 1.02 0.0636282 0.0119146
938 1.02 0.0525816 0.0102313
939 1.02 0.0518535 0.00847742
940 1.02 0.0483414 0.00899535
941 1.02 0.0593597 0.0125228
942 1.02 0.054354 0.0101078
943 1.02 0.0502229 0.00886326
944 1.02 0.0443243 0.0066094
945 1.02 0.0515413 0.0100535
946 1.02 0.0517002 0.00803215
947 1.02 0.0511465 0.00827854
948 1.02 0.0549036 0.00905059
949 1.02 0.042718 0.00569392
950 1.02 0.0470494 0.011037
951 1.02 0.0469189 0.00586475
952 1.02 0.0623994 0.0101097
953 1.02 0.0469747 0.00736267
954 1.02 0.0538475 0.00934847
955 1.02 0.0553854 0.0116335
956 1.02 0.068606 0.0131804
957 1.02 0.0643965 0.012228
958 1.02 0.0512261 0.00998138
959 1.02 0.0508054 0.0100088
960 1.02 0.067342 0.0151107
961 1.02 0.0596421 0.0108675
962 1.02 0.0708189 0.0149708
963 1.02 0.070125 0.0132329
964 1.02 0.0638756 0.0165831
965 1.02 0.0577022 0.0107515
966 1.02 0.0571634 0.0109312
967 1.02 0.0655772 0.0114702
968 1.02 0.0572439 0.00992074
969 1.02 0.0609552 0.0113282
970 1.02 0.0543333 0.00977089
971 1.02 0.0556634 0.0101279
972 1.02 0.0630647 0.0128653
973 1.02 0.0626202 0.0104593
974 1.02 0.0564317 0.00933192
975 1.02 0.0493757 0.00771735
976 1.02 0.0631093 0.0114247
977 1.02 0.0613657 0.0122631
978 1.02 0.0557512 0.0103695
979 1.02 0.0588034 0.0128933
980 1.02 0.0674661 0.0143833
981 1.02 0.0475808 0.0088635
982 1.02 0.0608021 0.0128143
983 1.02 0.0637425 0.0117178
984 1.02 0.0570328 0.0118343
985 1.02 0.0586237 0.0119491
986 1.02 0.0564677 0.0113543
987 1.02 0.0736201 0.0143014
988 1.02 0.0627505 0.0118517
989 1.02 0.0536014 0.0109936
990 1.02 0.0606299 0.0133354
991 1.02 0.0573246 0.0123911
992 1.02 0.0598451 0.0110881
993 1.02 0.0574568 0.0119607
994 1.02 0.0464552 0.0098518
995 1.02 0.053731 0.00981156
996 1.02 0.0488258 0.00951648
997 1.02 0.0651877 0.0140598
998 1.02 0.0571594 0.0116169
999 1.02 0.0558842 0.0102647
1000 1.02 0.0582489 0.0104849
