0 0.26731 0.0446515 0.00364404
1 0.26731 0.0222756 0.00219976
2 0.26731 0.0219264 0.00224021
3 0.26731 0.0304276 0.00334612
4 0.26774 0.0280992 0.00272171
5 0.31328 0.0269848 0.00291111
6 0.31328 0.0290928 0.00285375
7 0.31328 0.0320412 0.00371662
8 0.31328 0.0258745 0.0024638
9 0.31328 0.0338756 0.00353802
10 0.31328 0.0250293 0.00250535
11 0.31328 0.0294698 0.00300412
12 0.31328 0.02722 0.00258264
13 0.31328 0.0294998 0.00299728
14 0.31328 0.0342768 0.00356723
15 0.31328 0.034234 0.00345512
16 0.31328 0.0308797 0.00352037
17 0.31843 0.0315306 0.00352363
18 0.31843 0.0270184 0.00256488
19 0.31843 0.0273952 0.00291008
20 0.31843 0.0292937 0.00268349
21 0.32914 0.034555 0.003491
22 0.32914 0.0402969 0.00427399
23 0.33334 0.0325729 0.00364758
24 0.33334 0.033916 0.00369544
25 0.38697 0.0517261 0.00585225
26 0.38697 0.0431315 0.00476649
27 0.38697 0.0340065 0.00344466
28 0.38697 0.0295668 0.00279779
29 0.38697 0.0278267 0.00296438
30 0.38697 0.0434909 0.00477725
31 0.38697 0.0320732 0.00311923
32 0.38697 0.0374228 0.00433281
33 0.38697 0.0289363 0.00258757
34 0.38697 0.0334429 0.00359091
35 0.38697 0.0387241 0.00399221
36 0.38697 0.044736 0.00500122
37 0.38697 0.0453498 0.00524885
38 0.38697 0.0458396 0.00519159
39 0.38697 0.0465292 0.00502388
40 0.38697 0.0383026 0.00398553
41 0.38697 0.0372394 0.00399902
42 0.38697 0.0348402 0.00357979
43 0.38697 0.0522217 0.00565721
44 0.38697 0.0364765 0.00426991
45 0.38697 0.0342025 0.00363727
46 0.38697 0.0376216 0.00420934
47 0.38697 0.0430785 0.00431661
48 0.38697 0.0379203 0.00429827
49 0.38697 0.0379612 0.00403036
50 0.38697 0.0300263 0.00316871
51 0.38697 0.0451686 0.00420588
52 0.38697 0.0395963 0.00440091
53 0.38697 0.0360311 0.00416194
54 0.38697 0.0328678 0.00304004
55 0.38697 0.0394894 0.00443887
56 0.41373 0.0444463 0.00562407
57 0.41373 0.0336275 0.00369274
58 0.41373 0.0398764 0.00425572
59 0.41373 0.0428158 0.00433527
60 0.41373 0.0309314 0.0031036
61 0.41373 0.0315794 0.00308056
62 0.41373 0.0343852 0.00330458
63 0.41373 0.0375734 0.004028
64 0.41373 0.0359744 0.00421144
65 0.41373 0.0396423 0.00423623
66 0.41373 0.0459563 0.00498431
67 0.41373 0.0295417 0.00269661
68 0.41373 0.0292875 0.00331472
69 0.41373 0.0310524 0.00343137
70 0.41373 0.0410292 0.00413081
71 0.41373 0.0411692 0.00524693
72 0.4762 0.0396109 0.004977
73 0.4762 0.0430414 0.00498487
74 0.4762 0.0402562 0.00459683
75 0.4762 0.0330303 0.00311197
76 0.4762 0.0377612 0.0038347
77 0.4762 0.041565 0.00467339
78 0.4762 0.0350833 0.00376427
79 0.4762 0.0331578 0.0033631
80 0.4762 0.0339011 0.0034356
81 0.4762 0.044367 0.00497562
82 0.4762 0.034043 0.00339728
83 0.4762 0.0416369 0.00419958
84 0.4762 0.0439834 0.00453103
85 0.4762 0.039554 0.00402333
86 0.4762 0.0397937 0.00438245
87 0.4762 0.0452524 0.00502799
88 0.4762 0.0373375 0.00445207
89 0.4762 0.0359369 0.00394649
90 0.4762 0.0417849 0.00459724
91 0.4762 0.0538337 0.00582303
92 0.4762 0.0443327 0.00437083
93 0.4762 0.0408831 0.00482462
94 0.4762 0.0359348 0.00365116
95 0.4762 0.034371 0.00325439
96 0.4762 0.0315495 0.00305467
97 0.4762 0.0399885 0.00483896
98 0.4762 0.0411529 0.00437168
99 0.4762 0.0439448 0.00493327
100 0.4762 0.0368033 0.00369889
101 0.4762 0.0454069 0.00471967
102 0.4762 0.044131 0.00541057
103 0.4762 0.0527894 0.00567582
104 0.4762 0.0486364 0.00475265
105 0.4762 0.0416783 0.00465945
106 0.4762 0.0422528 0.0046348
107 0.4762 0.0333462 0.00376833
108 0.4762 0.034982 0.00375812
109 0.4762 0.0375393 0.00404935
110 0.4762 0.0346534 0.00335714
111 0.4762 0.0342198 0.00350861
112 0.4762 0.0393245 0.00402263
113 0.4762 0.0411291 0.0041821
114 0.4762 0.0347208 0.00394224
115 0.4762 0.0329574 0.00328194
116 0.4762 0.0333898 0.00377983
117 0.4762 0.0410953 0.00461514
118 0.4762 0.0458651 0.00578372
119 0.4762 0.0429871 0.00529586
120 0.4762 0.0422758 0.00448156
121 0.4762 0.0375858 0.00442136
122 0.4762 0.036016 0.00402842
123 0.4762 0.0352573 0.00444296
124 0.4762 0.0411964 0.00422918
125 0.4762 0.0389424 0.00398507
126 0.4762 0.0362756 0.00356254
127 0.4762 0.0332053 0.0035511
128 0.4762 0.0352246 0.00354127
129 0.4762 0.0405662 0.00417563
130 0.4762 0.0352272 0.00386498
131 0.4762 0.036243 0.00370074
132 0.4762 0.0394303 0.00433651
133 0.4762 0.0373585 0.00445665
134 0.4762 0.0396222 0.00429391
135 0.4762 0.0366983 0.00361178
136 0.4762 0.0334079 0.0035511
137 0.4762 0.0322044 0.00316947
138 0.4762 0.0324177 0.00337871
139 0.4762 0.0303681 0.0031631
140 0.4762 0.0371038 0.00356791
141 0.4762 0.0288908 0.0028922
142 0.4762 0.0374434 0.00381632
143 0.4762 0.0366373 0.00410758
144 0.4762 0.0447216 0.00503768
145 0.4762 0.0369987 0.00445074
146 0.4762 0.0341085 0.00376457
147 0.4762 0.039445 0.00467575
148 0.4762 0.0342407 0.00391303
149 0.4762 0.0336527 0.0036389
150 0.4762 0.0404743 0.00426015
151 0.4762 0.0435997 0.00503478
152 0.4762 0.0387135 0.00460937
153 0.4762 0.030788 0.00285154
154 0.4762 0.0410758 0.00403652
155 0.4762 0.0335642 0.00349341
156 0.4762 0.0358707 0.0042887
157 0.4762 0.0402012 0.00405782
158 0.4762 0.0319425 0.0032087
159 0.4762 0.0359224 0.00357376
160 0.4762 0.0428752 0.00465982
161 0.4762 0.0420305 0.00438476
162 0.4762 0.0392735 0.00386567
163 0.4762 0.0408619 0.00422419
164 0.4762 0.0371689 0.00399998
165 0.4762 0.0403368 0.0046417
166 0.4762 0.0379864 0.00397637
167 0.4762 0.0400336 0.00462855
168 0.4762 0.0425964 0.00510186
169 0.4762 0.0422168 0.0048961
170 0.4762 0.0511257 0.00641099
171 0.4762 0.0520292 0.0075287
172 0.4762 0.0498078 0.00689287
173 0.4762 0.0574005 0.00831577
174 0.4762 0.0393327 0.00490745
175 0.4762 0.0534663 0.00756162
176 0.57556 0.0526349 0.00693627
177 0.57556 0.0486186 0.00637865
178 0.57556 0.0485372 0.00798905
179 0.57556 0.0412937 0.00619895
180 0.57556 0.0450461 0.00691996
181 0.63762 0.055946 0.00923788
182 0.63762 0.049218 0.00874763
183 0.63762 0.0484812 0.00701735
184 0.63762 0.0593418 0.00930394
185 0.63762 0.0438727 0.00733594
186 0.63762 0.0560715 0.00826589
187 0.63762 0.0533257 0.00886595
188 0.63762 0.0595492 0.00987277
189 0.63762 0.0643527 0.0107448
190 0.63762 0.0574326 0.00886015
191 0.63762 0.0568807 0.00872902
192 0.63762 0.0642557 0.0111815
193 0.63762 0.0533508 0.00959639
194 0.63762 0.0458056 0.00661306
195 0.63762 0.0661944 0.0117153
196 0.63762 0.0592187 0.0105093
197 0.63762 0.0625581 0.0115961
198 0.63762 0.0563889 0.00773536
199 0.63762 0.0564788 0.00797695
200 0.63762 0.0586614 0.00853823
201 0.63762 0.0660172 0.0114406
202 0.66604 0.0514131 0.00963249
203 0.66604 0.052552 0.00851063
204 0.66604 0.0572686 0.010609
205 0.66604 0.0641894 0.0125972
206 0.66604 0.0575313 0.00942768
207 0.66604 0.0641608 0.010565
208 0.66604 0.0486218 0.0081097
209 0.66604 0.0557153 0.0103902
210 0.66604 0.0589836 0.0090385
211 0.66604 0.069743 0.0138845
212 0.66604 0.0475546 0.00879596
213 0.66604 0.0559301 0.0111356
214 0.66604 0.0455948 0.00657769
215 0.66604 0.0503018 0.011024
216 0.69254 0.0594343 0.0122446
217 0.69254 0.0459658 0.00804176
218 0.69254 0.0434924 0.00716483
219 0.69254 0.0636188 0.014725
220 0.69254 0.0603932 0.0115971
221 0.69254 0.0535912 0.0111377
222 0.69842 0.0639273 0.0126134
223 0.69842 0.0558587 0.0117803
224 0.69842 0.0554708 0.0111855
225 0.69842 0.0526704 0.00801999
226 0.69842 0.0555613 0.00905194
227 0.86065 0.0651505 0.0144226
228 0.86065 0.0593671 0.0107212
229 0.86065 0.0600322 0.01125
230 0.86065 0.0512794 0.00821678
231 0.86065 0.0610449 0.0135354
232 0.86065 0.0676408 0.0144447
233 0.86065 0.0685548 0.0141864
234 0.86065 0.0722194 0.0164948
235 0.86065 0.0559539 0.0107
236 0.86065 0.0749031 0.015893
237 0.86065 0.0619262 0.0117781
238 0.86065 0.0686588 0.0150453
239 0.86065 0.0488968 0.00855606
240 0.86065 0.0592106 0.0116499
241 0.86065 0.0516617 0.00884918
242 0.86065 0.0487593 0.00971653
243 0.86065 0.0480754 0.00735416
244 0.86065 0.0568647 0.0109085
245 0.86065 0.054243 0.0109593
246 0.86065 0.062515 0.0122752
247 0.86065 0.0539708 0.00909681
248 0.86065 0.0510825 0.00902734
249 0.86065 0.0473565 0.00656876
250 0.86065 0.0411727 0.00646875
251 1.01 0.058474 0.0137589
251 1.01 0.0475244 0.0117839
251 1.01 0.0544004 0.0136156
251 0.90889 0.0552118 0.0130715
252 0.90889 0.0550559 0.00933606
253 1.01 0.0527465 0.0143086
253 1.01 0.0596291 0.0127191
253 0.49207 0.0445288 0.00764227
254 0.49207 0.0463139 0.0075995
255 0.49207 0.053668 0.0100852
256 0.49207 0.0617793 0.0109059
257 0.49207 0.0448708 0.00618631
258 0.49207 0.0676262 0.013738
259 0.49207 0.0454773 0.00746349
260 0.49207 0.0460837 0.00805549
261 0.49207 0.0546655 0.0103131
262 0.49207 0.0589106 0.0115079
263 0.49207 0.0538042 0.00820556
264 0.60613 0.063501 0.01378
265 0.60613 0.0680615 0.0135222
266 0.60613 0.0584524 0.0105564
267 0.60613 0.0684693 0.0143745
268 0.60613 0.0502911 0.00950135
269 0.60613 0.0526696 0.00953264
270 0.60613 0.052227 0.00844587
271 0.60613 0.065163 0.0121531
272 0.60613 0.0538099 0.00825388
273 0.60613 0.0707724 0.0136999
274 0.60613 0.0623466 0.0134383
275 0.60613 0.0718862 0.0162526
276 0.60613 0.0540511 0.00782306
277 0.60613 0.0670617 0.0147253
278 0.60613 0.0759319 0.0137766
279 0.60613 0.0587941 0.00940393
280 0.60613 0.0571736 0.0109866
281 0.60613 0.0635379 0.0117937
282 0.60613 0.0575689 0.0108628
283 0.60613 0.0604699 0.0111182
284 0.60613 0.0683115 0.0125246
285 0.60613 0.0549967 0.00916032
286 0.60613 0.0478889 0.00946127
287 0.60613 0.072842 0.0147985
288 0.60613 0.0573696 0.0121359
289 0.60613 0.0567041 0.0121615
290 0.60613 0.0512532 0.00994691
291 0.60613 0.0436679 0.00620453
292 0.60613 0.0457567 0.00676371
293 0.60613 0.0515531 0.00931402
294 0.60613 0.0513946 0.00838051
295 0.60613 0.0443177 0.00722204
296 0.60613 0.0416529 0.00611956
297 0.60613 0.0555394 0.00997334
298 0.60613 0.0510917 0.00820818
299 0.60613 0.0500898 0.00836901
300 0.60613 0.0528617 0.00959843
301 0.60613 0.0441276 0.00632799
302 0.60613 0.0537365 0.00847617
303 0.60613 0.0541565 0.00995314
304 0.60613 0.0551656 0.00943509
305 0.60613 0.0481406 0.00879943
306 0.60613 0.0617325 0.011512
307 0.60613 0.0603715 0.0116631
308 0.60613 0.0481502 0.00711874
309 0.60613 0.0535105 0.00892014
310 0.60613 0.0484058 0.00822854
311 0.60613 0.0580156 0.0107154
312 0.60613 0.0645239 0.0118623
313 0.60613 0.0500593 0.00894496
314 0.60613 0.0605149 0.0106123
315 0.60613 0.0641358 0.0118232
316 0.60613 0.0593116 0.0110628
317 0.60613 0.0557373 0.0106187
318 0.60613 0.0532587 0.00981534
319 0.60613 0.0583535 0.00992858
320 0.60613 0.0481185 0.0097861
321 0.60613 0.0502874 0.0104265
322 0.60613 0.0616706 0.0114152
323 0.60613 0.0608418 0.0115431
324 0.60613 0.0364181 0.00568603
325 0.60613 0.0499488 0.00832311
326 0.60613 0.0533169 0.00891817
327 0.60613 0.0602608 0.0108758
328 0.60613 0.0532683 0.00911207
329 0.60613 0.0543161 0.00980938
330 0.60613 0.0572849 0.011563
331 0.60613 0.0632287 0.0121729
332 0.60613 0.0542012 0.0105393
333 0.60613 0.0614162 0.00980868
334 0.60613 0.0485832 0.00929406
335 0.60613 0.0624656 0.0146655
336 0.60613 0.0663244 0.0130966
337 0.60613 0.0652297 0.0131338
338 0.60613 0.0561133 0.00997459
339 0.60613 0.0589906 0.010724
340 0.60613 0.053902 0.00942581
341 0.60613 0.0612959 0.0108636
342 0.60613 0.0564505 0.00939601
343 0.60613 0.0667859 0.0127928
344 0.60613 0.0605296 0.0119001
345 0.60613 0.0666651 0.0134059
346 0.60613 0.0603024 0.0112292
347 0.60613 0.0551153 0.0113082
348 0.60613 0.0670772 0.0145332
349 0.60613 0.0733964 0.0158191
350 0.60613 0.0640314 0.0122855
351 0.60613 0.0729372 0.0152472
352 0.60613 0.0626316 0.0135299
353 0.60613 0.070162 0.0162206
354 0.60613 0.0809922 0.0144948
355 0.60613 0.061171 0.0130107
356 0.60613 0.0550254 0.0109341
357 0.60613 0.0694814 0.014649
358 0.60613 0.0706021 0.0149908
359 0.60613 0.060736 0.0105788
360 0.60613 0.0673952 0.0153863
361 0.60613 0.0682673 0.0114459
362 0.60613 0.0651791 0.0140298
363 1.01 0.0627579 0.0191459
363 0.69254 0.060735 0.0135378
364 0.69254 0.0614333 0.0119935
365 0.69254 0.0616161 0.0106479
366 0.69254 0.0697354 0.0150034
367 0.69254 0.0583896 0.0105266
368 0.69254 0.0646893 0.0117952
369 0.69254 0.0724395 0.0160425
370 0.69254 0.060251 0.0135151
371 0.69254 0.0727153 0.0144743
372 0.69254 0.0632588 0.0143667
373 0.69254 0.0735764 0.0166502
374 0.69254 0.0700127 0.0142315
375 0.69254 0.0630918 0.0132867
376 0.69254 0.0632327 0.0134023
377 0.69254 0.0699232 0.0147653
378 0.69254 0.0573712 0.0123727
379 0.69254 0.051655 0.0100471
380 0.69254 0.0545375 0.00924391
381 0.69254 0.0672166 0.0142305
382 0.69254 0.0524856 0.0104455
383 0.69254 0.0540463 0.00959451
384 0.69254 0.0594424 0.0103484
385 0.69254 0.0580909 0.0132991
386 0.69254 0.0479187 0.00834806
387 0.69254 0.0523044 0.0091246
388 0.69254 0.0696766 0.0136809
389 0.69254 0.0615884 0.0122586
390 0.69254 0.0623479 0.0134628
391 0.69254 0.063407 0.01345
392 0.69254 0.0590966 0.0101177
393 0.69254 0.0676918 0.0134649
394 0.69254 0.0699261 0.011798
395 0.69254 0.0469027 0.00885295
396 0.69254 0.0703817 0.0140345
397 0.69254 0.0489989 0.00782589
398 0.69254 0.0704345 0.0137563
399 0.69254 0.0667314 0.0136277
400 0.69254 0.0746203 0.0146123
401 0.69254 0.0698161 0.0163217
402 0.69254 0.0680174 0.013441
403 0.69254 0.0579699 0.0113698
404 0.69254 0.0654535 0.0117542
405 0.69254 0.0662701 0.0129341
406 0.69254 0.0596222 0.0110388
407 0.69254 0.0721392 0.0148507
408 0.69254 0.054252 0.00905984
409 0.69254 0.0632227 0.0122879
410 0.69254 0.064868 0.0123478
411 0.69254 0.0692381 0.0130569
412 0.69254 0.0589563 0.0115863
413 0.69254 0.0761486 0.0173168
414 0.69254 0.0716924 0.0142524
415 0.69254 0.0672609 0.0146541
416 0.69254 0.0574825 0.0120245
417 0.69254 0.0618877 0.0128011
418 0.69254 0.0673394 0.0147909
419 0.69254 0.0667982 0.0145877
420 0.69254 0.065057 0.013616
421 0.69254 0.0712935 0.0129509
422 0.69254 0.0684876 0.0132882
423 0.69254 0.0597159 0.0111079
424 0.69254 0.0593777 0.0104121
425 0.69254 0.0664965 0.00993873
426 0.69254 0.0587611 0.00888471
427 0.69254 0.0502811 0.00774412
428 0.69254 0.052041 0.00708678
429 0.69254 0.0614168 0.0122667
430 0.69254 0.0559218 0.00902864
431 0.69254 0.068779 0.0110849
432 0.69254 0.0645399 0.0122917
433 0.69254 0.0547217 0.0116811
434 0.69254 0.0722005 0.0139905
435 0.69254 0.0610573 0.0117406
436 0.69254 0.0679904 0.0126864
437 0.69254 0.0696813 0.0135787
438 0.69254 0.0811319 0.0171808
439 0.69254 0.0639066 0.00960328
440 0.69254 0.0604206 0.00990511
441 0.69254 0.0726864 0.0137147
442 0.69254 0.0749063 0.0157244
443 0.69254 0.0578877 0.0100536
444 0.69254 0.0587555 0.0100735
445 0.69254 0.0660587 0.0125299
446 0.69254 0.0625014 0.0092383
447 0.69254 0.0632454 0.0114459
448 0.69254 0.0560483 0.00769653
449 0.69254 0.0580299 0.00921677
450 0.69254 0.0599318 0.00922081
451 0.69254 0.0563671 0.00878356
452 0.69254 0.0558506 0.00784584
453 0.69254 0.0639455 0.0105525
454 0.69254 0.0644771 0.0106585
455 0.69254 0.0562159 0.00982354
456 0.69254 0.0708141 0.0132946
457 0.69254 0.0614529 0.011997
458 0.69254 0.0554982 0.00988142
459 0.69254 0.0565937 0.00868858
460 0.69254 0.0717597 0.0147953
461 0.69254 0.0629532 0.0112612
462 0.69254 0.0573773 0.010232
463 0.69254 0.0534234 0.0105003
464 0.69254 0.0576186 0.0105207
465 0.69254 0.0541088 0.00783576
466 0.69254 0.0559347 0.0112706
467 0.69254 0.0610697 0.0107139
468 0.69254 0.0666718 0.0128157
469 0.69254 0.0552928 0.00935908
470 0.69254 0.0767836 0.0130906
471 0.69254 0.0689723 0.0119839
472 0.69254 0.0649274 0.0109801
473 0.69254 0.0540925 0.0107666
474 0.69254 0.0567771 0.00902107
475 0.69254 0.0609266 0.0120507
476 0.69254 0.0602831 0.0107078
477 0.69254 0.0637713 0.0141387
478 0.69254 0.0679486 0.0140253
479 0.69254 0.0637686 0.0118755
480 0.69254 0.0619054 0.0138332
481 0.69254 0.060307 0.0125381
482 0.69254 0.0533294 0.00938936
483 0.69254 0.0520039 0.0104903
484 0.69254 0.0660895 0.0147903
485 0.69254 0.0632828 0.0128548
486 0.69254 0.0524355 0.00978229
487 0.69254 0.0575955 0.012263
488 0.69254 0.0640853 0.0130643
489 0.69254 0.0582221 0.0116944
490 0.69254 0.0497984 0.0086356
491 0.69254 0.0531728 0.00812594
492 0.69254 0.0659762 0.0130427
493 0.69254 0.0568649 0.0110948
494 0.69254 0.0650017 0.0132317
495 0.69254 0.0672323 0.0130796
496 0.69254 0.0604192 0.0117142
497 0.69254 0.0587872 0.0103718
498 0.69254 0.0593222 0.0117021
499 0.69254 0.0724036 0.0145413
500 0.69254 0.0571651 0.0114848
501 0.69254 0.0670888 0.0141018
502 0.69254 0.0683244 0.0134324
503 0.69254 0.0563288 0.00991909
504 0.69254 0.0553562 0.0116958
505 0.69254 0.0499681 0.00764872
506 0.69254 0.0518487 0.00767591
507 0.69254 0.0562647 0.00960467
508 0.69254 0.0483291 0.00851658
509 0.69254 0.0504677 0.00840609
510 0.69254 0.0527365 0.010895
511 0.69254 0.0545512 0.0102726
512 0.69254 0.0428897 0.00642326
513 0.69254 0.0561064 0.010171
514 0.69254 0.0528338 0.00979482
515 0.69254 0.0623766 0.00863891
516 0.69254 0.0462882 0.00761344
517 0.69254 0.0488898 0.00735535
518 0.69254 0.0502197 0.00936312
519 0.69254 0.0408555 0.00767404
520 0.69254 0.0534068 0.00871256
521 0.69254 0.0580876 0.009819
522 0.69254 0.0520769 0.00902429
523 0.69254 0.0654808 0.013007
524 0.69254 0.0548362 0.00906655
525 0.69254 0.0527799 0.00837611
526 0.69254 0.0458032 0.00694918
527 0.69254 0.0483147 0.00876402
528 0.69254 0.0583422 0.0103272
529 0.69254 0.0642119 0.0111002
530 0.69254 0.0587944 0.0119172
531 0.69254 0.0519456 0.00968986
532 0.69254 0.0503178 0.00982951
533 0.69254 0.0644631 0.0116457
534 0.69254 0.054189 0.0102089
535 0.69254 0.051201 0.0103959
536 0.69254 0.0694811 0.0139809
537 0.69254 0.0507806 0.0102667
538 0.69254 0.0564618 0.0112418
539 0.69254 0.0553495 0.0093852
540 0.69254 0.049822 0.00831294
541 0.69254 0.0563089 0.00922539
542 0.69254 0.0476269 0.00890172
543 0.69254 0.0629434 0.0126302
544 0.69254 0.0570024 0.00997396
545 0.69254 0.0686333 0.0134471
546 0.69254 0.056292 0.0116771
547 0.69254 0.0577803 0.00859746
548 0.69254 0.0493925 0.0076639
549 0.69254 0.0515432 0.00718863
550 0.69254 0.0575011 0.00972603
551 0.69254 0.0568388 0.00914745
552 0.69254 0.0578669 0.0102894
553 0.69254 0.0579534 0.0105986
554 0.69254 0.0618384 0.0102821
555 0.69254 0.062324 0.0104058
556 0.69254 0.0680969 0.0119971
557 0.69254 0.0569058 0.0088991
558 0.69254 0.0526824 0.00840253
559 0.69254 0.0637785 0.0123502
560 0.69254 0.0464391 0.0072237
561 0.69254 0.0562889 0.00872493
562 0.69254 0.0534504 0.00897872
563 0.69254 0.0545653 0.00776859
564 0.69254 0.0667469 0.0114313
565 0.69254 0.0624881 0.0107152
566 0.69254 0.0568864 0.00991727
567 0.69254 0.0550855 0.010154
568 0.69254 0.0660118 0.0114825
569 0.69254 0.055209 0.00999325
570 0.69254 0.0655361 0.010377
571 0.69254 0.0534925 0.00899622
572 0.69254 0.0546717 0.00928365
573 0.69254 0.0602543 0.0113545
574 0.69254 0.0571282 0.0111152
575 0.69254 0.0520027 0.00873035
576 0.69254 0.0760721 0.0141571
577 0.69254 0.0553595 0.00964434
578 0.69254 0.0640689 0.0115739
579 0.69254 0.0609973 0.0124623
580 0.69254 0.0681175 0.0131208
581 0.69254 0.059719 0.010276
582 0.69254 0.0590083 0.00939124
583 0.69254 0.0678359 0.0123058
584 0.69254 0.0708571 0.0143754
585 0.69254 0.0661217 0.0110425
586 0.69254 0.0775293 0.0163648
587 0.69254 0.0647125 0.0111614
588 0.69254 0.0547328 0.0108429
589 0.69254 0.0592591 0.0112937
590 0.69254 0.0554595 0.00980671
591 0.69254 0.0683573 0.0130295
592 0.69254 0.0556211 0.0114971
593 0.69254 0.0572747 0.0100853
594 0.69254 0.070768 0.0143796
595 0.69254 0.08114 0.0146359
596 0.69254 0.0723098 0.0145998
597 0.69254 0.0709041 0.0123571
598 0.69254 0.0781865 0.0142232
599 0.69254 0.0672895 0.0124081
600 0.69254 0.0551593 0.0099066
601 0.69254 0.0490847 0.00719268
602 0.69254 0.0547592 0.00923865
603 0.69254 0.058817 0.0102904
604 0.69254 0.0623022 0.011454
605 0.69254 0.0652987 0.0134758
606 0.69254 0.0510198 0.0110044
607 0.69254 0.0627372 0.0119277
608 0.69254 0.0775761 0.0160137
609 0.69254 0.0708931 0.0126967
610 0.69254 0.0669956 0.0129942
611 0.69254 0.0698563 0.0151839
612 0.69254 0.0860029 0.0177057
613 0.69254 0.0857109 0.0190407
614 0.69254 0.0514954 0.00931485
615 0.69254 0.0651867 0.0117609
616 0.69254 0.0540648 0.00861272
617 0.69254 0.0716367 0.0129314
618 0.69254 0.064546 0.0119873
619 0.69254 0.0689481 0.0125696
620 0.69254 0.0623684 0.0112687
621 0.69254 0.0634663 0.0112721
622 0.69254 0.053008 0.0089609
623 0.69254 0.053274 0.00886686
624 0.69254 0.0568281 0.011181
625 0.69254 0.0456856 0.00679977
626 0.69254 0.0578035 0.00953806
627 0.69254 0.0535552 0.0103836
628 0.69254 0.0496933 0.00819385
629 0.69254 0.0486911 0.00827349
630 0.69254 0.0557568 0.00921978
631 0.69254 0.0551395 0.0102196
632 0.69254 0.051339 0.0092965
633 0.69254 0.0528932 0.00857194
634 0.69254 0.0510815 0.00867271
635 0.69254 0.0606591 0.00997207
636 0.69254 0.0551298 0.0104058
637 0.69254 0.0551824 0.00931053
638 0.69254 0.049929 0.00921209
639 0.69254 0.0519633 0.00847964
640 0.69254 0.0449561 0.00762782
641 0.69254 0.0476804 0.00747098
642 0.69254 0.0487626 0.00896585
643 0.69254 0.0526599 0.00884235
644 0.69254 0.0608951 0.0112882
645 0.69254 0.0658786 0.0137594
646 0.69254 0.0657386 0.0132065
647 0.69254 0.0586681 0.0101095
648 0.69254 0.0551914 0.00977999
649 0.69254 0.0518975 0.00932786
650 0.69254 0.0504357 0.00783563
651 0.69254 0.0558396 0.00792366
652 0.69254 0.0603615 0.0103209
653 0.69254 0.0562634 0.00879316
654 0.69254 0.061674 0.0116256
655 0.69254 0.0505813 0.00892768
656 0.69254 0.0604146 0.0112961
657 0.69254 0.0402219 0.00761173
658 0.69254 0.0674708 0.0134168
659 0.69254 0.0442916 0.00741209
660 0.69254 0.0458837 0.00751668
661 0.69254 0.059216 0.0117557
662 0.69254 0.0461298 0.0079926
663 0.69254 0.0587831 0.0116626
664 0.69254 0.0561878 0.0107544
665 0.69254 0.0577598 0.0120989
666 0.69254 0.0590549 0.00866756
667 0.69254 0.0472709 0.00797573
668 0.69254 0.0500279 0.007992
669 0.69254 0.0542721 0.0112191
670 0.69254 0.0523871 0.00903437
671 0.69254 0.0427431 0.00762222
672 0.69254 0.0521339 0.00905468
673 0.69254 0.0592873 0.0105885
674 0.69254 0.0505708 0.00964435
675 0.69254 0.061172 0.0103937
676 0.69254 0.0467232 0.0076695
677 0.69254 0.0686804 0.0124558
678 0.69254 0.0552203 0.00997179
679 0.69254 0.0639534 0.0128222
680 0.69254 0.0594625 0.0110162
681 0.69254 0.069883 0.0136274
682 0.69254 0.0584279 0.00899144
683 0.69254 0.0497836 0.00846
684 0.69254 0.0404766 0.00738165
685 0.69254 0.056229 0.0105744
686 0.69254 0.0471311 0.00645673
687 0.69254 0.0513238 0.0087376
688 0.69254 0.05619 0.00996268
689 0.69254 0.0430419 0.00568315
690 0.69254 0.0530615 0.0088811
691 0.69254 0.0503053 0.00746123
692 0.69254 0.0468627 0.00786051
693 0.69254 0.0416023 0.00570504
694 0.69254 0.0445699 0.0075214
695 0.69254 0.0536115 0.00977339
696 0.69254 0.0461221 0.00737065
697 0.69254 0.0423727 0.00804732
698 0.69254 0.0508927 0.00821357
699 0.69254 0.0606211 0.0117218
700 0.69254 0.0511995 0.00874562
701 0.69254 0.07066 0.0117758
702 0.69254 0.058994 0.0112675
703 0.69254 0.057585 0.00914817
704 0.69254 0.0625674 0.0108322
705 0.69254 0.0593843 0.0112523
706 0.69254 0.0493779 0.00891475
707 0.69254 0.0585277 0.0116401
708 0.69254 0.0517851 0.00786787
709 0.69254 0.0545266 0.00926543
710 0.69254 0.0611319 0.0112342
711 0.69254 0.0564356 0.0109819
712 0.77327 0.0616485 0.0126308
713 0.77327 0.048958 0.00992922
714 0.77327 0.0622771 0.0123614
715 0.77327 0.0662976 0.0118102
716 0.77327 0.0706021 0.0136235
717 0.77327 0.0583084 0.0116509
718 0.77327 0.0570299 0.0105619
719 0.77327 0.0494057 0.00793422
720 0.77327 0.0442447 0.00859683
721 0.77327 0.0518355 0.00942187
722 0.77327 0.0522746 0.00981313
723 0.77327 0.0505964 0.0103756
724 0.77327 0.0572242 0.0115148
725 0.77327 0.0647082 0.0137434
726 0.77327 0.0650306 0.0134567
727 0.77327 0.0652679 0.0140077
728 0.77327 0.0656077 0.0124692
729 0.77327 0.0681172 0.0137721
730 1 0.0531505 0.0132122
730 0.52446 0.0644921 0.013107
731 1 0.0590391 0.0145275
731 0.51883 0.0492384 0.00946884
732 0.51883 0.0504726 0.00863604
733 0.51883 0.0658952 0.0112156
734 0.53629 0.057947 0.012803
735 0.53629 0.0698772 0.0137858
736 0.53629 0.0452143 0.00827714
737 0.53629 0.0501416 0.00854944
738 0.53969 0.0617527 0.0129852
739 0.53969 0.0567694 0.0119587
740 0.54969 0.0712291 0.0165252
741 0.54969 0.0690846 0.0157418
742 0.54969 0.0716336 0.0161461
743 0.54969 0.0784568 0.0161706
744 0.54969 0.0723761 0.0148657
745 0.54969 0.0635156 0.0128527
746 0.54969 0.0602559 0.0130403
747 0.54969 0.0680271 0.0120334
748 0.54969 0.0650681 0.0134752
749 0.54969 0.0611832 0.010592
750 0.6608 0.0672181 0.0131778
751 0.69254 0.0837899 0.0190747
752 0.80953 0.0669053 0.0152447
753 0.80953 0.0734988 0.0198336
754 1 0.0763854 0.0234639
754 1 0.0720587 0.0154434
754 1 0.0836972 0.020737
755 1 0.075693 0.0158551
756 1 0.0777187 0.0179638
757 1 0.0690231 0.0178415
758 1 0.0813239 0.0246048
759 1 0.0621831 0.0165211
760 1 0.0594821 0.0128183
761 1 0.0685662 0.0165764
762 1 0.0639266 0.0179887
763 1 0.0691491 0.0156879
764 1 0.0689471 0.0209847
765 1 0.0773775 0.0208464
766 1 0.0605558 0.0167657
767 1 0.0650077 0.0220254
768 1.01 0.0741866 0.0283334
769 1.01 0.0820487 0.0242901
770 1.01 0.0644062 0.016381
771 1.01 0.0851498 0.0294679
772 1.01 0.080646 0.0256783
773 1.01 0.0614316 0.018117
774 1.01 0.0688767 0.0235646
775 1.01 0.0732632 0.0285889
776 1.01 0.0749873 0.0290497
777 1.01 0.0775306 0.0307304
778 1.01 0.0808687 0.0294905
779 1.02 0.0924109 0.0436498
780 1.03 0.0943309 0.0380141
781 1.03 0.0913688 0.0341494
782 1.03 0.0779665 0.0347219
783 1.03 0.0802573 0.0315659
784 1.03 0.070145 0.0280428
785 1.03 0.0720052 0.0260545
786 1.03 0.0761782 0.0308571
787 1.03 0.0848087 0.0356842
788 1.03 0.0616068 0.0159462
789 1.03 0.0591577 0.0163897
790 1.03 0.0594314 0.0188191
791 1.03 0.0601385 0.0171326
792 1.03 0.0704956 0.0286131
793 1.03 0.0712716 0.0296187
794 1.03 0.062576 0.0211642
795 1.03 0.0626717 0.0208087
796 1.03 0.069416 0.0207081
797 1.03 0.0800424 0.0364699
798 1.03 0.0548831 0.0173979
799 1.03 0.0742443 0.0277849
800 1.03 0.0803523 0.0296469
801 1.03 0.068544 0.0205076
802 1.03 0.0823492 0.0305447
803 1.03 0.0711025 0.029578
804 1.03 0.0795365 0.0272715
805 1.03 0.0890518 0.0338297
806 1.03 0.0784008 0.0327778
807 1.03 0.0870309 0.0333514
808 1.03 0.0762824 0.0277571
809 1.03 0.0915766 0.0332946
810 1.03 0.0923312 0.0395775
811 1.03 0.084884 0.0312408
812 1.03 0.0883851 0.0350963
813 1.03 0.0747612 0.024096
814 1.03 0.064764 0.0222561
815 1.03 0.0856655 0.029281
816 1.03 0.0619287 0.0226116
817 1.03 0.0659618 0.0239427
818 1.03 0.0770731 0.0280058
819 1.03 0.0751332 0.0303435
820 1.03 0.0809177 0.0357594
821 1.03 0.0919363 0.0330634
822 1.03 0.0859171 0.0332583
823 1.03 0.0698476 0.0260205
824 1.03 0.0632054 0.016159
825 1.03 0.0694986 0.0144328
826 1.03 0.0626429 0.0202921
827 1.03 0.0593007 0.0201184
828 1.03 0.0745069 0.0318053
829 1.03 0.0789923 0.0245347
830 1.03 0.0707801 0.0166962
831 1.03 0.0789366 0.0267164
832 1.03 0.084383 0.0266678
833 1.03 0.0765697 0.026589
834 1.03 0.0712885 0.0185561
835 1.03 0.0707908 0.0182948
836 1.03 0.0730217 0.0238236
837 1.03 0.0765405 0.0255972
838 1.03 0.0933389 0.0385741
839 1.03 0.0928903 0.0355864
840 1.03 0.0969833 0.0397431
841 1.03 0.110252 0.0420465
842 1.03 0.0777515 0.0290408
843 1.03 0.0877053 0.0350335
844 1.03 0.118714 0.0549997
845 1.03 0.0858895 0.0340118
846 1.03 0.0882458 0.0403686
847 1.03 0.0740071 0.0232032
848 1.03 0.0834135 0.0293983
849 1.03 0.0734732 0.0229435
850 1.03 0.0847405 0.0330053
851 1.03 0.0529102 0.013068
852 1.03 0.0569318 0.0152844
853 1.03 0.066036 0.0221793
854 1.03 0.071308 0.0251823
855 1.03 0.0844526 0.036513
856 1.03 0.051008 0.0114992
857 1.03 0.0560568 0.0149854
858 1.03 0.0650993 0.0185468
859 1.03 0.0589976 0.0206098
860 1.03 0.0791738 0.0330775
861 1.03 0.0794891 0.0334405
862 1.03 0.0747745 0.0311782
863 1.03 0.0593145 0.0228535
864 1.03 0.0706391 0.0267888
865 1.03 0.0733256 0.0267633
866 1.03 0.0661222 0.0301645
867 1.03 0.064958 0.0259376
868 1.03 0.0664054 0.0275039
869 1.03 0.0939872 0.0407762
870 1.03 0.0802514 0.0403937
871 1.03 0.0798782 0.0321866
872 1.03 0.095657 0.0467336
873 1.03 0.0830793 0.0383677
874 1.03 0.104725 0.0520848
875 1.03 0.0905921 0.0432556
876 1.03 0.0671015 0.0220253
877 1.03 0.098641 0.0475893
878 1.03 0.0869268 0.0325387
879 1.03 0.0683029 0.0222002
880 1.03 0.0729013 0.0267642
881 1.03 0.072798 0.0242687
882 1.03 0.0728643 0.0278687
883 1.03 0.074218 0.0216264
884 1.03 0.0856708 0.0343495
885 1.03 0.082161 0.0331645
886 1.03 0.0863503 0.0313047
887 1.03 0.0790444 0.0282126
888 1.03 0.103866 0.0511913
889 1.03 0.0654328 0.0265797
890 1.03 0.0821671 0.0322599
891 1.03 0.088295 0.0317571
892 1.03 0.0828709 0.0342722
893 1.03 0.103036 0.0453024
894 1.03 0.105808 0.0438406
895 1.03 0.101424 0.0519403
896 1.03 0.0981574 0.0446993
897 1.03 0.075339 0.0415419
898 1.03 0.0886267 0.0368922
899 1.03 0.0679015 0.0286933
900 1.03 0.08615 0.0267094
901 1.03 0.0799953 0.0290582
902 1.03 0.0867395 0.0362706
903 1.03 0.0841228 0.0368376
904 1.03 0.070732 0.0265654
905 1.03 0.069685 0.0319606
906 1.03 0.0695162 0.0302455
907 1.03 0.0687803 0.0292109
908 1.03 0.084436 0.0362338
909 1.03 0.0720345 0.0265018
910 1.03 0.0761432 0.0355063
911 1.03 0.0843013 0.0393148
912 1.03 0.0657439 0.0290721
913 1.03 0.0653698 0.018972
914 1.03 0.0488525 0.0122761
915 1.03 0.0567539 0.0139942
916 1.03 0.0477016 0.00812597
917 1.03 0.0623868 0.0222427
918 1.03 0.060339 0.0200894
919 1.03 0.0730873 0.0296973
920 1.03 0.070479 0.0269754
921 1.03 0.0671626 0.025548
922 1.03 0.0534006 0.0173198
923 1.03 0.0626509 0.0232617
924 1.03 0.0708135 0.0221158
925 1.03 0.0707035 0.0294827
926 1.03 0.0692814 0.0282654
927 1.03 0.0567311 0.0210897
928 1.03 0.0726481 0.0284712
929 1.03 0.064383 0.0230017
930 1.03 0.0561736 0.0171424
931 1.03 0.0746788 0.0279899
932 1.03 0.0665603 0.0276983
933 1.03 0.065295 0.0189247
934 1.03 0.0756171 0.0255737
935 1.03 0.0771765 0.0299869
936 1.03 0.0641653 0.0230431
937 1.03 0.0746381 0.031831
938 1.03 0.0580577 0.021736
939 1.03 0.0736667 0.0261678
940 1.03 0.0651497 0.0232581
941 1.03 0.0534815 0.0131138
942 1.03 0.0690154 0.0302595
943 1.03 0.0670738 0.0264879
944 1.03 0.0752612 0.0308803
945 1.03 0.0660091 0.0219932
946 1.03 0.0485087 0.014305
947 1.03 0.0574934 0.0201224
948 1.03 0.0720996 0.0275458
949 1.03 0.0670182 0.0260469
950 1.03 0.0575625 0.0155544
951 1.03 0.0673231 0.0306334
952 1.03 0.0572624 0.0190856
953 1.03 0.0560358 0.0245394
954 1.03 0.07149 0.0267632
955 1.03 0.0673353 0.016932
956 1.03 0.0742479 0.0259515
957 1.03 0.0631886 0.0220504
958 1.03 0.071252 0.0237653
959 1.03 0.080268 0.0329361
960 1.03 0.0773352 0.0304966
961 1.03 0.0754556 0.0330028
962 1.03 0.0756152 0.0327805
963 1.03 0.0703116 0.0299106
964 1.03 0.0665372 0.0250257
965 1.03 0.0838544 0.0371634
966 1.03 0.0879159 0.0409757
967 1.03 0.0681535 0.0213897
968 1.03 0.0753191 0.0294659
969 1.03 0.0787877 0.0283215
970 1.03 0.0832619 0.0355117
971 1.03 0.0836924 0.0371498
972 1.03 0.0781443 0.0399911
973 1.03 0.0577374 0.0206881
974 1.03 0.0746405 0.0239023
975 1.03 0.0736085 0.0279421
976 1.03 0.0566689 0.0167764
977 1.03 0.058702 0.0183314
978 1.03 0.0832153 0.0387984
979 1.03 0.0688203 0.0260251
980 1.03 0.0838352 0.0322026
981 1.03 0.0752578 0.0323764
982 1.03 0.0819483 0.0337515
983 1.03 0.0831346 0.0440158
984 1.03 0.10034 0.0551465
985 1.03 0.0677073 0.0280154
986 1.03 0.0950984 0.0488439
987 1.03 0.0779662 0.037407
988 1.03 0.0793516 0.0338861
989 1.03 0.0954045 0.0388294
990 1.03 0.0817518 0.034948
991 1.03 0.0673385 0.0232786
992 1.03 0.0758154 0.0268389
993 1.03 0.0690338 0.0222364
994 1.03 0.0921093 0.0407031
995 1.03 0.073013 0.029175
996 1.03 0.0781444 0.029398
997 1.03 0.0689481 0.0254465
998 1.03 0.0761004 0.0229983
999 1.03 0.0771439 0.0320625
1000 1.03 0.0744874 0.0253333
