0 0.23263 0.0305834 0.00255548
1 0.2774 0.0251898 0.00268179
2 0.2774 0.0205749 0.00153129
3 0.2774 0.0417115 0.00489857
4 0.34068 0.0290526 0.00258423
5 0.34068 0.0275219 0.00302857
6 0.34068 0.0257917 0.00295465
7 0.34068 0.0285863 0.00362127
8 0.4455 0.0390024 0.00559549
9 0.4455 0.0381263 0.00596082
10 0.4455 0.0364938 0.00447844
11 0.4455 0.0315441 0.00422978
12 0.4455 0.0387116 0.00515852
13 0.47017 0.0385118 0.00512278
14 0.47017 0.0407345 0.00593546
15 0.47017 0.0410052 0.00605356
16 0.47017 0.0427378 0.00645613
17 0.47017 0.0401977 0.00608734
18 0.47017 0.046637 0.00696779
19 0.47017 0.0462208 0.00682112
20 0.47017 0.0365856 0.00446292
21 0.47017 0.0333142 0.00468883
22 0.47017 0.0404184 0.00568729
23 0.47017 0.0365733 0.00487298
24 0.47017 0.0415397 0.00651745
25 0.47017 0.0420392 0.00627694
26 0.47017 0.0340312 0.00352674
27 0.47017 0.041528 0.00693955
28 0.62827 0.0422911 0.00693023
29 0.62827 0.0510887 0.00818782
30 0.62827 0.0477449 0.0080441
31 0.62827 0.0469026 0.00762292
32 0.62827 0.0469154 0.00728541
33 0.62827 0.0534193 0.00917803
34 0.62827 0.0461356 0.00735236
35 0.62827 0.0607451 0.008368
36 0.62827 0.0500538 0.00728636
37 0.62827 0.0371158 0.00498568
38 0.62827 0.0509522 0.00850332
39 0.62827 0.0520715 0.00963706
40 0.62827 0.0441657 0.00642259
41 0.62827 0.0483782 0.00724287
42 0.62827 0.0537186 0.0098505
43 0.62827 0.0548215 0.00917679
44 0.62827 0.049335 0.00775532
45 0.62827 0.0455714 0.00754124
46 0.62827 0.0583564 0.0093978
47 0.62827 0.0486626 0.00604105
48 0.62827 0.0436583 0.00636041
49 0.62827 0.0456054 0.00624276
50 0.62827 0.0545717 0.00934514
51 0.62827 0.0532883 0.00774957
52 0.62827 0.0529607 0.00813075
53 0.62827 0.0546078 0.00997862
54 0.62827 0.0566545 0.0113442
55 0.62827 0.0540812 0.00909138
56 0.62827 0.0509661 0.00730326
57 0.62827 0.0497396 0.0108065
58 0.62827 0.0483141 0.0085059
59 0.62827 0.0429065 0.00740877
60 0.62827 0.0469711 0.00807981
61 0.62827 0.0396101 0.0055704
62 0.62827 0.0466993 0.00776795
63 0.62827 0.0444359 0.00684239
64 0.62827 0.0538277 0.00941258
65 0.62827 0.0551658 0.0106152
66 0.62827 0.0486118 0.00775097
67 0.62827 0.0564972 0.0105897
68 0.62827 0.045674 0.00772164
69 0.62827 0.0426156 0.00670641
70 0.62827 0.0437537 0.00650105
71 0.62827 0.0409902 0.00533208
72 0.62827 0.0436389 0.00786294
73 0.62827 0.0513672 0.00829876
74 0.62827 0.045469 0.00641166
75 0.62827 0.0501784 0.0076344
76 0.62827 0.0439874 0.00705164
77 0.62827 0.0521791 0.00937516
78 0.62827 0.0454385 0.00628495
79 0.62827 0.0498406 0.0084522
80 0.62827 0.0442559 0.00675399
81 0.62827 0.0471176 0.0099472
82 0.62827 0.0544519 0.0105494
83 0.62827 0.0536032 0.00967879
84 0.62827 0.0507011 0.00745116
85 0.62827 0.0517027 0.0092722
86 0.62827 0.0574958 0.0102464
87 0.62827 0.0534503 0.0104498
88 0.62827 0.0742405 0.0168514
89 0.62827 0.0562342 0.010963
90 0.62827 0.0557362 0.0101368
91 0.62827 0.0541528 0.00993649
92 0.62827 0.0464007 0.00801005
93 0.62827 0.0433201 0.00776659
94 0.62827 0.0475785 0.00837103
95 0.62827 0.0474946 0.00850426
96 0.62827 0.0617094 0.011518
97 0.62827 0.0498004 0.00621615
98 0.62827 0.0622595 0.0105919
99 0.62827 0.0494843 0.00793714
100 0.62827 0.0610703 0.00909105
101 0.62827 0.0481288 0.0080662
102 0.62827 0.0598323 0.0109777
103 0.62827 0.0508929 0.00978709
104 0.62827 0.0539225 0.00990392
105 1 0.058951 0.014576
105 0.4762 0.0744535 0.0149649
106 0.4762 0.0593443 0.0111091
107 0.4762 0.059225 0.0107439
108 0.4762 0.0593856 0.010315
109 0.4762 0.0565576 0.00898985
110 0.4762 0.0552021 0.0119426
111 0.4762 0.0662519 0.0129887
112 0.4762 0.0589678 0.0103403
113 0.4762 0.0493967 0.00836034
114 0.4762 0.0596469 0.0110267
115 0.4762 0.0572804 0.0116514
116 0.4762 0.0508693 0.00943813
117 0.4762 0.0520685 0.0103914
118 0.58143 0.0649209 0.0133329
119 0.58143 0.0593993 0.0123105
120 0.58143 0.0635098 0.0127705
121 0.58143 0.0583029 0.0114543
122 0.58143 0.0700812 0.0120976
123 0.58143 0.0618369 0.0118245
124 0.58143 0.0454475 0.00739341
125 0.58143 0.0466873 0.00930722
126 0.58143 0.0530777 0.00948213
127 0.58143 0.0478718 0.0078108
128 0.58143 0.0528627 0.00928479
129 0.58143 0.0617251 0.0117555
130 0.58143 0.0522846 0.00843957
131 0.58143 0.0541318 0.0105708
132 0.58143 0.0562266 0.0114727
133 0.58143 0.0456548 0.007481
134 0.58143 0.0486859 0.00904124
135 0.58143 0.0630659 0.0124699
136 0.58143 0.0726382 0.0154899
137 0.58143 0.0586783 0.0102903
138 0.58143 0.0607765 0.011255
139 0.58143 0.0564184 0.0103393
140 0.58143 0.0555556 0.00979672
141 0.58143 0.0555148 0.0104097
142 0.58143 0.0588655 0.0103977
143 0.58143 0.0580259 0.0110883
144 0.58143 0.0664438 0.0132705
145 0.58143 0.0580553 0.00983466
146 1.02 0.0578444 0.0154718
146 0.4762 0.0534496 0.0113023
147 0.4762 0.0667975 0.0119796
148 0.4762 0.057617 0.00991668
149 0.56804 0.0629497 0.0110371
150 0.56804 0.0567436 0.0108613
151 0.56804 0.056138 0.00903141
152 0.56804 0.0535385 0.00842278
153 0.56804 0.0624613 0.0115385
154 0.56804 0.059557 0.0107609
155 0.56804 0.0512008 0.0123734
156 0.56804 0.0581123 0.012458
157 0.56804 0.055338 0.0105719
158 0.56804 0.0736959 0.0131226
159 0.56804 0.0567616 0.0107879
160 0.56804 0.0586076 0.0109669
161 0.56804 0.0608557 0.012676
162 0.56804 0.0578133 0.00853869
163 0.56804 0.0540398 0.00921355
164 0.56804 0.0583584 0.0104647
165 0.56804 0.0555624 0.00997753
166 0.56804 0.0480386 0.0082858
167 0.56804 0.046813 0.00881633
168 0.56804 0.044559 0.00600135
169 0.60342 0.0636655 0.0136715
170 0.60342 0.0637293 0.0119314
171 0.60342 0.0557316 0.0108715
172 0.60342 0.0553942 0.0106256
173 0.60342 0.0600692 0.0114982
174 0.60342 0.0628283 0.011917
175 0.60342 0.0525862 0.0113577
176 0.60342 0.0655313 0.0143139
177 0.60342 0.0458691 0.00854373
178 0.60342 0.0610425 0.0133123
179 0.60342 0.0542503 0.0114823
180 0.60342 0.0654494 0.0133728
181 0.60342 0.053528 0.0106772
182 0.60342 0.0555194 0.0105963
183 0.60342 0.0685236 0.0138739
184 0.60342 0.061827 0.0109236
185 0.60342 0.0627969 0.0125514
186 0.60342 0.0665967 0.0133209
187 0.60342 0.0645288 0.0127527
188 0.60342 0.0586171 0.0112526
189 0.60342 0.0550617 0.0108743
190 0.60342 0.0426661 0.00658061
191 0.60342 0.0612786 0.0110894
192 0.60342 0.056682 0.00935237
193 0.60342 0.0498233 0.00919482
194 0.60342 0.0548866 0.0112584
195 0.60342 0.0448475 0.00646102
196 0.60342 0.056934 0.0103111
197 0.60342 0.0585292 0.0115626
198 0.60342 0.0582669 0.0118779
199 0.60342 0.0611053 0.012306
200 0.60342 0.06606 0.0144966
201 0.60342 0.0576213 0.011228
202 0.60342 0.0597855 0.0116165
203 0.60342 0.063076 0.0134893
204 0.60342 0.050623 0.00951269
205 0.60342 0.0692416 0.0136916
206 0.60342 0.0665787 0.014013
207 0.60342 0.0560418 0.0124425
208 0.60342 0.0646554 0.0127607
209 0.60342 0.0667042 0.0132064
210 0.60342 0.0494724 0.00862572
211 0.60342 0.055599 0.0109079
212 0.60342 0.0591469 0.0108009
213 0.60342 0.0619555 0.0119263
214 0.60342 0.0586042 0.0130932
215 0.60342 0.0575962 0.0102971
216 0.60342 0.0526098 0.0101937
217 0.60342 0.0577556 0.0103772
218 0.60342 0.0611357 0.0113197
219 0.60342 0.053868 0.00903686
220 0.60342 0.0483188 0.00639862
221 0.60342 0.0404351 0.00610013
222 0.60342 0.043742 0.00681835
223 0.60342 0.0397136 0.00624091
224 0.60342 0.047537 0.00960016
225 0.60342 0.0562994 0.0106414
226 0.60342 0.05986 0.0128033
227 0.60342 0.0649077 0.0135562
228 0.60342 0.060068 0.0126682
229 0.60342 0.0652928 0.0122542
230 0.60342 0.0658235 0.0137574
231 0.60342 0.0504983 0.0106272
232 0.60342 0.0663055 0.014986
233 0.60342 0.0564248 0.0123133
234 0.60342 0.0563308 0.0111617
235 0.60342 0.055509 0.0108534
236 0.60342 0.0492629 0.010541
237 0.60342 0.0536076 0.0105542
238 0.60342 0.0510958 0.00758568
239 0.60342 0.0573233 0.0111224
240 0.60342 0.0554623 0.00999161
241 0.60342 0.0556359 0.0110773
242 0.60342 0.0585767 0.0101858
243 0.60342 0.052394 0.011686
244 0.60342 0.06537 0.0141956
245 0.60342 0.0566719 0.0123217
246 0.60342 0.0626945 0.0116209
247 0.60342 0.0512258 0.00919244
248 0.60342 0.0730909 0.0165963
249 0.60342 0.056483 0.0117158
250 0.60342 0.0375906 0.00541298
251 0.60342 0.0478208 0.00906778
252 0.60342 0.0617379 0.0110985
253 0.60342 0.0592914 0.0113262
254 0.60342 0.050183 0.00990966
255 0.60342 0.0599933 0.0132093
256 0.60342 0.0541438 0.0103254
257 0.60342 0.0555166 0.0116195
258 0.60342 0.0608377 0.0122539
259 0.60342 0.0514174 0.0100253
260 0.60342 0.0495743 0.00914656
261 0.60342 0.0585679 0.0115519
262 0.60342 0.039611 0.00655028
263 0.60342 0.0554445 0.0111737
264 0.60342 0.0531074 0.0109537
265 0.60342 0.0475305 0.00920599
266 0.60342 0.051306 0.00946082
267 0.60342 0.0489093 0.00851774
268 0.60342 0.0556901 0.0108153
269 0.60342 0.0497211 0.00915966
270 0.60342 0.0551684 0.00935706
271 0.60342 0.048431 0.00915501
272 0.60342 0.0567467 0.00998547
273 0.60342 0.043187 0.0070029
274 0.60342 0.0490166 0.00976672
275 0.60342 0.0525771 0.0089959
276 0.60342 0.0521767 0.00997318
277 0.60342 0.0625807 0.011217
278 0.60342 0.0634679 0.0116748
279 0.60342 0.0491386 0.0072975
280 0.60342 0.0497169 0.00897375
281 0.60342 0.0434018 0.00742109
282 0.60342 0.0446609 0.00815545
283 0.60342 0.0555361 0.0109767
284 0.60342 0.0510282 0.00868745
285 0.60342 0.0589391 0.0106738
286 0.60342 0.0565044 0.0110072
287 0.60342 0.0541596 0.0119585
288 0.60342 0.0486101 0.00893712
289 0.60342 0.0478208 0.00846653
290 0.60342 0.0565303 0.0107617
291 0.60342 0.0485214 0.00819282
292 0.60342 0.0514762 0.00956288
293 0.60342 0.0625992 0.0126135
294 0.60342 0.0658502 0.0142378
295 0.60342 0.0586516 0.0126579
296 0.60342 0.0584187 0.0113142
297 0.60342 0.0579434 0.0109223
298 0.60342 0.0610853 0.01247
299 0.60342 0.0595003 0.0129044
300 0.60342 0.0458848 0.00757383
301 0.60342 0.0572784 0.010452
302 0.60342 0.0682895 0.0135652
303 0.60342 0.0606873 0.0110487
304 0.60342 0.0492255 0.00951373
305 0.60342 0.0545227 0.0111275
306 0.60342 0.0586505 0.0127175
307 0.60342 0.0703349 0.012977
308 0.60342 0.061193 0.0120107
309 0.60342 0.0654411 0.0131787
310 0.60342 0.0542593 0.010939
311 0.60342 0.0590956 0.0120987
312 0.60342 0.0579193 0.01198
313 0.60342 0.0510747 0.00949984
314 0.60342 0.0578047 0.011704
315 0.60342 0.0489855 0.0102034
316 0.69254 0.0564157 0.0114951
317 0.69254 0.0438479 0.0086073
318 0.80366 0.0594591 0.0128857
319 0.80366 0.0489606 0.00787183
320 0.80366 0.0548793 0.0104443
321 0.80366 0.0373741 0.00460717
322 0.80366 0.0467817 0.00769114
323 0.80366 0.047869 0.0089633
324 0.80366 0.0478887 0.00940144
325 0.80366 0.0516121 0.00828496
326 0.80366 0.0570299 0.00934386
327 0.80366 0.0475064 0.00864845
328 0.80366 0.0430387 0.00822559
329 0.80366 0.0492135 0.0092852
330 0.80366 0.0537116 0.0100452
331 0.80366 0.0454312 0.00855256
332 0.80366 0.0650846 0.013036
333 0.80366 0.0541463 0.0095235
334 0.80366 0.0473198 0.0103069
335 0.80366 0.076433 0.0138965
336 0.80366 0.0535053 0.00955657
337 0.80366 0.0498705 0.00877823
338 0.80366 0.050769 0.00984149
339 0.80366 0.0453144 0.00878629
340 0.80366 0.0590486 0.0110782
341 0.80366 0.0651415 0.0121236
342 0.80366 0.066962 0.0127364
343 0.80366 0.0600387 0.0106258
344 0.80366 0.056478 0.0106368
345 0.80366 0.0554965 0.0114797
346 0.80366 0.0626416 0.0115496
347 0.80366 0.0575313 0.011609
348 0.80366 0.0526243 0.00912663
349 0.80366 0.0513686 0.0100428
350 0.80366 0.0545761 0.0113949
351 0.80366 0.0622066 0.0142794
352 0.80366 0.0574486 0.0126308
353 0.80366 0.0537529 0.0107637
354 0.80366 0.0547739 0.0120555
355 0.80366 0.054944 0.0103487
356 0.80366 0.0578083 0.0123756
357 0.80366 0.0534139 0.00940415
358 0.80366 0.0585997 0.011546
359 0.80366 0.0630382 0.0142056
360 0.80366 0.0625913 0.0111414
361 0.80366 0.0598792 0.0110713
362 0.80366 0.0574847 0.0114714
363 0.80366 0.0444949 0.00654066
364 0.80366 0.0562471 0.0106626
365 0.80366 0.0491892 0.00745054
366 0.80366 0.0518016 0.00915347
367 0.80366 0.0495108 0.00861131
368 0.80366 0.046532 0.00716877
369 0.80366 0.0520747 0.00926814
370 0.80366 0.0514701 0.00971621
371 0.80366 0.0508132 0.00927349
372 0.80366 0.0485416 0.00925629
373 0.80366 0.0474053 0.00943554
374 0.80366 0.0613951 0.0124905
375 0.80366 0.0503856 0.0087362
376 0.80366 0.0486048 0.00940204
377 0.80366 0.0648996 0.0120215
378 0.80366 0.0599364 0.0121986
379 0.80366 0.0607045 0.0113133
380 0.80366 0.0605808 0.01111
381 0.80366 0.048776 0.00965024
382 0.80366 0.0509888 0.0104075
383 0.80366 0.0575469 0.0139698
384 0.80366 0.0556282 0.0113767
385 0.80366 0.0556903 0.011929
386 0.80366 0.0637884 0.0129167
387 0.80366 0.067983 0.0161168
388 0.80366 0.0515846 0.0100083
389 0.80366 0.0585564 0.0120331
390 0.80366 0.059241 0.0120769
391 0.80366 0.0649003 0.0127227
392 0.80366 0.0523444 0.00896765
393 0.80366 0.0738729 0.0159617
394 0.80366 0.0673461 0.0126003
395 0.80366 0.0530702 0.0105604
396 0.80366 0.0520236 0.0084204
397 0.80366 0.0595091 0.00866403
398 0.80366 0.0530105 0.00966611
399 0.80366 0.066955 0.0136268
400 0.80366 0.0454919 0.00876346
401 0.80366 0.0577156 0.0117003
402 0.80366 0.063528 0.0125527
403 0.80366 0.0591096 0.0127325
404 0.80366 0.0610879 0.0125668
405 0.80366 0.0661506 0.0116073
406 0.80366 0.0594812 0.0123885
407 0.80366 0.0765445 0.0165336
408 0.80366 0.0611717 0.0108457
409 0.80366 0.05809 0.0104999
410 0.80366 0.0403991 0.00615425
411 0.80366 0.0481088 0.00810572
412 0.80366 0.0581466 0.0106728
413 0.80366 0.0702904 0.0135138
414 0.80366 0.058042 0.0123853
415 0.80366 0.0665153 0.0124635
416 0.80366 0.0626874 0.011442
417 0.80366 0.0554474 0.00991313
418 0.80366 0.061894 0.0121553
419 0.80366 0.0737327 0.0148427
420 0.80366 0.0715649 0.0136145
421 0.80366 0.056339 0.0114311
422 0.80366 0.0640709 0.0123804
423 0.80366 0.0711695 0.0154734
424 0.80366 0.0512954 0.00976614
425 0.80366 0.0681546 0.0135202
426 0.80366 0.0651908 0.0124172
427 0.80366 0.0742226 0.0134304
428 0.80366 0.0676761 0.0131023
429 0.80366 0.0579985 0.0104295
430 0.80366 0.0694113 0.012877
431 0.80366 0.073406 0.0156061
432 0.80366 0.0762677 0.0159423
433 0.80366 0.0621609 0.0111337
434 0.80366 0.0586933 0.0107106
435 0.80366 0.0559203 0.0105079
436 0.80366 0.0595702 0.00932453
437 0.80366 0.0617567 0.00956403
438 0.80366 0.0658973 0.0123042
439 0.80366 0.0548857 0.00941073
440 0.80366 0.0522564 0.00893447
441 0.80366 0.0675255 0.0129007
442 0.80366 0.0595514 0.011744
443 0.80366 0.0539423 0.0102983
444 0.80366 0.065227 0.0115145
445 0.80366 0.0556516 0.0101638
446 0.80366 0.0505095 0.0101107
447 0.80366 0.0628063 0.0113391
448 0.80366 0.0609339 0.0126276
449 0.80366 0.0648344 0.0116826
450 0.80366 0.0679774 0.0152378
451 0.80366 0.0563186 0.011355
452 0.80366 0.0539375 0.00905024
453 0.80366 0.0594371 0.011614
454 0.80366 0.0546961 0.00929009
455 0.80366 0.0601048 0.0112606
456 0.80366 0.0556911 0.0102167
457 0.80366 0.0566273 0.00943747
458 0.80366 0.0573964 0.01088
459 0.80366 0.0632921 0.012014
460 0.80366 0.0609842 0.011403
461 0.80366 0.0670898 0.0122125
462 0.80366 0.0534022 0.0101142
463 0.80366 0.0484161 0.00992928
464 0.80366 0.0516008 0.00819464
465 0.80366 0.0663205 0.012834
466 0.8222 0.0617454 0.0132434
467 0.8222 0.0446807 0.00647978
468 0.8222 0.063284 0.0101861
469 0.8222 0.0620384 0.01203
470 0.8222 0.0630763 0.0125594
471 0.8222 0.0593741 0.0124964
472 0.8222 0.0712503 0.0137314
473 0.8222 0.0713886 0.013749
474 0.8222 0.059445 0.00980249
475 0.8222 0.0636346 0.0108067
476 0.8222 0.0576208 0.0102899
477 0.8222 0.0683924 0.0140327
478 0.8222 0.0588158 0.0116247
479 0.8222 0.060278 0.0132457
480 0.8222 0.0675431 0.0145962
481 0.8222 0.0732254 0.0157446
482 0.8222 0.0670317 0.0139475
483 0.8222 0.0665046 0.0141284
484 0.8222 0.0761395 0.0155951
485 0.8222 0.0491211 0.00966503
486 0.8222 0.046304 0.0074532
487 0.8222 0.0568047 0.0109211
488 0.8222 0.0540384 0.00859422
489 0.8222 0.0691255 0.0137419
490 0.8222 0.0639275 0.0140934
491 0.8222 0.0683007 0.0140542
492 0.8222 0.0730544 0.0157834
493 0.8222 0.0682027 0.0144652
494 0.8222 0.0640176 0.0139495
495 0.8222 0.0737289 0.0171177
496 0.87248 0.0703943 0.0146442
497 0.87248 0.0668547 0.0148733
498 0.87248 0.0744804 0.0159938
499 0.87248 0.0649057 0.0138354
500 0.87248 0.0461921 0.00788981
501 0.87248 0.0552524 0.00929602
502 0.87248 0.0499897 0.00896001
503 0.87248 0.0477316 0.00755075
504 0.87248 0.0696271 0.0133038
505 0.87248 0.0677679 0.0130589
506 0.87248 0.052458 0.00996019
507 0.87248 0.0525257 0.0114854
508 0.87248 0.0625292 0.0124504
509 0.87248 0.0459606 0.00783826
510 0.87248 0.0366729 0.00499688
511 0.87248 0.0564864 0.0111062
512 0.87248 0.0618411 0.0109536
513 0.87248 0.050523 0.00922582
514 0.87248 0.0567496 0.0111701
515 1.01 0.0554579 0.0131265
515 0.4762 0.0546779 0.00909564
516 0.4762 0.0446543 0.00737076
517 0.4762 0.0478415 0.008063
518 0.4762 0.0545409 0.0108423
519 0.50794 0.0533213 0.00887392
520 0.50794 0.0474667 0.00882169
521 0.50794 0.0454689 0.00732023
522 0.50794 0.0588411 0.00933718
523 0.50794 0.0496063 0.00872283
524 0.50794 0.0461169 0.00789955
525 0.50794 0.0586669 0.0101412
526 0.50794 0.0485224 0.00827682
527 0.50794 0.060346 0.0119882
528 0.50794 0.0546142 0.00979165
529 0.50794 0.0519271 0.0083441
530 0.50794 0.0624188 0.0112979
531 0.94622 0.0596831 0.0137641
532 0.94622 0.0631411 0.0114145
533 0.94622 0.0570575 0.010686
534 0.94622 0.0584588 0.0122999
535 0.94622 0.0569735 0.011477
536 0.94622 0.0529503 0.00955561
537 0.94622 0.0600948 0.0101001
538 0.94622 0.0516902 0.00870486
539 0.94622 0.0545213 0.0091336
540 0.94622 0.0622816 0.0133634
541 0.94622 0.0574029 0.0119477
542 0.94622 0.0696821 0.0151023
543 0.94622 0.0517514 0.0100334
544 0.94622 0.0404444 0.00626452
545 0.94622 0.0601293 0.010236
546 0.94622 0.0487466 0.00938852
547 0.94622 0.0616539 0.0110354
548 1 0.0722886 0.019231
548 0.58143 0.0508695 0.0102695
549 0.58143 0.0669767 0.0123871
550 0.69254 0.0618824 0.0126933
551 0.69254 0.0637438 0.0112186
552 1 0.0571411 0.0151712
552 0.66777 0.0525867 0.00959157
553 0.66777 0.0556277 0.0102708
554 0.66777 0.0623928 0.0101236
555 0.66777 0.0612017 0.0118589
556 0.90889 0.0623518 0.0149973
557 0.90889 0.0692112 0.0133154
558 0.90889 0.0616806 0.0106419
559 0.90889 0.063808 0.0129496
560 0.90889 0.0606823 0.0106807
561 0.90889 0.0637199 0.0121537
562 0.90889 0.0717374 0.0146823
563 0.90889 0.0632543 0.01294
564 0.90889 0.0550052 0.010291
565 0.90889 0.0542501 0.0107558
566 0.90889 0.0505156 0.0106325
567 0.91477 0.0584573 0.013542
568 0.91477 0.0658612 0.0150579
569 1 0.0719093 0.022609
569 1 0.0703355 0.0159556
569 1.00413 0.0715731 0.0219346
569 1 0.059697 0.0135752
569 0.69254 0.073821 0.0159965
570 0.80953 0.0618766 0.0127838
571 1 0.0518405 0.0122321
571 0.51794 0.051244 0.00960383
572 0.97826 0.0630691 0.0165994
573 1.01 0.0736591 0.018991
574 1.01 0.0566777 0.0134641
575 1.01 0.065872 0.0167322
576 1.01 0.0611956 0.0116258
577 1.01 0.0660864 0.0120934
578 1.01 0.0609802 0.0117855
579 1.01 0.0585868 0.0117582
580 1.01 0.0610292 0.0117614
581 1.01 0.0551894 0.011136
582 1.01 0.0610281 0.0126064
583 1.01 0.0679661 0.0129942
584 1.01 0.054656 0.0124925
585 1.01 0.0656772 0.0123786
586 1.01 0.0676538 0.0159611
587 1.01 0.0625381 0.0133925
588 1.01 0.0658032 0.0178637
589 1.01 0.065023 0.0104484
590 1.01 0.0795606 0.019083
591 1.01 0.0810076 0.0192901
592 1.01 0.0811353 0.0202073
593 1.01 0.0886702 0.0220798
594 1.01 0.0779995 0.0186004
595 1.01 0.0814908 0.02321
596 1.01 0.0818914 0.0164748
597 1.01 0.066702 0.0136222
598 1.01 0.0771251 0.0196904
599 1.01 0.0767781 0.0176172
600 1.01 0.0732703 0.0197858
601 1.01 0.0749452 0.0233986
602 1.01 0.0688526 0.0198181
603 1.01 0.0771124 0.0222342
604 1.01 0.0906535 0.0298843
605 1.01 0.0853324 0.0266075
606 1.01 0.105395 0.0337158
607 1.01 0.116292 0.0441978
608 1.01 0.0820276 0.0241917
609 1.01 0.0758651 0.0217844
610 1.01 0.0773492 0.0274427
611 1.01 0.0853413 0.0303222
612 1.01 0.0784777 0.026003
613 1.01 0.0945915 0.0331125
614 1.01 0.0734425 0.0192109
615 1.01 0.0563085 0.0110815
616 1.01 0.0723067 0.0144316
617 1.01 0.0949821 0.0320777
618 1.01 0.0820133 0.0203891
619 1.01 0.0902391 0.0288705
620 1.01 0.066632 0.0172357
621 1.01 0.0852568 0.0274489
622 1.01 0.0886095 0.0249007
623 1.01 0.10856 0.0482525
624 1.01 0.0885878 0.033921
625 1.01 0.105664 0.0455488
626 1.01 0.114648 0.0416397
627 1.01 0.0725909 0.0295301
628 1.01 0.0866019 0.0301373
629 1.01 0.105099 0.0423727
630 1.01 0.0765828 0.0260368
631 1.01 0.076258 0.0327552
632 1.01 0.0856189 0.0304753
633 1.01 0.0964053 0.0415107
634 1.01 0.0920611 0.0411688
635 1.02 0.0888823 0.0320399
636 1.02 0.10392 0.0437481
637 1.02 0.0988762 0.0368676
638 1.02 0.0797897 0.0308224
639 1.02 0.0756998 0.0194136
640 1.02 0.0641933 0.0177493
641 1.02 0.0863352 0.024767
642 1.02 0.0833255 0.0250154
643 1.02 0.0898755 0.0269456
644 1.02 0.0742157 0.0207297
645 1.02 0.0816402 0.023992
646 1.02 0.082133 0.0292825
647 1.02 0.0915148 0.0321158
648 1.02 0.0853598 0.029567
649 1.02 0.086468 0.0364835
650 1.02 0.0915554 0.0398539
651 1.02 0.0715764 0.0208242
652 1.02 0.0857793 0.0345191
653 1.02 0.0685754 0.0220963
654 1.02 0.0695095 0.0203823
655 1.02 0.0823068 0.0237506
656 1.02 0.0817327 0.0266575
657 1.02 0.0768082 0.02215
658 1.02 0.0713818 0.0227151
659 1.02 0.07273 0.0264548
660 1.02 0.0778598 0.0310689
661 1.02 0.0761285 0.0213772
662 1.02 0.0739466 0.0229549
663 1.02 0.0718355 0.0212975
664 1.02 0.085822 0.0282368
665 1.02 0.0772282 0.0257772
666 1.02 0.0725275 0.0294903
667 1.02 0.0889475 0.0389773
668 1.02 0.095015 0.0441303
669 1.02 0.0922311 0.0382435
670 1.02 0.0778422 0.0320875
671 1.02 0.0952179 0.040478
672 1.02 0.0924906 0.0412117
673 1.02 0.069328 0.0260008
674 1.02 0.0823151 0.033911
675 1.02 0.0885142 0.0381727
676 1.02 0.0852642 0.0400082
677 1.02 0.0912215 0.0481891
678 1.02 0.0843179 0.0342464
679 1.02 0.0909547 0.0365495
680 1.02 0.0812206 0.0312735
681 1.02 0.0969889 0.0337163
682 1.02 0.0994778 0.0391074
683 1.02 0.0888866 0.0345381
684 1.02 0.0984324 0.038645
685 1.02 0.0964174 0.0381326
686 1.02 0.0904634 0.0403989
687 1.02 0.100621 0.0446887
688 1.02 0.0988013 0.0429023
689 1.02 0.107841 0.0455428
690 1.02 0.0806244 0.0328385
691 1.02 0.0978022 0.035908
692 1.02 0.0897962 0.0375098
693 1.02 0.0689845 0.017939
694 1.02 0.096812 0.0368824
695 1.02 0.0831748 0.0327866
696 1.02 0.0805009 0.0252991
697 1.02 0.0892119 0.0408967
698 1.02 0.0823729 0.0239042
699 1.02 0.0686611 0.0194104
700 1.02 0.0674706 0.0225203
701 1.02 0.0687285 0.0162186
702 1.02 0.0831784 0.0239733
703 1.02 0.0692639 0.0208063
704 1.02 0.0722946 0.0249327
705 1.02 0.0794377 0.0271048
706 1.02 0.0702396 0.0224458
707 1.02 0.0906292 0.0340398
708 1.02 0.0700102 0.0238639
709 1.02 0.0551296 0.0117365
710 1.02 0.0643333 0.0123442
711 1.02 0.0672293 0.0136598
712 1.02 0.068689 0.0209937
713 1.02 0.0606692 0.0142215
714 1.02 0.0675764 0.0150134
715 1.02 0.0719912 0.0222634
716 1.02 0.0675944 0.0208528
717 1.02 0.0679642 0.0163156
718 1.02 0.0694662 0.0200253
719 1.02 0.0816102 0.0261126
720 1.02 0.048409 0.0102608
721 1.02 0.057016 0.0156698
722 1.02 0.0685147 0.0161862
723 1.02 0.0651734 0.0128726
724 1.02 0.0574958 0.0128857
725 1.02 0.0667875 0.0209671
726 1.02 0.0623389 0.0150771
727 1.02 0.0589352 0.0201591
728 1.02 0.0781161 0.0238759
729 1.02 0.0756129 0.0237711
730 1.02 0.0723617 0.0214662
731 1.02 0.0696683 0.0178719
732 1.02 0.0821916 0.0245385
733 1.02 0.0791053 0.0278331
734 1.02 0.0456644 0.00955647
735 1.02 0.0785035 0.0267882
736 1.02 0.0653897 0.0159672
737 1.02 0.0733954 0.0227472
738 1.02 0.0613846 0.0117597
739 1.02 0.0703955 0.0209397
740 1.02 0.0717151 0.0245867
741 1.02 0.0676113 0.021427
742 1.02 0.0598744 0.0179764
743 1.02 0.0742233 0.0270189
744 1.02 0.0639324 0.0150776
745 1.02 0.0591121 0.0162959
746 1.02 0.0650735 0.0194817
747 1.02 0.06379 0.0131236
748 1.02 0.0627538 0.0188282
749 1.02 0.0679676 0.0220997
750 1.02 0.0868719 0.0253496
751 1.02 0.0735885 0.0275522
752 1.02 0.0854981 0.0341602
753 1.02 0.0824315 0.0234249
754 1.02 0.0774198 0.0252027
755 1.02 0.0747837 0.0292368
756 1.02 0.077089 0.0344619
757 1.02 0.0684563 0.0320052
758 1.02 0.0786718 0.035171
759 1.02 0.0744749 0.0279104
760 1.02 0.0694457 0.0303487
761 1.02 0.0607253 0.0178193
762 1.02 0.0657586 0.0219975
763 1.02 0.0754102 0.0308926
764 1.02 0.0995744 0.0477276
765 1.02 0.0794489 0.0299447
766 1.02 0.0717896 0.0196483
767 1.02 0.0921925 0.0342496
768 1.02 0.0865478 0.0283331
769 1.02 0.0821114 0.0270069
770 1.02 0.0776514 0.026076
771 1.02 0.0770191 0.0263554
772 1.02 0.0752344 0.0310963
773 1.02 0.0742631 0.0241523
774 1.02 0.0631319 0.0182426
775 1.02 0.0788475 0.0256099
776 1.02 0.0878827 0.0350901
777 1.02 0.0887752 0.033984
778 1.02 0.0649232 0.0246963
779 1.02 0.0666286 0.0260414
780 1.02 0.0643126 0.0264892
781 1.02 0.0777038 0.037865
782 1.02 0.0624805 0.022122
783 1.02 0.0633011 0.021101
784 1.02 0.0597796 0.0182273
785 1.02 0.066785 0.0218421
786 1.02 0.0709382 0.0258371
787 1.02 0.0665792 0.0263569
788 1.02 0.0799057 0.0275847
789 1.02 0.0653899 0.0217653
790 1.02 0.0677534 0.0250337
791 1.02 0.0930224 0.034974
792 1.02 0.0775339 0.0346653
793 1.02 0.106525 0.0475088
794 1.02 0.0893655 0.0350051
795 1.02 0.0796847 0.0293884
796 1.02 0.0783538 0.0258617
797 1.02 0.0792978 0.0250962
798 1.02 0.0800021 0.0374775
799 1.02 0.0993968 0.0456797
800 1.02 0.0824027 0.0395783
801 1.02 0.0587951 0.0179735
802 1.02 0.0658587 0.0199512
803 1.02 0.0817594 0.0331943
804 1.02 0.0637177 0.021686
805 1.02 0.0585055 0.0174355
806 1.02 0.077489 0.0251673
807 1.02 0.0719025 0.0236938
808 1.02 0.0772222 0.0307386
809 1.02 0.0712911 0.0265219
810 1.02 0.0868598 0.0415422
811 1.02 0.0858313 0.0430205
812 1.02 0.0783505 0.030103
813 1.02 0.109213 0.0559269
814 1.02 0.0652461 0.0279848
815 1.02 0.0660161 0.0192712
816 1.02 0.0534118 0.0139113
817 1.02 0.052453 0.0174968
818 1.02 0.0620553 0.0145233
819 1.02 0.075977 0.0241046
820 1.02 0.082422 0.0311987
821 1.02 0.0648171 0.015522
822 1.02 0.0769233 0.0196271
823 1.02 0.0674632 0.0183308
824 1.02 0.0700441 0.0228416
825 1.02 0.0856923 0.0309032
826 1.02 0.0745956 0.0253045
827 1.02 0.0614058 0.0153194
828 1.02 0.084637 0.0430358
829 1.02 0.0841193 0.0361935
830 1.02 0.0731009 0.0296323
831 1.02 0.0903675 0.0435733
832 1.02 0.0776126 0.0336877
833 1.02 0.0860284 0.0417913
834 1.02 0.102287 0.0445943
835 1.02 0.08584 0.0316618
836 1.02 0.078026 0.0301982
837 1.02 0.0920259 0.0305684
838 1.02 0.0780689 0.025665
839 1.02 0.0822504 0.031332
840 1.02 0.0741947 0.0304753
841 1.02 0.0889061 0.0379551
842 1.02 0.0892463 0.0319117
843 1.02 0.0964667 0.0410931
844 1.02 0.092351 0.0364628
845 1.02 0.0837642 0.0330126
846 1.02 0.0862628 0.0307674
847 1.02 0.0991351 0.0433407
848 1.02 0.100402 0.0429286
849 1.02 0.104986 0.0410017
850 1.02 0.0749495 0.0308957
851 1.02 0.0924435 0.0440707
852 1.02 0.0682462 0.0246256
853 1.02 0.112842 0.0470837
854 1.02 0.0774908 0.0281982
855 1.02 0.112233 0.0496562
856 1.02 0.110464 0.0471995
857 1.02 0.104582 0.0524965
858 1.02 0.116608 0.0617915
859 1.02 0.0794384 0.0329126
860 1.02 0.0672009 0.0234161
861 1.02 0.0836767 0.032337
862 1.02 0.0955755 0.0435963
863 1.02 0.0878083 0.0420203
864 1.02 0.110232 0.0525652
865 1.02 0.0951613 0.0487127
866 1.02 0.0665592 0.0275463
867 1.02 0.0720358 0.0245116
868 1.02 0.0903414 0.0492834
869 1.02 0.0814928 0.0272236
870 1.02 0.0754713 0.0311035
871 1.02 0.0770826 0.032008
872 1.02 0.0918959 0.0391134
873 1.02 0.0753599 0.0316332
874 1.02 0.0851639 0.0365271
875 1.02 0.0688895 0.0227272
876 1.02 0.0896463 0.0441088
877 1.02 0.0761887 0.0282333
878 1.02 0.083044 0.0283207
879 1.02 0.0779853 0.0351933
880 1.02 0.0813624 0.0306886
881 1.02 0.0749553 0.0280104
882 1.02 0.0790967 0.0312497
883 1.02 0.0713859 0.0279237
884 1.02 0.0615682 0.019734
885 1.02 0.0781321 0.0335422
886 1.02 0.0603451 0.0214936
887 1.02 0.0790516 0.0413676
888 1.02 0.0859619 0.0402113
889 1.02 0.0670848 0.0189395
890 1.02 0.0835518 0.0305623
891 1.02 0.0909494 0.0348938
892 1.02 0.0776682 0.034436
893 1.02 0.085835 0.0361807
894 1.02 0.0789634 0.0378922
895 1.02 0.0793364 0.0299378
896 1.02 0.0736601 0.0302153
897 1.02 0.0807142 0.0280661
898 1.02 0.0818823 0.0287489
899 1.02 0.0622849 0.0196119
900 1.02 0.0824143 0.0274227
901 1.02 0.0934077 0.0440862
902 1.02 0.0960402 0.0399892
903 1.02 0.0920558 0.0338871
904 1.02 0.120717 0.0473618
905 1.02 0.0743643 0.0229957
906 1.02 0.0731441 0.0286505
907 1.02 0.0835614 0.031935
908 1.02 0.0762873 0.0260825
909 1.02 0.0924529 0.0374968
910 1.02 0.0925202 0.0433359
911 1.02 0.0780975 0.0311529
912 1.02 0.0693303 0.025115
913 1.02 0.0637156 0.0231928
914 1.02 0.0831215 0.0288907
915 1.02 0.061018 0.0264812
916 1.02 0.0751125 0.03077
917 1.02 0.0837035 0.0352522
918 1.02 0.0834271 0.0370881
919 1.02 0.076441 0.0384133
920 1.02 0.0750417 0.0298606
921 1.02 0.0708144 0.028544
922 1.02 0.058386 0.0186011
923 1.02 0.0707014 0.0260879
924 1.02 0.0595284 0.022447
925 1.02 0.0829456 0.0401177
926 1.03 0.0612208 0.0235834
927 1.03 0.0816313 0.0351144
928 1.03 0.0752549 0.0283537
929 1.03 0.0695035 0.0277081
930 1.03 0.077138 0.0329406
931 1.03 0.0646662 0.0276594
932 1.03 0.0673817 0.0267363
933 1.03 0.0741175 0.0270559
934 1.03 0.0692625 0.0302105
935 1.03 0.0817069 0.028174
936 1.03 0.0758943 0.0280566
937 1.03 0.0657156 0.0204326
938 1.03 0.0761994 0.0300196
939 1.03 0.0778153 0.0252899
940 1.03 0.0570525 0.0140218
941 1.03 0.0568747 0.0176929
942 1.03 0.0589869 0.00957361
943 1.03 0.066975 0.0194287
944 1.03 0.0686021 0.0214365
945 1.03 0.0833548 0.0304942
946 1.03 0.062315 0.0167007
947 1.03 0.0688552 0.016352
948 1.03 0.0521598 0.0114713
949 1.03 0.0506631 0.00826073
950 1.03 0.0747475 0.0193744
951 1.03 0.0619655 0.0112312
952 1.03 0.0559249 0.00855807
953 1.03 0.0764504 0.0183005
954 1.03 0.0835851 0.0235248
955 1.03 0.0662753 0.020832
956 1.03 0.0689716 0.0211651
957 1.03 0.0713447 0.0180395
958 1.03 0.0668682 0.015367
959 1.03 0.0747728 0.024489
960 1.03 0.0686678 0.0185322
961 1.03 0.0737433 0.0210371
962 1.03 0.0674446 0.0267912
963 1.03 0.0677867 0.0220381
964 1.03 0.0865986 0.0269763
965 1.03 0.0691016 0.0195612
966 1.03 0.0611621 0.0196402
967 1.03 0.0781369 0.0234921
968 1.03 0.075816 0.0204013
969 1.03 0.0730058 0.0182705
970 1.03 0.0766201 0.023899
971 1.03 0.072245 0.022572
972 1.03 0.0650108 0.025768
973 1.03 0.102629 0.0400214
974 1.03 0.0825602 0.0265142
975 1.03 0.0753677 0.0227445
976 1.03 0.0669924 0.0249494
977 1.03 0.0650724 0.0197596
978 1.03 0.0564444 0.019959
979 1.03 0.0608841 0.0179506
980 1.03 0.0644814 0.0225231
981 1.03 0.0907125 0.034727
982 1.03 0.065846 0.0181967
983 1.03 0.0913989 0.0344295
984 1.03 0.0721326 0.0195447
985 1.03 0.085717 0.0275873
986 1.03 0.0734753 0.0230178
987 1.03 0.0807967 0.027577
988 1.03 0.0539059 0.0106202
989 1.03 0.0664556 0.0166492
990 1.03 0.0740331 0.0242646
991 1.03 0.0527029 0.0142817
992 1.03 0.0565433 0.0136392
993 1.03 0.0628517 0.0190661
994 1.03 0.0643905 0.0135233
995 1.03 0.0623111 0.0132946
996 1.03 0.0683566 0.016871
997 1.03 0.0594938 0.0117722
998 1.03 0.0669741 0.0152836
999 1.03 0.0647967 0.0136986
1000 1.03 0.0691207 0.0142668
