0 0.26104 0.0421485 0.00375148
1 0.26104 0.0189072 0.00156297
2 0.26104 0.0198997 0.00182432
3 0.28373 0.041371 0.00496785
4 0.28373 0.0303382 0.00243451
5 0.28373 0.0264409 0.0022174
6 0.28373 0.0176685 0.00173045
7 0.28373 0.0206971 0.0022911
8 0.28373 0.0366809 0.00432728
9 0.32648 0.0325679 0.00413764
10 0.32648 0.0312581 0.003493
11 0.32648 0.028952 0.00282117
12 0.3391 0.0373066 0.00436747
13 0.3391 0.0309658 0.00323455
14 0.3391 0.0398363 0.00410639
15 0.3391 0.0369469 0.003576
16 0.3391 0.0334584 0.00333452
17 0.3391 0.0300264 0.00319581
18 0.3391 0.0358589 0.00343834
19 0.3391 0.0368303 0.00423896
20 0.3391 0.0354692 0.00387809
21 0.3391 0.038034 0.00389411
22 0.3391 0.0345227 0.00348866
23 0.3391 0.0380181 0.00381095
24 0.3391 0.0400977 0.00423593
25 0.3391 0.0390526 0.00405995
26 0.3391 0.0337109 0.00384738
27 0.3391 0.0382675 0.00425562
28 0.3391 0.0380428 0.0036389
29 0.3391 0.036181 0.00407259
30 0.3391 0.0329867 0.00344142
31 0.3391 0.0363002 0.00372075
32 0.3391 0.0303439 0.00317109
33 0.3391 0.0312361 0.00323743
34 0.3391 0.0366487 0.00361948
35 0.3391 0.0327969 0.00311027
36 0.3391 0.038049 0.00412089
37 0.3391 0.037022 0.00392684
38 0.3391 0.0338118 0.00292369
39 0.3391 0.0487931 0.00518616
40 0.3391 0.0338452 0.00395759
41 0.3391 0.0281037 0.00281786
42 0.3391 0.0329069 0.00348497
43 0.3391 0.039266 0.004192
44 0.3391 0.0372683 0.00415585
45 0.3391 0.0351265 0.00342835
46 0.3391 0.0311657 0.00327709
47 0.3391 0.0394313 0.00433418
48 0.3391 0.0401683 0.00470912
49 0.3391 0.0373704 0.00403336
50 0.3391 0.0372306 0.00375359
51 0.3391 0.0414207 0.00476839
52 0.3391 0.0315604 0.00312963
53 0.3391 0.0334661 0.00321409
54 0.3391 0.030723 0.00314206
55 0.3391 0.0375466 0.00377191
56 0.3391 0.0399404 0.00440516
57 0.3391 0.0381271 0.00429392
58 0.3391 0.0441099 0.00450765
59 0.3391 0.0338535 0.00342909
60 0.3391 0.0361129 0.00375906
61 0.3391 0.0341887 0.00349205
62 0.3391 0.0369955 0.00400176
63 0.3391 0.0368567 0.00438553
64 0.3391 0.0332225 0.00349672
65 0.3391 0.0390393 0.00434278
66 0.3391 0.0338346 0.00340141
67 0.3391 0.0295767 0.00316013
68 0.3391 0.036563 0.0039333
69 0.3391 0.0318699 0.00350788
70 0.3391 0.0398315 0.00410656
71 0.3391 0.0340178 0.00344442
72 0.3391 0.0379411 0.00376596
73 0.3391 0.0319088 0.0032318
74 0.3391 0.0367102 0.00388875
75 0.3391 0.0329605 0.00356889
76 0.3391 0.034316 0.00371599
77 0.3391 0.0323227 0.00335929
78 0.3391 0.0330188 0.00301807
79 0.3391 0.039852 0.00396377
80 0.3391 0.0324736 0.0038887
81 0.3391 0.034223 0.00346568
82 0.3391 0.0402076 0.00493552
83 0.3391 0.0344098 0.00353414
84 0.3391 0.0366104 0.00330789
85 0.3391 0.0430843 0.00460832
86 0.3391 0.032173 0.00299554
87 0.3391 0.0315911 0.00290877
88 0.3391 0.0414627 0.00451999
89 0.3391 0.0421234 0.00430829
90 0.3391 0.0427846 0.00429975
91 0.3391 0.0404288 0.00411449
92 0.34319 0.0393894 0.00434513
93 0.34319 0.0412698 0.00467237
94 0.34319 0.033615 0.0037875
95 0.34319 0.04355 0.00464354
96 0.34319 0.0331715 0.00381892
97 0.34319 0.044458 0.00482301
98 0.34319 0.0353563 0.00368705
99 0.34319 0.037299 0.00390603
100 0.34319 0.0442111 0.00418538
101 0.34319 0.0428057 0.00437872
102 0.34319 0.0302236 0.00295463
103 0.34319 0.0435041 0.00499112
104 0.34319 0.0391351 0.00389153
105 0.34319 0.0382539 0.00445938
106 0.34319 0.0453697 0.00509526
107 0.34319 0.0445282 0.0046019
108 0.34319 0.0374112 0.00433742
109 0.34319 0.0388052 0.00384962
110 0.34319 0.03822 0.00394863
111 0.34319 0.0336203 0.00360946
112 0.34319 0.0429578 0.005071
113 0.34319 0.0380191 0.00417813
114 0.34319 0.0433945 0.00455484
115 0.34319 0.0501376 0.00556009
116 0.34319 0.0500432 0.00511703
117 0.34319 0.0463541 0.00525259
118 0.34319 0.0407929 0.00474525
119 0.34319 0.0401177 0.00434306
120 0.34319 0.038915 0.00422903
121 0.35557 0.0429723 0.0046943
122 0.35557 0.0329474 0.00363254
123 0.35557 0.0447377 0.00518449
124 0.35557 0.0373274 0.00389603
125 0.35557 0.0348659 0.00366663
126 0.35557 0.0458058 0.005078
127 0.35557 0.0462992 0.00482172
128 0.35557 0.0461669 0.00476381
129 0.35557 0.040944 0.00461057
130 0.35557 0.0383243 0.00402485
131 0.35557 0.0484116 0.00531774
132 0.35557 0.0400652 0.00438142
133 0.35557 0.0364115 0.00441233
134 0.35557 0.0470008 0.00480048
135 0.36844 0.0345305 0.00409553
136 0.36844 0.0444665 0.00484237
137 0.36844 0.0396894 0.00416164
138 0.36844 0.035777 0.00361903
139 0.36844 0.0357016 0.00354713
140 0.36844 0.0438808 0.00438717
141 0.36844 0.0378026 0.00382491
142 0.36844 0.0430696 0.00443937
143 0.36844 0.0348497 0.00402721
144 0.36844 0.0414699 0.0043096
145 0.36844 0.041059 0.00410862
146 0.36844 0.0396913 0.00431215
147 0.36844 0.0378342 0.00378083
148 0.36844 0.0337922 0.00364753
149 0.36844 0.0423286 0.00443728
150 0.39079 0.0348225 0.003835
151 0.39079 0.041788 0.00488744
152 0.39079 0.0402871 0.00433243
153 0.39079 0.0416676 0.00464189
154 0.39079 0.0444801 0.00451455
155 0.39079 0.0514902 0.00480446
156 0.39079 0.0502488 0.00547142
157 0.39079 0.0443044 0.00485987
158 0.39079 0.0381061 0.00432853
159 0.39079 0.0415268 0.00427308
160 0.39079 0.0382619 0.00411202
161 0.39079 0.034213 0.00357397
162 0.39079 0.0399228 0.00477409
163 0.39079 0.0448444 0.00473484
164 0.39079 0.0490808 0.00485328
165 0.39079 0.0381329 0.00402095
166 0.39079 0.0494323 0.00532437
167 0.39079 0.0400968 0.00458216
168 0.39079 0.0397661 0.00419651
169 0.39079 0.0501044 0.00518707
170 0.39079 0.0360838 0.0036391
171 0.43977 0.0311939 0.00371799
172 0.43977 0.0416445 0.00467683
173 0.43977 0.0419721 0.00403796
174 0.43977 0.0469562 0.0047357
175 0.43977 0.0445816 0.00519482
176 0.43977 0.04099 0.00420402
177 0.43977 0.0376632 0.00417478
178 0.43977 0.0445074 0.0045856
179 0.43977 0.0461515 0.00450062
180 0.43977 0.0398455 0.00437516
181 0.43977 0.037665 0.00426159
182 0.43977 0.0483619 0.00543477
183 0.43977 0.0436846 0.00510166
184 0.43977 0.047132 0.00536962
185 0.43977 0.0496275 0.00510488
186 0.43977 0.0524796 0.00580403
187 0.43977 0.0434669 0.00466255
188 0.43977 0.0377596 0.00392193
189 0.43977 0.0415956 0.00476153
190 0.43977 0.0377592 0.00429711
191 0.43977 0.0409959 0.00439925
192 0.43977 0.0360825 0.00372473
193 0.43977 0.0380178 0.00431488
194 0.43977 0.0387676 0.0039238
195 0.43977 0.0508678 0.00579126
196 0.43977 0.0427314 0.00422985
197 0.43977 0.0436364 0.00468041
198 0.43977 0.0427573 0.00446596
199 0.43977 0.0411007 0.00484345
200 0.43977 0.0414016 0.00409928
201 0.43977 0.0400877 0.00406196
202 0.43977 0.0457226 0.00578924
203 0.43977 0.0468713 0.00539635
204 0.43977 0.0506166 0.0054554
205 0.43977 0.0437511 0.00466039
206 0.43977 0.0458603 0.00477348
207 0.43977 0.0330036 0.00317419
208 0.43977 0.0458829 0.00537203
209 0.43977 0.0339857 0.00406726
210 0.43977 0.0459311 0.00555081
211 0.43977 0.0418656 0.00438967
212 0.43977 0.0494381 0.00552537
213 0.43977 0.0504141 0.00596731
214 0.43977 0.0488473 0.00588223
215 0.43977 0.0509826 0.00537046
216 0.43977 0.0506177 0.00531134
217 0.43977 0.0563444 0.00625244
218 0.43977 0.0545234 0.00538571
219 0.43977 0.042437 0.00468537
220 0.43977 0.0348855 0.00376047
221 0.43977 0.0417312 0.00425956
222 0.43977 0.0444323 0.00519658
223 0.43977 0.0484168 0.00542136
224 0.43977 0.0385045 0.00455408
225 0.43977 0.0412169 0.0045488
226 0.43977 0.0452679 0.00481425
227 0.43977 0.048147 0.00507279
228 0.43977 0.0474486 0.00570105
229 0.43977 0.0265081 0.0026976
230 0.43977 0.0502087 0.00558157
231 0.43977 0.043311 0.00507425
232 0.43977 0.0408769 0.00474034
233 0.43977 0.0393936 0.00407463
234 0.43977 0.0427005 0.00451806
235 0.43977 0.0415884 0.00455334
236 0.43977 0.0421526 0.00495626
237 0.43977 0.0477486 0.00561312
238 0.43977 0.0434601 0.00479742
239 0.43977 0.0423672 0.00465994
240 0.43977 0.0406314 0.00441317
241 0.43977 0.0453402 0.0047994
242 0.43977 0.049016 0.00523087
243 0.43977 0.0358056 0.0038429
244 0.43977 0.0449783 0.00448023
245 0.43977 0.0323765 0.0029963
246 0.43977 0.0436664 0.00473197
247 0.43977 0.0372053 0.0034327
248 0.43977 0.039499 0.00489869
249 0.43977 0.0385561 0.00396506
250 0.43977 0.0376404 0.00440495
251 0.43977 0.0444486 0.00463432
252 0.43977 0.0444749 0.00422345
253 0.43977 0.0402241 0.00418681
254 0.43977 0.0480417 0.00469307
255 0.43977 0.0437971 0.00475148
256 0.43977 0.0376206 0.00366156
257 0.43977 0.0371186 0.00434337
258 0.43977 0.0416082 0.00437853
259 0.43977 0.042017 0.0042209
260 0.43977 0.04917 0.00536653
261 0.43977 0.0366661 0.00416639
262 0.43977 0.0453434 0.00520894
263 0.43977 0.0364106 0.00353053
264 0.43977 0.0417301 0.00467993
265 0.43977 0.0394396 0.00391803
266 0.43977 0.0408872 0.00438112
267 0.43977 0.0427852 0.00481332
268 0.43977 0.0431937 0.00479067
269 0.43977 0.0442073 0.00400076
270 0.43977 0.0427688 0.00494843
271 0.43977 0.0423581 0.0046651
272 0.43977 0.0470762 0.0050087
273 0.43977 0.0361452 0.00391313
274 0.43977 0.033877 0.00293625
275 0.43977 0.0423799 0.00424604
276 0.43977 0.0420331 0.00512264
277 0.43977 0.0418308 0.00465543
278 0.43977 0.0374304 0.00392783
279 0.43977 0.0356169 0.00374402
280 0.43977 0.0418783 0.0044633
281 0.43977 0.0394141 0.00424286
282 0.43977 0.0365377 0.00347904
283 0.43977 0.0428709 0.00492165
284 0.43977 0.0397365 0.00379567
285 0.43977 0.0459078 0.00507038
286 0.43977 0.0407873 0.0049126
287 0.4762 0.0427126 0.00569189
288 0.4762 0.0429571 0.00454197
289 0.4762 0.041848 0.00461267
290 0.4762 0.041017 0.00460169
291 0.4762 0.0382252 0.00413282
292 0.4762 0.0422947 0.0048791
293 0.4762 0.0403297 0.00429115
294 0.4762 0.0395944 0.00442516
295 0.4762 0.0422221 0.00455254
296 0.4762 0.0435572 0.00501321
297 0.4762 0.0442982 0.00485906
298 0.4762 0.0469353 0.00481676
299 0.4762 0.0496936 0.00555172
300 0.4762 0.0352052 0.00407299
301 0.4762 0.0417446 0.00420182
302 0.4762 0.044122 0.00528082
303 0.4762 0.0402057 0.00469932
304 0.4762 0.0432725 0.00483609
305 0.4762 0.040452 0.00503743
306 0.4762 0.0452787 0.00521578
307 0.4762 0.0550783 0.00602576
308 0.4762 0.0448413 0.0052884
309 0.4762 0.0413869 0.00485315
310 0.4762 0.0522499 0.00650293
311 0.4762 0.0395708 0.00520078
312 0.4762 0.0449089 0.00568914
313 0.4762 0.0418846 0.00599442
314 0.4762 0.0505296 0.00682203
315 0.4762 0.0435724 0.00581489
316 0.4762 0.0593225 0.00894119
317 0.4762 0.0524638 0.00668777
318 0.4762 0.0474903 0.00632259
319 0.4762 0.0446222 0.00726562
320 0.54325 0.0463843 0.00761975
321 0.58731 0.0613208 0.00970202
322 0.58731 0.0548466 0.00842579
323 0.58731 0.0567666 0.00805533
324 0.58731 0.0519942 0.00876485
325 0.58731 0.0493328 0.00743071
326 0.58731 0.054586 0.00731646
327 0.58731 0.0500438 0.00697655
328 0.58731 0.0472511 0.00656596
329 0.58731 0.0425456 0.0058793
330 0.58731 0.0496694 0.00715001
331 0.58731 0.046026 0.00736676
332 0.58731 0.0431872 0.00605969
333 0.58731 0.0531388 0.00959261
334 0.58731 0.0578588 0.00796182
335 0.58731 0.0569194 0.00767929
336 0.58731 0.0436076 0.00588339
337 0.58731 0.0485223 0.00706826
338 0.58731 0.0552885 0.00899418
339 0.58731 0.0614468 0.00970396
340 0.58731 0.0511522 0.00741095
341 0.58731 0.0585959 0.00923789
342 0.58731 0.0593151 0.00943568
343 0.58731 0.0569226 0.00980665
344 0.58731 0.0619095 0.0122374
345 0.58731 0.0508779 0.00837592
346 0.58731 0.0571414 0.00815172
347 0.58731 0.0603795 0.010509
348 0.58731 0.0481669 0.00788614
349 0.58731 0.0603843 0.0103123
350 0.58731 0.0578008 0.00894107
351 0.58731 0.056737 0.00844922
352 0.58731 0.0564655 0.00778106
353 0.58731 0.0614713 0.00979579
354 0.58731 0.0468001 0.00783793
355 0.58731 0.0624507 0.0104419
356 0.58731 0.0575347 0.0105803
357 0.58731 0.046963 0.00629895
358 0.58731 0.0468038 0.00723564
359 0.58731 0.0510773 0.00781685
360 0.58731 0.0517503 0.00877121
361 0.58731 0.0477622 0.00746063
362 0.58731 0.05202 0.00838974
363 0.58731 0.0456579 0.00796446
364 0.58731 0.0505579 0.0088707
365 0.58731 0.0474172 0.00701517
366 0.58731 0.0413377 0.00751851
367 0.58731 0.0465333 0.00885228
368 0.58731 0.047983 0.00707081
369 0.58731 0.044397 0.00706156
370 0.58731 0.0448724 0.0062351
371 0.58731 0.0441854 0.00810774
372 0.58731 0.0654629 0.0109821
373 0.58731 0.0556203 0.0101145
374 0.58731 0.0531683 0.00838713
375 0.58731 0.0543619 0.0121929
376 0.61282 0.0547176 0.00892104
377 0.61282 0.0553113 0.00934999
378 0.61282 0.0605372 0.0107985
379 0.61282 0.0507309 0.00815899
380 0.61282 0.0581457 0.010011
381 0.61282 0.0570695 0.0103937
382 0.61282 0.0494251 0.00939421
383 0.61282 0.0504447 0.00911499
384 0.61282 0.0472658 0.00740229
385 0.61282 0.0491648 0.00829004
386 0.61282 0.0427341 0.00685764
387 0.61282 0.0577964 0.0103662
388 0.61282 0.0568369 0.0100903
389 0.61282 0.0549869 0.010812
390 0.61282 0.0532671 0.0106175
391 0.61282 0.0653673 0.0104818
392 0.61282 0.0635836 0.0116611
393 0.61282 0.0570538 0.00915042
394 0.61282 0.0674049 0.012389
395 0.61282 0.0613552 0.0123127
396 0.61282 0.0581471 0.0103831
397 0.61282 0.0599096 0.0121526
398 0.61282 0.0628244 0.0115681
399 0.61282 0.04741 0.00816566
400 0.61282 0.0626154 0.0117904
401 0.61282 0.0515151 0.00875388
402 0.61282 0.0529262 0.0092541
403 0.61282 0.0623054 0.0114327
404 0.61282 0.0438984 0.00752197
405 0.61282 0.077394 0.0138334
406 0.69372 0.0518894 0.0110612
407 0.69372 0.0459173 0.00749852
408 0.69372 0.0614376 0.0104917
409 0.69372 0.064672 0.0119427
410 0.69372 0.0601377 0.0106017
411 0.69372 0.0580422 0.00927356
412 0.69372 0.0517461 0.00973264
413 0.69372 0.0519968 0.00802563
414 0.69372 0.0475184 0.00739228
415 0.69372 0.0586803 0.00770742
416 0.69372 0.0549067 0.00980497
417 0.69372 0.0450742 0.00792616
418 0.69372 0.0551302 0.009502
419 0.69372 0.0532567 0.00965475
420 0.69372 0.0552917 0.0105232
421 0.76116 0.0708705 0.0145883
422 0.76116 0.0548907 0.00932324
423 0.76116 0.0590139 0.0118212
424 0.76116 0.0478193 0.00742404
425 0.76116 0.0674018 0.0117437
426 0.76116 0.057028 0.0100831
427 0.76116 0.0719243 0.0135175
428 0.76116 0.0590487 0.01234
429 0.76116 0.056232 0.0106701
430 0.76116 0.0619337 0.0123299
431 0.76116 0.0588346 0.0114216
432 0.76116 0.0575507 0.0117366
433 0.76116 0.0565104 0.0090955
434 0.76116 0.0487817 0.00983768
435 0.76116 0.0484288 0.00914017
436 0.76116 0.0522903 0.00913358
437 0.76116 0.0480915 0.00774564
438 0.76116 0.0596734 0.00995995
439 0.76116 0.0604513 0.0120943
440 0.76116 0.0496323 0.00956336
441 0.76116 0.0651639 0.0131063
442 0.76116 0.057666 0.0118456
443 0.76116 0.0684922 0.011895
444 0.76116 0.0620211 0.0115203
445 0.76116 0.0480127 0.0069155
446 0.76116 0.0543154 0.0102575
447 0.76116 0.0635244 0.0116418
448 0.76116 0.0513644 0.00817139
449 0.76116 0.0562454 0.0102735
450 0.80354 0.0608423 0.0104083
451 0.97172 0.0535867 0.0125081
452 0.97172 0.0563284 0.0108761
453 0.97172 0.0583419 0.0116037
454 0.97172 0.0494293 0.00745704
455 0.97172 0.0623325 0.0104166
456 0.97172 0.0505802 0.00673782
457 0.97172 0.0525174 0.00939868
458 0.97172 0.0481128 0.00833121
459 0.97172 0.0637795 0.0134677
460 0.97172 0.0434903 0.00760193
461 0.97172 0.0520963 0.0076263
462 0.97172 0.0606636 0.0113049
463 0.97172 0.0579827 0.0104965
464 0.97172 0.0602868 0.0133643
465 0.97172 0.0602337 0.0100766
466 0.97172 0.0499509 0.00725865
467 0.97172 0.0525461 0.00900184
468 0.97172 0.0605339 0.0107587
469 0.97172 0.0516997 0.00761082
470 0.97172 0.0589818 0.00989478
471 0.97172 0.06011 0.0110086
472 0.97172 0.0602749 0.0114973
473 0.97172 0.0568281 0.0105323
474 0.97172 0.0603704 0.0118553
475 0.97172 0.0594494 0.0103147
476 0.97172 0.0650437 0.0120805
477 0.97172 0.0489668 0.00754042
478 0.97172 0.0520731 0.00997212
479 0.97172 0.0620951 0.0115843
480 0.97172 0.0597821 0.010738
481 0.97172 0.0657771 0.011644
482 0.97172 0.0777674 0.0182046
483 0.97172 0.0589491 0.0112625
484 0.97172 0.0525899 0.00951182
485 0.97172 0.0509474 0.00898079
486 0.97172 0.0512312 0.00844256
487 0.97172 0.0572218 0.0103627
488 0.97172 0.0639545 0.0102196
489 0.97172 0.0608974 0.0119268
490 0.97172 0.0499987 0.0075951
491 0.97172 0.0532185 0.0104286
492 0.97172 0.0629252 0.010517
493 0.97172 0.0653099 0.0125251
494 0.97172 0.0524502 0.0104042
495 0.97172 0.0578563 0.0112182
496 0.97172 0.0675741 0.0128263
497 0.97172 0.0496839 0.00871492
498 0.97172 0.0628244 0.0100255
499 0.97172 0.058912 0.00981494
500 0.97172 0.067034 0.0125422
501 0.97172 0.0564038 0.00979005
502 0.97172 0.0612603 0.00994144
503 0.97172 0.0490528 0.00894718
504 0.97172 0.0478759 0.00617675
505 0.97172 0.0638988 0.0101885
506 0.97172 0.0444838 0.00714573
507 0.97172 0.0523807 0.0083225
508 0.97172 0.0569288 0.00963545
509 0.97172 0.0568341 0.00897422
510 0.97172 0.0614446 0.00951557
511 0.97172 0.0591803 0.00994442
512 0.97172 0.0492581 0.00837593
513 0.97172 0.065326 0.0104446
514 0.97172 0.0444074 0.00718007
515 0.97172 0.0574623 0.00878466
516 0.97172 0.0535305 0.00923653
517 0.97172 0.0504094 0.00728953
518 0.97172 0.0493785 0.00841336
519 0.97172 0.0397723 0.00614874
520 0.97172 0.0616937 0.0100759
521 0.97172 0.0598511 0.00989428
522 0.97172 0.0603485 0.00955924
523 0.97172 0.0606551 0.0108786
524 0.97172 0.0521463 0.00724357
525 0.97172 0.0560079 0.0088563
526 0.97172 0.0508985 0.00768557
527 0.97172 0.052177 0.00703915
528 0.97172 0.0536571 0.00793241
529 0.97172 0.063412 0.00906639
530 0.97172 0.0660941 0.0116934
531 0.97172 0.0492119 0.00808608
532 0.97172 0.0520199 0.00989473
533 0.97172 0.055713 0.0103259
534 0.97172 0.0466613 0.00661064
535 0.97172 0.0544181 0.00828075
536 0.97172 0.0579565 0.00942454
537 0.97172 0.0517868 0.00979692
538 0.97172 0.0676478 0.0115581
539 0.97172 0.056473 0.00884744
540 0.97172 0.0603619 0.0101704
541 0.97172 0.0505555 0.00919187
542 0.97172 0.0526939 0.00874492
543 0.97172 0.0556203 0.00956385
544 0.97172 0.0455554 0.00604079
545 0.97172 0.0485884 0.00873325
546 0.97172 0.055716 0.00785752
547 0.97172 0.0705342 0.0118925
548 0.97172 0.0541652 0.00764311
549 0.97172 0.0528511 0.00809097
550 0.97172 0.0700008 0.0121286
551 0.97172 0.0573464 0.00971483
552 0.97172 0.0597215 0.0081368
553 0.97172 0.0560547 0.0104543
554 0.97172 0.0602121 0.00933801
555 0.97172 0.0495188 0.00714907
556 0.97172 0.0500173 0.00930356
557 0.97172 0.0544436 0.00907809
558 0.97172 0.0414478 0.00716714
559 0.97172 0.0616853 0.0106192
560 0.97172 0.0565359 0.00918504
561 0.97172 0.059435 0.0119347
562 0.97172 0.0611674 0.0119462
563 0.97172 0.0590915 0.0111721
564 0.97172 0.0735961 0.0130651
565 0.97172 0.0555979 0.0098944
566 0.97172 0.0616713 0.0126068
567 0.97172 0.0545207 0.0093
568 0.97172 0.0731925 0.0152578
569 0.97172 0.0657891 0.0119912
570 0.97172 0.057356 0.0114806
571 0.97172 0.0630508 0.0117345
572 0.97172 0.0607671 0.0101119
573 0.97172 0.0626608 0.0137446
574 0.97172 0.0601256 0.00912384
575 0.97172 0.0708589 0.0137558
576 0.97172 0.0522101 0.00690358
577 0.97172 0.0539892 0.00794492
578 0.97172 0.0465749 0.00692082
579 0.97172 0.0450287 0.00653421
580 0.97172 0.0406775 0.00523186
581 0.97172 0.0604069 0.010029
582 0.97172 0.0641654 0.010226
583 0.97172 0.0620412 0.0116395
584 0.97172 0.0497079 0.0100317
585 0.97172 0.0501341 0.00955051
586 0.97172 0.0529417 0.00909111
587 0.97172 0.0524765 0.00973996
588 0.97172 0.0595089 0.0101328
589 0.97172 0.0516984 0.00917498
590 0.97172 0.0570131 0.00893742
591 0.97172 0.0474093 0.00774303
592 0.97172 0.0549306 0.00822689
593 0.97172 0.059693 0.00872918
594 0.97172 0.0572518 0.00971346
595 0.97172 0.0579574 0.00997877
596 0.97172 0.0502077 0.00867821
597 0.97172 0.0530585 0.0092985
598 0.97172 0.0630731 0.0126474
599 0.97172 0.0554638 0.0118644
600 0.97172 0.05616 0.00975581
601 0.97172 0.0558554 0.00899629
602 0.97172 0.0504978 0.00930235
603 0.97172 0.0609528 0.0102579
604 0.97172 0.0612459 0.0105328
605 0.97172 0.0698438 0.0120567
606 0.97172 0.0521387 0.00916363
607 0.97172 0.0605021 0.0107977
608 0.97172 0.0640647 0.0103676
609 0.97172 0.0618866 0.0112114
610 0.97172 0.0516337 0.00887319
611 0.97172 0.046322 0.00698847
612 0.97172 0.0486602 0.00625734
613 0.97172 0.050321 0.00739654
614 0.97172 0.0578018 0.00912621
615 0.97172 0.0577787 0.00897883
616 0.97172 0.0618062 0.00973124
617 0.97172 0.0494199 0.00793095
618 0.97172 0.0559258 0.00897178
619 0.97172 0.0614752 0.00912887
620 0.97172 0.0537616 0.0087142
621 0.97172 0.045388 0.00694733
622 0.97172 0.052043 0.00972097
623 0.97172 0.0459588 0.00679759
624 0.97172 0.0629945 0.0112888
625 0.97172 0.0649312 0.00950962
626 0.97172 0.0608735 0.00919024
627 0.97172 0.0560638 0.0084498
628 0.97172 0.0495511 0.00679464
629 0.97172 0.0578353 0.00909217
630 0.97172 0.0573095 0.00890492
631 0.97172 0.0534304 0.00841074
632 0.97172 0.0542093 0.00898331
633 0.97172 0.055527 0.00879462
634 0.97172 0.053083 0.0076387
635 0.97172 0.050677 0.00832033
636 0.97172 0.0588463 0.00879963
637 0.97172 0.057708 0.0121468
638 0.97172 0.0643211 0.0106535
639 0.97172 0.0538463 0.00893013
640 0.97172 0.0656187 0.0117118
641 0.97172 0.0605304 0.00928133
642 0.97172 0.0797542 0.0137378
643 0.97172 0.0354808 0.00428195
644 0.97172 0.0521978 0.00921207
645 0.97172 0.0651592 0.0117118
646 0.97172 0.052652 0.00900395
647 0.97172 0.0659385 0.0114689
648 0.97172 0.0561683 0.0100712
649 0.97172 0.0522007 0.00930502
650 0.97172 0.0591888 0.00999056
651 0.97172 0.0567595 0.011788
652 0.97172 0.0584367 0.00963505
653 0.97172 0.0528418 0.00938417
654 0.97172 0.0512972 0.00896131
655 0.97172 0.0470886 0.00885438
656 0.97172 0.0634742 0.0112625
657 0.97172 0.0595603 0.0124454
658 0.97172 0.0660806 0.012549
659 0.97172 0.0651028 0.0110386
660 0.97172 0.0549755 0.00870572
661 0.97172 0.0570206 0.0102393
662 0.97172 0.0557271 0.0082886
663 0.97172 0.0710191 0.0122371
664 0.97172 0.0600707 0.00992474
665 0.97172 0.0512738 0.00710701
666 0.97172 0.0454794 0.00748406
667 0.97172 0.0702862 0.0119134
668 0.97172 0.0572266 0.00947672
669 0.97172 0.0614154 0.0115006
670 0.97172 0.0644145 0.0119197
671 0.97172 0.0631857 0.0112162
672 0.97172 0.072268 0.0124325
673 0.97172 0.0653825 0.0136625
674 0.97172 0.0728362 0.0134005
675 0.97172 0.0663934 0.0130436
676 0.97172 0.0727034 0.011929
677 0.97172 0.0584905 0.0122133
678 0.97172 0.0622163 0.0106973
679 0.97172 0.0633105 0.0108598
680 0.97172 0.0612511 0.0113126
681 0.97172 0.0630575 0.0110299
682 0.97172 0.0615913 0.0111603
683 0.97172 0.060032 0.0103101
684 0.97172 0.0623858 0.0122037
685 0.97172 0.0671256 0.0123335
686 0.97172 0.0668008 0.0130934
687 0.97172 0.0614788 0.0115234
688 0.97172 0.0608396 0.0133032
689 0.97172 0.0606523 0.00896707
690 0.97172 0.0615048 0.0111199
691 0.97172 0.0629957 0.0106274
692 0.97172 0.0558059 0.00917419
693 0.97172 0.0581389 0.0106534
694 0.97172 0.0544665 0.00720696
695 0.97172 0.0536517 0.0103512
696 0.97172 0.0724795 0.0118557
697 0.97172 0.052134 0.00940195
698 0.97172 0.0686194 0.0115331
699 0.97172 0.0651756 0.0115909
700 0.97172 0.0572214 0.0115253
701 0.97172 0.0581584 0.0108948
702 0.97172 0.054632 0.00920656
703 0.97172 0.0552659 0.00970622
704 0.97172 0.0614822 0.0119946
705 0.97172 0.0634201 0.0110654
706 0.97172 0.0615091 0.0115209
707 0.97172 0.0522502 0.00812009
708 0.97172 0.0653729 0.00988337
709 0.97172 0.0706602 0.0139696
710 0.97172 0.0690544 0.0111476
711 0.97172 0.0689077 0.0135968
712 0.97172 0.0698584 0.0111707
713 0.97172 0.0725843 0.0151229
714 0.97172 0.0565768 0.00949443
715 0.97172 0.0584383 0.0085115
716 0.97172 0.06947 0.0122593
717 0.97172 0.0621752 0.0106714
718 0.97172 0.0578249 0.0100921
719 0.97172 0.0612587 0.00955183
720 0.97172 0.0589252 0.010826
721 0.97172 0.0641905 0.0111806
722 0.97172 0.0577356 0.0108265
723 0.97172 0.0441866 0.00688727
724 0.97172 0.0566012 0.00755114
725 0.97172 0.0569601 0.00798488
726 0.97172 0.0594092 0.0106121
727 0.97172 0.0521122 0.0076798
728 0.97172 0.0643217 0.0102455
729 0.97172 0.0554554 0.009643
730 0.97172 0.0515715 0.00740061
731 0.97172 0.0549844 0.00859065
732 0.97172 0.0527518 0.00810011
733 0.97172 0.0479766 0.00671867
734 0.97172 0.0556142 0.00874298
735 0.97172 0.0559177 0.00946263
736 0.97172 0.0576714 0.0101242
737 0.97172 0.0451585 0.00711072
738 0.97172 0.0600845 0.00898817
739 0.97172 0.0629728 0.0116347
740 0.97172 0.0473929 0.0081988
741 0.97172 0.0520133 0.00921426
742 0.97172 0.0593674 0.00979341
743 0.97172 0.0566316 0.00998707
744 0.97172 0.0584567 0.0100712
745 0.97172 0.0707195 0.011295
746 0.97172 0.0491665 0.00973071
747 0.97172 0.0454019 0.00699061
748 0.97172 0.053301 0.00956903
749 0.97172 0.0681546 0.0127354
750 0.97172 0.0583033 0.0122108
751 0.97172 0.0565678 0.00833662
752 0.97172 0.058821 0.0110724
753 0.97172 0.064794 0.0139843
754 0.97172 0.062796 0.0127343
755 0.97172 0.0531191 0.00920454
756 0.97172 0.0639539 0.0111392
757 0.97172 0.0694552 0.0143007
758 0.97172 0.0606388 0.0113535
759 0.97172 0.0745593 0.0143132
760 0.97172 0.0564327 0.0110237
761 0.97172 0.0545258 0.00776431
762 0.97172 0.063392 0.0105528
763 0.97172 0.0649221 0.00962938
764 0.97172 0.0621606 0.0105159
765 0.97172 0.069116 0.0119936
766 0.97172 0.0629114 0.0134465
767 0.97172 0.0686097 0.0130355
768 0.97172 0.0778368 0.0150565
769 0.97172 0.0583706 0.0129028
770 0.97172 0.0605544 0.0123698
771 0.97172 0.0751868 0.014494
772 0.97172 0.0619477 0.0129024
773 0.97172 0.0694445 0.0139288
774 0.97172 0.0719117 0.012333
775 0.97172 0.0651837 0.0115118
776 0.97172 0.0577254 0.00936304
777 0.97172 0.0666655 0.0111643
778 0.97172 0.0436846 0.00687593
779 0.97172 0.0555174 0.0105657
780 0.97172 0.0717279 0.0136325
781 0.97172 0.0652155 0.0136332
782 0.97172 0.0681476 0.0135834
783 0.97172 0.066246 0.0132268
784 0.97172 0.0803002 0.0154383
785 0.97172 0.0610789 0.0148008
786 0.97172 0.0707781 0.0164888
787 0.97172 0.057289 0.0123694
788 0.97172 0.0656547 0.0131492
789 0.97172 0.059233 0.0118032
790 0.97172 0.0775386 0.0161055
791 0.97172 0.0477343 0.0077383
792 0.97172 0.0594693 0.00982848
793 0.97172 0.0642893 0.0125112
794 0.97172 0.054808 0.010256
795 0.97172 0.0694186 0.0123043
796 0.97172 0.0666972 0.0132109
797 0.97172 0.0571265 0.0108234
798 0.97172 0.0610802 0.0122156
799 0.97172 0.0680613 0.0131533
800 0.97172 0.0726172 0.0143591
801 0.97172 0.0625747 0.0132584
802 0.97172 0.0656448 0.0111216
803 0.97172 0.0663442 0.0135297
804 0.97172 0.0814183 0.0142032
805 0.97172 0.0875907 0.0165348
806 0.97172 0.0726322 0.0158036
807 0.97172 0.0765273 0.0150928
808 0.97172 0.0583314 0.0112875
809 0.97172 0.0697846 0.0143972
810 0.97172 0.0907042 0.017247
811 0.97172 0.0732885 0.0145844
812 0.97172 0.065244 0.0117437
813 0.97172 0.0720877 0.0147662
814 0.97172 0.0731376 0.0167651
815 0.97172 0.0660526 0.0136682
816 0.97172 0.0585832 0.0112411
817 0.97172 0.0597445 0.0112363
818 0.97172 0.0748427 0.0144622
819 0.97172 0.0766917 0.0154715
820 0.97172 0.0614058 0.0143712
821 0.97172 0.0709457 0.0129302
822 0.97172 0.0637293 0.0113181
823 0.97172 0.0593092 0.012991
824 0.97172 0.0643031 0.0110857
825 0.97172 0.0642265 0.0121079
826 0.97172 0.0697457 0.0136234
827 0.97172 0.0783116 0.0143141
828 0.97172 0.0662063 0.0113011
829 0.97172 0.0619955 0.0109597
830 0.97172 0.0649152 0.0125665
831 0.97172 0.0691541 0.0135642
832 0.97172 0.0588095 0.00953518
833 0.97172 0.0654819 0.0129607
834 0.97172 0.0610931 0.0115886
835 0.97172 0.059695 0.0117241
836 0.97172 0.0682383 0.0135049
837 0.97172 0.053507 0.00731543
838 0.97172 0.0514251 0.0110093
839 0.97172 0.0450418 0.00629692
840 0.97172 0.0589301 0.0108021
841 0.97172 0.0695846 0.012698
842 0.97172 0.0603493 0.0100568
843 0.97172 0.0608442 0.0114258
844 1.01 0.0698916 0.0166441
844 0.4762 0.0524315 0.0107293
845 0.71249 0.0625211 0.0131822
846 0.71249 0.064048 0.0121149
847 1.01 0.061231 0.0147868
847 0.72403 0.0575413 0.0113336
848 0.72403 0.0568928 0.0109449
849 0.72403 0.0500565 0.00947724
850 0.72403 0.0566476 0.0112316
851 0.72403 0.0548588 0.00976133
852 0.72403 0.0578836 0.0111389
853 0.72403 0.070704 0.0134182
854 0.72403 0.0552326 0.0106599
855 0.72403 0.0679209 0.0137437
856 0.72403 0.0622598 0.0117964
857 0.72403 0.0667523 0.0128486
858 0.72403 0.0648109 0.0119664
859 0.72403 0.0631391 0.0114238
860 0.72403 0.0550112 0.0101156
861 0.72403 0.0654053 0.0120334
862 0.72403 0.0703266 0.0120392
863 0.72403 0.0722308 0.01276
864 0.72403 0.0627965 0.0106623
865 0.72403 0.0815317 0.01637
866 0.72403 0.0779891 0.0166791
867 0.72403 0.0635017 0.012228
868 0.72403 0.0719504 0.0144211
869 0.72403 0.0572306 0.00967059
870 0.72403 0.0580994 0.0119548
871 0.72403 0.0712301 0.0133928
872 0.72403 0.0622616 0.0136007
873 0.72403 0.0678335 0.0146749
874 0.72403 0.054852 0.00998073
875 1.01 0.0674881 0.0162376
875 0.4762 0.0554691 0.00871223
876 0.69254 0.0641521 0.0133085
877 0.69254 0.0636801 0.0131256
878 0.69254 0.0724411 0.015132
879 0.69254 0.0608204 0.0120294
880 0.69254 0.0665088 0.0147566
881 0.69254 0.0548484 0.00978027
882 1.02 0.0646691 0.0150727
882 0.4762 0.0508922 0.00932315
883 0.4762 0.0701657 0.0135916
884 0.4762 0.0610288 0.0124498
885 0.53969 0.0617068 0.0129517
886 0.53969 0.0722835 0.0151334
887 0.53969 0.06468 0.013337
888 0.53969 0.0666114 0.0145566
889 0.53969 0.0660033 0.0149064
890 0.53969 0.0724217 0.0153726
891 0.53969 0.0699496 0.0140383
892 0.53969 0.0645533 0.0123836
893 0.53969 0.060829 0.0110515
894 0.53969 0.0643729 0.012445
895 0.53969 0.073342 0.0148716
896 0.53969 0.0675004 0.0140834
897 0.53969 0.0658976 0.0127489
898 0.53969 0.0521077 0.00897563
899 0.53969 0.0675016 0.0131921
900 0.53969 0.0554489 0.0102688
901 0.53969 0.0493164 0.00807451
902 0.53969 0.0649838 0.0120477
903 0.53969 0.0680395 0.0130456
904 0.53969 0.0634773 0.0136526
905 0.53969 0.0681145 0.0136553
906 0.53969 0.0676407 0.0148707
907 0.53969 0.0488306 0.00840715
908 0.53969 0.0634931 0.0132421
909 0.53969 0.0627415 0.012506
910 0.53969 0.0649943 0.0134267
911 0.53969 0.0653699 0.0127283
912 0.53969 0.0668398 0.0137446
913 0.53969 0.0439081 0.00724196
914 0.53969 0.0515862 0.00966149
915 0.53969 0.0552078 0.0100602
916 0.53969 0.0471388 0.00772727
917 0.53969 0.051973 0.00916976
918 0.53969 0.0606674 0.0102514
919 0.53969 0.0515626 0.00875564
920 0.53969 0.0532354 0.009505
921 0.53969 0.0549903 0.0088579
922 0.53969 0.0511404 0.00821305
923 0.53969 0.0567007 0.00956975
924 0.53969 0.0556436 0.0105956
925 0.53969 0.0622463 0.0126841
926 0.53969 0.061719 0.0131058
927 0.53969 0.0696832 0.0132932
928 0.53969 0.0778631 0.0135138
929 0.53969 0.0634537 0.0137833
930 0.53969 0.0489666 0.00920523
931 0.53969 0.0613719 0.0122787
932 0.53969 0.0583014 0.0104359
933 0.53969 0.0512863 0.00940846
934 0.53969 0.0565822 0.0103745
935 0.53969 0.0506972 0.00879731
936 0.53969 0.0557332 0.0101495
937 0.53969 0.0625644 0.0125052
938 0.53969 0.0635301 0.0125437
939 0.53969 0.0758012 0.0150883
940 0.53969 0.066622 0.013476
941 0.53969 0.066427 0.0128063
942 0.53969 0.0594047 0.0116038
943 0.53969 0.0663922 0.0137716
944 0.53969 0.0617429 0.0115824
945 0.53969 0.0761287 0.0147617
946 0.53969 0.0626406 0.0128929
947 0.53969 0.0727784 0.0127673
948 0.53969 0.070984 0.0139981
949 0.53969 0.0528693 0.0103113
950 0.53969 0.0586131 0.0120831
951 0.53969 0.0723435 0.0142772
952 0.53969 0.0644304 0.0111318
953 0.53969 0.0558135 0.00965532
954 0.78148 0.0635081 0.0128955
955 0.78148 0.0493151 0.00669747
956 0.78148 0.0542501 0.00864896
957 0.78148 0.0564725 0.00857916
958 0.78148 0.0639603 0.0127269
959 0.78148 0.0708413 0.013337
960 1 0.0678412 0.0157634
960 1 0.0609987 0.0140024
960 1 0.0509954 0.0136532
960 1 0.0655087 0.0161436
960 1 0.0782285 0.0189674
960 1 0.0578458 0.0126515
960 0.45923 0.0631619 0.0107724
961 1 0.0578693 0.0139283
962 1 0.0571382 0.012267
963 1 0.0707003 0.0161572
964 1 0.0465546 0.0102282
965 1 0.0515952 0.0125783
966 1 0.0647764 0.0150062
967 1 0.0692112 0.0162071
968 1 0.0585522 0.0110791
969 1 0.0573356 0.0104349
970 1 0.054356 0.00845424
971 1 0.0591933 0.0120988
972 1 0.0556781 0.0105123
973 1 0.0640937 0.0120386
974 1 0.0557555 0.00958304
975 1 0.0717758 0.014324
976 1 0.0610226 0.0114345
977 1 0.0531499 0.0101787
978 1 0.0627402 0.010757
979 1 0.052147 0.00956356
980 1 0.0570189 0.0105014
981 1 0.0611389 0.0119573
982 1 0.0592818 0.0130118
983 1 0.0525984 0.00965212
984 1 0.0514052 0.0111555
985 1 0.0579273 0.00859952
986 1 0.056677 0.0124951
987 1 0.0542156 0.00952316
988 1 0.0506765 0.00804731
989 1 0.0688118 0.0130601
990 1 0.0682104 0.0128646
991 1 0.0494981 0.00847473
992 1 0.0671402 0.0145602
993 1 0.051624 0.0091953
994 1 0.0600021 0.0100446
995 1 0.0546528 0.00977896
996 1 0.0564937 0.00904698
997 1 0.061972 0.0116154
998 1 0.041886 0.00645561
999 1 0.0632163 0.0120594
1000 1 0.0592045 0.0119905
