0 0.47032 0.0374924 0.00386192
1 0.47032 0.0178749 0.0013013
2 0.47032 0.0215671 0.00256624
3 0.47032 0.0353763 0.00440517
4 0.47032 0.0319774 0.00306382
5 0.66959 0.0380796 0.00609021
6 0.66959 0.0321104 0.00543012
7 0.66959 0.0274569 0.00372115
8 0.66959 0.0348719 0.00433385
9 0.66959 0.0359857 0.00551039
10 0.66959 0.0291176 0.00397478
11 1 0.0467155 0.0105502
11 0.4762 0.0419193 0.0058048
12 0.4762 0.0406383 0.00600863
13 0.4762 0.0450918 0.00719379
14 0.47921 0.0384465 0.00611567
15 0.47921 0.0354334 0.00477482
16 0.47921 0.0338246 0.00496978
17 0.47921 0.0469985 0.00680049
18 0.47921 0.0470947 0.00926608
19 0.52553 0.0419044 0.00641872
20 0.52553 0.0411172 0.006441
21 0.52553 0.0387974 0.00548547
22 0.52553 0.0433389 0.00624209
23 0.52553 0.0351994 0.00590084
24 0.52553 0.0428882 0.00552381
25 0.52553 0.0424069 0.00752386
26 0.52553 0.0489276 0.00812655
27 0.52553 0.0439285 0.00738382
28 0.52553 0.0542906 0.00851682
29 0.52553 0.0465857 0.00836831
30 0.52553 0.0551579 0.0091184
31 0.52553 0.0468114 0.00772237
32 0.52553 0.0469812 0.00743595
33 0.74432 0.0488732 0.00937237
34 0.74432 0.0432876 0.00670716
35 0.74432 0.0600392 0.0102558
36 0.74432 0.0470195 0.00728557
37 0.74432 0.040529 0.00588879
38 0.74432 0.0510806 0.00693092
39 0.74432 0.0405067 0.00452372
40 0.74432 0.0448245 0.00693934
41 0.74432 0.0556093 0.00969841
42 0.74432 0.0496028 0.006698
43 0.74432 0.0514717 0.00959691
44 0.74432 0.0515781 0.0074757
45 0.74432 0.0504941 0.00739783
46 0.74432 0.0432821 0.0063255
47 0.74432 0.055505 0.00842032
48 0.74432 0.0530877 0.008911
49 0.74432 0.058476 0.0115802
50 0.74432 0.0578978 0.00914655
51 0.74432 0.0521768 0.00869361
52 0.74432 0.0543594 0.00958332
53 0.74432 0.0404807 0.00680094
54 0.74432 0.0590129 0.0095877
55 0.74432 0.055187 0.0082144
56 0.74432 0.048371 0.00829511
57 0.74432 0.0502352 0.00840011
58 0.74432 0.046722 0.00680937
59 0.74432 0.0550394 0.00923332
60 0.74432 0.0470714 0.00767222
61 0.74432 0.0449933 0.0060867
62 0.74432 0.0501806 0.00868111
63 0.74432 0.0541658 0.0107204
64 0.74432 0.0578837 0.0105537
65 0.74432 0.0528204 0.00873356
66 0.74432 0.061553 0.00997303
67 0.74432 0.0541361 0.0093712
68 0.74432 0.0529098 0.00942645
69 0.74432 0.0501778 0.0079827
70 0.74432 0.04668 0.00733274
71 0.74432 0.0539406 0.00852552
72 0.74432 0.0534536 0.00943646
73 0.74432 0.0404935 0.00589378
74 0.74432 0.0419001 0.00534989
75 0.74432 0.0552241 0.00919808
76 0.74432 0.052238 0.00853083
77 0.74432 0.0470103 0.0086564
78 0.74432 0.0541617 0.0104607
79 0.74432 0.0420877 0.00580265
80 0.74432 0.0460062 0.00726465
81 0.74432 0.0417056 0.00670856
82 0.74432 0.0462878 0.00697351
83 0.74432 0.0460927 0.00767069
84 0.74432 0.0449098 0.00717477
85 0.74432 0.0450646 0.00795868
86 0.74432 0.0430273 0.00626701
87 0.74432 0.0493833 0.00771787
88 0.74432 0.0416258 0.00735034
89 0.74432 0.0547166 0.0108149
90 0.74432 0.050648 0.00937239
91 0.74432 0.0456828 0.00734612
92 0.74432 0.0512737 0.00870033
93 0.74432 0.0440543 0.00546195
94 0.74432 0.0460868 0.00885402
95 0.74432 0.0496056 0.00766857
96 0.74432 0.0552142 0.00870748
97 0.74432 0.0621596 0.0105261
98 0.74432 0.0666717 0.0125362
99 0.74432 0.0552819 0.00982842
100 0.74432 0.0545605 0.00862393
101 0.74432 0.0519269 0.00834773
102 0.74432 0.0443965 0.00612444
103 0.74432 0.044762 0.00690841
104 0.74432 0.0441198 0.00613172
105 0.74432 0.0542631 0.00805859
106 0.74432 0.0520681 0.00897951
107 0.74432 0.0541601 0.00772986
108 0.74432 0.0462751 0.00686733
109 0.74432 0.0556843 0.0105398
110 0.74432 0.0466425 0.00686957
111 0.74432 0.0452666 0.00674074
112 0.74432 0.0422816 0.00577585
113 0.74432 0.0432616 0.0066924
114 0.74432 0.0519828 0.00775749
115 0.74432 0.0505624 0.0084546
116 0.74432 0.0455698 0.00785903
117 0.74432 0.0523819 0.00883856
118 0.74432 0.047068 0.00835612
119 0.74432 0.0479019 0.00800443
120 0.74432 0.0471014 0.0071728
121 0.74432 0.0472382 0.00736184
122 0.74432 0.0455442 0.00725029
123 0.74432 0.0583571 0.0080835
124 0.74432 0.054962 0.00853248
125 0.74432 0.0543527 0.00807412
126 0.74432 0.0408416 0.00657979
127 0.74432 0.05804 0.00928475
128 0.74432 0.0463834 0.00638883
129 0.74432 0.0550706 0.00874411
130 0.74432 0.048998 0.00733857
131 0.74432 0.0543873 0.00956936
132 0.74432 0.0504211 0.00702204
133 0.74432 0.0460797 0.00738533
134 0.74432 0.0591291 0.00861711
135 0.74432 0.0461325 0.00881686
136 0.74432 0.0535158 0.00799316
137 0.74432 0.0559482 0.011168
138 0.74432 0.0435282 0.00703212
139 0.74432 0.06418 0.0099587
140 0.74432 0.0472053 0.00744582
141 0.74432 0.0598824 0.0114661
142 0.74432 0.0547636 0.00916941
143 0.74432 0.0582146 0.0103634
144 0.74432 0.0598104 0.0092391
145 0.74432 0.0604374 0.0105572
146 0.74432 0.047017 0.00625011
147 0.74432 0.0613767 0.0108912
148 0.74432 0.0490286 0.00723513
149 0.74432 0.0548414 0.00943498
150 0.74432 0.0514941 0.0088404
151 0.74432 0.0498769 0.00828483
152 0.74432 0.054792 0.00870211
153 0.74432 0.064777 0.00933493
154 0.74432 0.0373877 0.00553941
155 0.74432 0.057936 0.00863367
156 0.74432 0.0577398 0.00922141
157 0.74432 0.0502738 0.00811401
158 0.74432 0.0445639 0.00824279
159 0.74432 0.0594232 0.00920198
160 0.74432 0.0604556 0.0106159
161 0.74432 0.0595725 0.0108743
162 0.74432 0.0488398 0.00766519
163 0.76568 0.0732016 0.0141062
164 0.76568 0.0608845 0.0124954
165 0.76568 0.0663454 0.0118974
166 0.76568 0.0620773 0.0112251
167 0.76568 0.060952 0.0102837
168 0.76568 0.0556716 0.00999384
169 0.76568 0.0637108 0.0109244
170 0.76568 0.0414635 0.00546081
171 0.76568 0.058807 0.0105836
172 0.76568 0.0486175 0.00866693
173 0.76568 0.0540271 0.007613
174 0.76568 0.0376873 0.00624859
175 0.76568 0.0524788 0.00923348
176 0.76568 0.0420342 0.00631975
177 0.76568 0.0506267 0.00780073
178 0.76568 0.0600672 0.0109519
179 0.76568 0.0665307 0.0116745
180 0.76568 0.0621128 0.0100444
181 0.83562 0.0658529 0.0139302
182 0.83562 0.0674335 0.0155677
183 0.83562 0.0447733 0.00728874
184 0.83562 0.0620596 0.00938643
185 0.83562 0.0678913 0.0130639
186 0.83562 0.0557754 0.00938653
187 0.83562 0.0606744 0.0102319
188 0.83562 0.0424129 0.00719729
189 0.83562 0.0426571 0.00796921
190 0.83562 0.0499567 0.00796555
191 0.83562 0.0582995 0.0093264
192 0.83562 0.0440807 0.00640785
193 0.83562 0.0570483 0.00905212
194 0.83562 0.0575469 0.010371
195 0.83562 0.0587103 0.0120848
196 0.83562 0.0451108 0.00602341
197 0.83562 0.037855 0.0049613
198 0.83562 0.0550058 0.00940339
199 0.83562 0.0478548 0.0070099
200 0.83562 0.0529677 0.0104073
201 0.83562 0.0671178 0.0116174
202 0.83562 0.0545348 0.0077309
203 0.83562 0.0517387 0.00798717
204 0.83562 0.0522869 0.00782945
205 0.83562 0.059854 0.00946574
206 0.83562 0.060444 0.0110368
207 0.83562 0.0403341 0.00721053
208 0.83562 0.0498517 0.00850039
209 0.83562 0.0487171 0.00787447
210 0.83562 0.0438652 0.00699767
211 0.83562 0.040903 0.00558498
212 0.83562 0.0503969 0.00809156
213 0.83562 0.0574363 0.0110005
214 0.83562 0.038559 0.00461531
215 0.83562 0.0433076 0.0061365
216 0.83562 0.0584484 0.0105752
217 0.83562 0.0464627 0.00639117
218 0.83562 0.0526626 0.00875406
219 0.83562 0.0434141 0.00661378
220 0.83562 0.0440541 0.00785192
221 0.83562 0.0486237 0.00693124
222 0.83562 0.0399563 0.00486184
223 0.83562 0.0388897 0.00440011
224 0.83562 0.0469149 0.00702411
225 0.83562 0.0326049 0.00517315
226 0.83562 0.0304846 0.00338065
227 0.83562 0.032884 0.0041298
228 0.83562 0.0368946 0.0043241
229 0.83562 0.0462027 0.00571896
230 0.83562 0.031306 0.00488434
231 0.83562 0.0472416 0.00692267
232 0.83562 0.0527068 0.00945907
233 0.83562 0.052908 0.00956561
234 0.83562 0.0447818 0.00849789
235 0.83562 0.0457657 0.00810181
236 0.83562 0.0545383 0.00948066
237 0.83562 0.066609 0.013813
238 0.83562 0.0557576 0.0104348
239 0.83562 0.0481122 0.00996422
240 0.83562 0.0485175 0.0105444
241 0.83562 0.0456597 0.00945738
242 0.83562 0.0560146 0.0110689
243 0.83562 0.0460104 0.00724635
244 0.83562 0.0535123 0.00944328
245 0.83562 0.0548236 0.0111155
246 0.83562 0.0527507 0.0105338
247 0.83562 0.0668709 0.014573
248 0.83562 0.0613606 0.0113105
249 0.83562 0.0444479 0.00733566
250 0.83562 0.0659629 0.0134743
251 0.83562 0.0502118 0.00934659
252 0.83562 0.0631349 0.0116098
253 0.83562 0.0515114 0.00961507
254 0.83562 0.0643985 0.0129788
255 0.83562 0.0548557 0.0110733
256 0.83562 0.0651065 0.0121144
257 0.83562 0.0523609 0.00965744
258 0.83562 0.0613734 0.0121852
259 0.83562 0.0495677 0.0108721
260 0.83562 0.0609213 0.0121188
261 0.83562 0.0642028 0.0132137
262 0.83562 0.0547149 0.0105249
263 0.83562 0.0576236 0.0107681
264 0.83562 0.0599093 0.0122424
265 0.83562 0.0539248 0.0119151
266 0.83562 0.0527241 0.0100919
267 0.83562 0.0657121 0.0148462
268 0.83562 0.056974 0.0127369
269 0.83562 0.0530714 0.0106332
270 0.83562 0.0530208 0.0109319
271 0.83562 0.0666209 0.0138424
272 0.83562 0.0670922 0.015835
273 0.83562 0.0653215 0.0130515
274 0.83562 0.0626744 0.0121515
275 0.83562 0.0580415 0.0108291
276 0.83562 0.0584781 0.0119084
277 0.83562 0.0664236 0.0150207
278 0.83562 0.0656884 0.0133534
279 0.83562 0.0628419 0.0129148
280 0.83562 0.0665723 0.0142331
281 0.83562 0.0654543 0.0129112
282 0.83562 0.0635281 0.0144093
283 0.83562 0.0604272 0.0119772
284 0.83562 0.0562567 0.0119669
285 0.83562 0.0576789 0.013282
286 0.83562 0.0656806 0.0143426
287 0.83562 0.062737 0.0131656
288 0.83562 0.0549032 0.0105711
289 0.83562 0.0508433 0.0101975
290 0.83562 0.0611494 0.0141375
291 0.83562 0.0714912 0.0148877
292 0.83562 0.0616134 0.0121882
293 0.83562 0.0543601 0.0116086
294 0.83562 0.055134 0.011561
295 0.83562 0.0569903 0.01415
296 0.83562 0.0643707 0.0132719
297 0.83562 0.0490479 0.00998903
298 0.83562 0.0580215 0.0103021
299 0.83562 0.056003 0.0128337
300 0.83562 0.0466996 0.00699181
301 0.83562 0.0543819 0.0110696
302 0.83562 0.0756856 0.0159097
303 0.83562 0.0591171 0.00950863
304 0.83562 0.0431098 0.00697116
305 0.83562 0.0471893 0.00882453
306 0.83562 0.041283 0.00671762
307 0.83562 0.0456159 0.00953351
308 0.83562 0.0686146 0.0144558
309 0.83562 0.0561318 0.0116141
310 0.83562 0.0508122 0.0100452
311 0.83562 0.0569424 0.0128074
312 0.83562 0.0607324 0.0139042
313 0.83562 0.0555268 0.0129769
314 0.83562 0.0696985 0.0155554
315 0.83562 0.069873 0.0152096
316 0.83562 0.0633526 0.0123775
317 0.83562 0.0732486 0.0156835
318 0.83562 0.0690778 0.0139231
319 0.83562 0.0695391 0.0121107
320 0.83562 0.0528792 0.00928115
321 0.83562 0.0680701 0.0124975
322 0.83562 0.0742322 0.0146017
323 0.83562 0.0628278 0.0136071
324 0.83562 0.0618017 0.0140685
325 0.83562 0.0648573 0.0144284
326 0.83562 0.0620103 0.0103879
327 0.83562 0.0682111 0.0132935
328 0.83562 0.0677483 0.0128459
329 0.83562 0.0614948 0.0121539
330 0.83562 0.0608436 0.0125669
331 0.83562 0.0586513 0.0129021
332 0.83562 0.046363 0.00860562
333 0.83562 0.0472887 0.0094557
334 0.83562 0.0564771 0.0108447
335 0.83562 0.056286 0.0111515
336 0.83562 0.050632 0.00943569
337 0.83562 0.0512797 0.0102466
338 0.83562 0.0677664 0.0129204
339 0.83562 0.0536852 0.00936485
340 0.83562 0.0680031 0.0132381
341 0.83562 0.0518783 0.00857094
342 0.83562 0.0504538 0.0110513
343 0.83562 0.0689114 0.0147382
344 0.83562 0.0630924 0.0144354
345 0.83562 0.0549174 0.0117
346 0.83562 0.0597031 0.0121075
347 0.83562 0.061921 0.0133614
348 0.83562 0.0748099 0.0159718
349 0.83562 0.0600037 0.0123375
350 0.83562 0.0707836 0.0144777
351 0.83562 0.0624025 0.0127237
352 0.83562 0.064129 0.012987
353 0.83562 0.0536808 0.00901562
354 0.83562 0.0631618 0.0133534
355 0.83562 0.0593134 0.0110353
356 0.83562 0.0522736 0.00943444
357 0.83562 0.0607458 0.0139811
358 0.83562 0.0647555 0.0148329
359 0.83562 0.0698193 0.0140476
360 0.83562 0.0753367 0.014555
361 0.83562 0.0625043 0.0119971
362 1.01 0.056524 0.0149096
362 0.4762 0.055919 0.0116268
363 0.4762 0.0576816 0.0112401
364 0.4762 0.0682602 0.013153
365 0.4762 0.0525881 0.0085811
366 0.4762 0.059416 0.0105084
367 0.4762 0.0558786 0.0109622
368 0.4762 0.0535574 0.00859038
369 0.5013 0.0589669 0.0111913
370 0.5013 0.0629469 0.0117165
371 0.5013 0.0546732 0.00985736
372 0.50222 0.0584768 0.012202
373 0.50222 0.050128 0.00970219
374 0.50222 0.0569447 0.00975471
375 0.50222 0.0424638 0.00760514
376 0.50222 0.0632037 0.011907
377 0.50222 0.0598683 0.0107029
378 0.50222 0.0579874 0.0124493
379 0.50222 0.0490664 0.00981006
380 0.50222 0.0526631 0.00913448
381 0.50222 0.0662685 0.0115556
382 0.55556 0.0688565 0.013424
383 0.55556 0.0542004 0.0098813
384 0.55556 0.0668418 0.0135397
385 0.55556 0.0582132 0.011038
386 0.55556 0.0599028 0.0101695
387 1 0.0517778 0.0130802
387 0.4762 0.0552589 0.00857566
388 1 0.0630469 0.0149916
388 0.4762 0.0523784 0.00904435
389 0.73016 0.0660168 0.0145507
390 0.73016 0.0565708 0.0103687
391 0.73016 0.0616032 0.0120197
392 0.73016 0.0521507 0.00815828
393 0.73016 0.0515373 0.00959661
394 0.73016 0.0516399 0.0105289
395 0.73016 0.0596136 0.0114195
396 0.73016 0.0701766 0.0149815
397 0.73016 0.0651333 0.0129938
398 0.73016 0.0521416 0.00910679
399 1 0.0704572 0.0173341
399 0.61905 0.0620202 0.0128932
400 0.61905 0.0723906 0.0168148
401 0.69602 0.0634477 0.0145821
402 0.69602 0.061116 0.0144707
403 1.01 0.0683642 0.0195933
403 1.01 0.0763527 0.0231664
403 0.70842 0.0587572 0.0133367
404 0.70842 0.06939 0.0193266
405 0.80953 0.0639581 0.0181773
406 0.85127 0.0609861 0.0170495
407 1 0.0732771 0.0215975
407 0.96826 0.076428 0.0223963
408 1.01 0.0623463 0.0161273
408 1.01 0.0807912 0.0294484
408 0.91477 0.077922 0.0206641
409 1.01 0.0940958 0.035661
410 1.01 0.0679846 0.0241126
411 1.02 0.0835471 0.027168
412 1.02 0.0695737 0.0194141
413 1.02 0.0898788 0.0330706
414 1.02 0.0976674 0.0394331
415 1.02 0.0780618 0.0310232
416 1.02 0.0904168 0.0409333
417 1.02 0.103988 0.0485266
418 1.02 0.104612 0.0541503
419 1.02 0.0943393 0.0468461
420 1.02 0.0871731 0.035685
421 1.02 0.0785293 0.0291255
422 1.02 0.0746194 0.0276283
423 1.02 0.0902287 0.0413363
424 1.02 0.0604864 0.0166724
425 1.02 0.0775599 0.0286062
426 1.02 0.0745323 0.021375
427 1.02 0.0729642 0.0215351
428 1.02 0.0769763 0.0270093
429 1.02 0.0789541 0.024934
430 1.02 0.0638184 0.0222689
431 1.02 0.0940925 0.0410289
432 1.02 0.0877657 0.0386145
433 1.02 0.0745856 0.0337568
434 1.02 0.0684473 0.0262057
435 1.02 0.0657887 0.0214368
436 1.02 0.0795346 0.0289834
437 1.02 0.0899929 0.0349616
438 1.02 0.077453 0.0244421
439 1.02 0.0655933 0.027006
440 1.02 0.0654822 0.0194711
441 1.02 0.060569 0.0235609
442 1.02 0.0811567 0.0290636
443 1.02 0.0866357 0.0366468
444 1.02 0.0752145 0.0330286
445 1.02 0.0835797 0.0383771
446 1.02 0.0784001 0.0308499
447 1.02 0.0864847 0.0328588
448 1.02 0.0784651 0.031304
449 1.02 0.0966015 0.042971
450 1.02 0.0698705 0.0262369
451 1.02 0.0717694 0.0268441
452 1.02 0.0631887 0.0219004
453 1.02 0.0972497 0.050837
454 1.02 0.0883274 0.0397697
455 1.02 0.0842115 0.038013
456 1.02 0.0742955 0.0339044
457 1.02 0.0667182 0.0234261
458 1.03 0.0890593 0.0382059
459 1.03 0.0639824 0.0139363
460 1.03 0.0699599 0.0225794
461 1.03 0.0577688 0.013574
462 1.03 0.0936715 0.0474388
463 1.03 0.076567 0.032605
464 1.03 0.0771688 0.0362585
465 1.03 0.0763868 0.0297975
466 1.03 0.0713608 0.0268377
467 1.03 0.0869934 0.0396964
468 1.03 0.0768005 0.030835
469 1.03 0.0674164 0.0243858
470 1.03 0.0761694 0.0282697
471 1.03 0.0642518 0.0186905
472 1.03 0.0692518 0.0262525
473 1.03 0.0599534 0.0229874
474 1.03 0.0807129 0.0344736
475 1.03 0.0561835 0.0162495
476 1.03 0.0838324 0.0245748
477 1.03 0.0679691 0.0229003
478 1.03 0.0561439 0.0161095
479 1.03 0.0673146 0.0216433
480 1.03 0.0509803 0.0182888
481 1.03 0.0687399 0.0231413
482 1.03 0.0592069 0.0209577
483 1.03 0.0679317 0.0243737
484 1.03 0.0532913 0.0272579
485 1.03 0.0635093 0.0239684
486 1.03 0.083894 0.0370544
487 1.03 0.0646577 0.0266438
488 1.03 0.0817559 0.0441688
489 1.03 0.0730315 0.0306476
490 1.03 0.0767586 0.0364783
491 1.03 0.0873205 0.0428551
492 1.03 0.0618743 0.0185942
493 1.03 0.0583422 0.0178526
494 1.03 0.0748903 0.0270411
495 1.03 0.0747079 0.0299292
496 1.03 0.0613629 0.02002
497 1.03 0.0844085 0.0377106
498 1.03 0.0799942 0.0278257
499 1.03 0.0803293 0.0374115
500 1.03 0.0804135 0.0325041
501 1.03 0.0866401 0.042079
502 1.03 0.0686735 0.022602
503 1.03 0.0748523 0.0295497
504 1.03 0.0645601 0.0181171
505 1.03 0.068503 0.0228479
506 1.03 0.0524889 0.0149369
507 1.03 0.0883491 0.0378941
508 1.03 0.0844123 0.0321594
509 1.03 0.0873188 0.0344231
510 1.03 0.0705785 0.0241832
511 1.03 0.0695881 0.0246385
512 1.03 0.0912135 0.036521
513 1.03 0.118785 0.0543755
514 1.03 0.103349 0.0516053
515 1.03 0.08171 0.0302491
516 1.03 0.0973327 0.0451868
517 1.03 0.054536 0.019635
518 1.03 0.0805365 0.0304089
519 1.03 0.0748328 0.0287057
520 1.03 0.0719471 0.0268667
521 1.03 0.0709928 0.0224325
522 1.03 0.0845312 0.0276547
523 1.03 0.0903055 0.0302906
524 1.03 0.0748152 0.0273697
525 1.03 0.0689096 0.0335761
526 1.03 0.075666 0.0287833
527 1.03 0.0731285 0.0283139
528 1.03 0.074021 0.035783
529 1.03 0.0841156 0.0329982
530 1.03 0.0854027 0.0326147
531 1.03 0.0719574 0.0299766
532 1.03 0.0678811 0.0171747
533 1.03 0.0713181 0.0337178
534 1.03 0.0836916 0.0363462
535 1.03 0.0699222 0.0207229
536 1.03 0.0623166 0.0171258
537 1.03 0.0786477 0.0267842
538 1.03 0.0759631 0.0215114
539 1.03 0.0622735 0.0161063
540 1.03 0.0830475 0.0312358
541 1.03 0.05452 0.0117846
542 1.03 0.0675462 0.0202334
543 1.03 0.081224 0.029769
544 1.03 0.0609121 0.0180552
545 1.03 0.0698891 0.0188825
546 1.03 0.0661485 0.0175846
547 1.03 0.0763141 0.0198718
548 1.03 0.0542146 0.0091026
549 1.03 0.0661336 0.0115855
550 1.03 0.0580064 0.0117831
551 1.03 0.0542043 0.0106925
552 1.03 0.0754759 0.0182394
553 1.03 0.0743335 0.0189152
554 1.03 0.0703454 0.0170977
555 1.03 0.0623756 0.0128627
556 1.03 0.0693331 0.0155595
557 1.03 0.0719825 0.0157621
558 1.03 0.061134 0.0117868
559 1.03 0.0615884 0.0101405
560 1.03 0.0553078 0.00791928
561 1.03 0.0489381 0.0071048
562 1.03 0.0543009 0.0100819
563 1.03 0.0547067 0.01049
564 1.03 0.0495787 0.00922215
565 1.03 0.0585659 0.0135831
566 1.03 0.0625188 0.0112419
567 1.03 0.0552444 0.0112843
568 1.03 0.0478439 0.0102684
569 1.03 0.0449949 0.0069775
570 1.03 0.0685095 0.0139449
571 1.03 0.0648829 0.0133398
572 1.03 0.052841 0.0116134
573 1.03 0.0531081 0.0102936
574 1.03 0.0615161 0.0131076
575 1.03 0.0484591 0.0102402
576 1.03 0.0541011 0.0122015
577 1.03 0.0591136 0.0133449
578 1.03 0.0704992 0.0180356
579 1.03 0.0625685 0.0194154
580 1.03 0.0831572 0.0282783
581 1.03 0.0766277 0.0244641
582 1.03 0.0753373 0.0213268
583 1.03 0.0802636 0.0266602
584 1.03 0.0919009 0.0284868
585 1.03 0.0664223 0.0171414
586 1.03 0.060535 0.0178828
587 1.03 0.0736027 0.0212598
588 1.03 0.06433 0.0186694
589 1.03 0.065902 0.0206655
590 1.03 0.0717255 0.0226164
591 1.03 0.072952 0.0256812
592 1.03 0.0907898 0.0357758
593 1.03 0.0574969 0.013932
594 1.03 0.0670035 0.0219161
595 1.03 0.0579455 0.0134493
596 1.03 0.0539193 0.0106883
597 1.03 0.0496473 0.00961336
598 1.03 0.0528751 0.00899393
599 1.03 0.0546709 0.0116546
600 1.03 0.0636415 0.0185172
601 1.03 0.0629269 0.0147415
602 1.03 0.0526135 0.00838237
603 1.03 0.0535846 0.00982055
604 1.03 0.0575149 0.012089
605 1.03 0.0556711 0.0153378
606 1.03 0.0620464 0.012972
607 1.03 0.0704946 0.0219352
608 1.03 0.066942 0.0211408
609 1.03 0.058087 0.0193901
610 1.03 0.043543 0.00859771
611 1.03 0.0614837 0.0206227
612 1.03 0.0596259 0.0205333
613 1.03 0.0568886 0.0175743
614 1.03 0.0519915 0.011011
615 1.03 0.0523994 0.0153827
616 1.03 0.0440314 0.0144183
617 1.03 0.0607695 0.0120628
618 1.03 0.0371542 0.00691892
619 1.03 0.0565763 0.0149275
620 1.03 0.0539069 0.0118222
621 1.03 0.0486615 0.0117117
622 1.03 0.0648297 0.0196713
623 1.03 0.0505506 0.0137959
624 1.03 0.0599546 0.0160575
625 1.03 0.0544168 0.011651
626 1.03 0.0508166 0.00956201
627 1.03 0.0523745 0.0103873
628 1.03 0.0515016 0.00987899
629 1.03 0.0550793 0.01669
630 1.03 0.0532653 0.0151295
631 1.03 0.0511501 0.0103196
632 1.03 0.0415598 0.00707524
633 1.03 0.0495863 0.0114934
634 1.03 0.0584233 0.0168879
635 1.03 0.0456672 0.0127791
636 1.03 0.0563581 0.0178838
637 1.03 0.0529233 0.0148291
638 1.03 0.0597384 0.0182832
639 1.03 0.065279 0.0233584
640 1.03 0.065111 0.0286256
641 1.03 0.0803482 0.0339533
642 1.03 0.0715888 0.0333698
643 1.03 0.0562449 0.0165503
644 1.03 0.0637535 0.0201942
645 1.03 0.0524897 0.0123753
646 1.03 0.0636347 0.0141948
647 1.03 0.0604146 0.0162433
648 1.03 0.0617403 0.0148498
649 1.03 0.055264 0.0149223
650 1.03 0.0432668 0.0103199
651 1.03 0.0531475 0.0123738
652 1.03 0.0591654 0.0202608
653 1.03 0.0792859 0.0331411
654 1.03 0.0749007 0.030277
655 1.03 0.067967 0.0279645
656 1.03 0.0590232 0.0235745
657 1.03 0.0620818 0.0285239
658 1.03 0.077511 0.0315778
659 1.03 0.061511 0.023072
660 1.03 0.0620975 0.026677
661 1.03 0.0664163 0.0282702
662 1.03 0.074164 0.0443218
663 1.03 0.073199 0.037674
664 1.03 0.0660865 0.0353383
665 1.03 0.0739346 0.0305252
666 1.03 0.0744432 0.0357198
667 1.03 0.0735545 0.037794
668 1.03 0.0665615 0.0208873
669 1.03 0.0874309 0.0456415
670 1.03 0.0658249 0.0311399
671 1.03 0.066138 0.0255509
672 1.03 0.0730814 0.0321542
673 1.03 0.073477 0.0345333
674 1.03 0.0759142 0.0405845
675 1.03 0.0659869 0.029847
676 1.03 0.0764373 0.0309098
677 1.03 0.0732005 0.0341773
678 1.03 0.0752316 0.0317624
679 1.03 0.077206 0.0344111
680 1.03 0.0639415 0.0229174
681 1.03 0.0662017 0.0241342
682 1.03 0.0681169 0.0163358
683 1.03 0.0721294 0.0261279
684 1.03 0.0733235 0.0257983
685 1.03 0.0785843 0.0348957
686 1.03 0.0673702 0.0198293
687 1.03 0.076431 0.0302756
688 1.03 0.0663044 0.0193307
689 1.03 0.0767803 0.0309595
690 1.03 0.0667446 0.0170252
691 1.03 0.0788394 0.0316231
692 1.03 0.057976 0.0209519
693 1.03 0.0794441 0.0324157
694 1.03 0.0787777 0.0300565
695 1.03 0.0585874 0.0258846
696 1.03 0.0621465 0.0243536
697 1.03 0.0660832 0.0240674
698 1.03 0.0629214 0.0221597
699 1.03 0.0623612 0.0299497
700 1.03 0.0564077 0.0191247
701 1.03 0.0671888 0.0276587
702 1.03 0.0686482 0.0270482
703 1.03 0.0705723 0.0266486
704 1.03 0.0584337 0.0155927
705 1.03 0.061781 0.0183158
706 1.03 0.062948 0.017725
707 1.03 0.0799209 0.0308699
708 1.03 0.0709628 0.0219862
709 1.03 0.0635319 0.0173533
710 1.03 0.0807425 0.0334977
711 1.03 0.0852553 0.036702
712 1.03 0.077274 0.0318108
713 1.03 0.0818901 0.0392788
714 1.03 0.0767783 0.0314385
715 1.03 0.0619179 0.0243076
716 1.03 0.0607397 0.015659
717 1.03 0.0688223 0.0324531
718 1.03 0.0691744 0.0313941
719 1.03 0.0524905 0.0119828
720 1.03 0.0684825 0.030618
721 1.03 0.070707 0.0273136
722 1.03 0.0913977 0.0412235
723 1.03 0.0737986 0.0269601
724 1.03 0.0694178 0.0303084
725 1.03 0.0588031 0.0275126
726 1.03 0.0911907 0.046225
727 1.03 0.0868497 0.0456538
728 1.03 0.0842749 0.041705
729 1.03 0.0738295 0.0372406
730 1.03 0.104811 0.0555803
731 1.03 0.101123 0.0500536
732 1.03 0.0645341 0.0268457
733 1.03 0.0640118 0.0209979
734 1.03 0.075406 0.0319391
735 1.03 0.053262 0.0210194
736 1.03 0.0861787 0.043662
737 1.03 0.0546829 0.0216324
738 1.03 0.0812732 0.0389188
739 1.03 0.0513928 0.0140011
740 1.03 0.0844277 0.0408684
741 1.03 0.0703811 0.0263089
742 1.03 0.0952167 0.0417145
743 1.03 0.0763989 0.0338578
744 1.03 0.0754058 0.0230975
745 1.03 0.080317 0.0328147
746 1.03 0.0832781 0.0305775
747 1.03 0.082456 0.0395981
748 1.03 0.0791351 0.036274
749 1.03 0.0759804 0.0400251
750 1.03 0.062573 0.0238414
751 1.03 0.0838641 0.038779
752 1.03 0.066742 0.0345931
753 1.03 0.0523324 0.023121
754 1.03 0.0838891 0.0400538
755 1.03 0.0576382 0.0200398
756 1.03 0.0726269 0.0283767
757 1.03 0.0713468 0.0322833
758 1.03 0.0680392 0.0316075
759 1.03 0.0852646 0.0346043
760 1.03 0.0776504 0.0318655
761 1.03 0.0986971 0.0479907
762 1.03 0.0914673 0.0348173
763 1.03 0.0779934 0.0377091
764 1.03 0.0664348 0.0290678
765 1.03 0.0882107 0.0512378
766 1.03 0.105709 0.0480097
767 1.03 0.0815231 0.0324045
768 1.03 0.0723138 0.0280692
769 1.03 0.0671535 0.0289968
770 1.03 0.0923758 0.0497113
771 1.03 0.0802833 0.0327022
772 1.03 0.0750731 0.0368694
773 1.03 0.0750171 0.0266164
774 1.03 0.0800161 0.0383042
775 1.03 0.0875338 0.0403589
776 1.03 0.0729839 0.0304426
777 1.03 0.0537987 0.0162864
778 1.03 0.0959739 0.0430261
779 1.03 0.0687326 0.0267403
780 1.03 0.0869507 0.0392195
781 1.03 0.0714339 0.0254241
782 1.03 0.0807726 0.0379034
783 1.03 0.0750309 0.0274303
784 1.03 0.0751122 0.0319245
785 1.03 0.0680163 0.0268172
786 1.03 0.0803942 0.0358103
787 1.03 0.0858968 0.0407169
788 1.03 0.101609 0.0518567
789 1.03 0.0562106 0.0181313
790 1.03 0.0886151 0.0337378
791 1.03 0.0947862 0.041025
792 1.03 0.0778013 0.0268992
793 1.03 0.0773886 0.0205595
794 1.03 0.0845464 0.0374367
795 1.03 0.084654 0.0336497
796 1.03 0.0972501 0.0471217
797 1.03 0.0788729 0.0304179
798 1.03 0.0805266 0.0385827
799 1.03 0.0837251 0.0320029
800 1.03 0.0930676 0.0441616
801 1.03 0.0989484 0.0404835
802 1.03 0.0949557 0.0456063
803 1.03 0.0640094 0.0202809
804 1.03 0.0723944 0.0220227
805 1.03 0.0821082 0.0337056
806 1.03 0.0655977 0.0155954
807 1.03 0.0745149 0.0222325
808 1.03 0.0883714 0.0373008
809 1.03 0.0707621 0.0296592
810 1.03 0.08895 0.0371253
811 1.03 0.0675048 0.0211682
812 1.03 0.0837013 0.0352409
813 1.03 0.08677 0.0413978
814 1.03 0.0810863 0.0339892
815 1.03 0.0901694 0.0404648
816 1.03 0.0884832 0.0417097
817 1.03 0.0784484 0.0384007
818 1.03 0.0858235 0.0393628
819 1.03 0.0771641 0.0302573
820 1.03 0.0754768 0.0322385
821 1.03 0.0885895 0.0361934
822 1.03 0.0735289 0.0305895
823 1.03 0.0822745 0.0286783
824 1.03 0.0858116 0.0418599
825 1.03 0.0772661 0.0316107
826 1.03 0.0941402 0.0392949
827 1.03 0.0676394 0.0219364
828 1.03 0.0845635 0.0332811
829 1.03 0.0784147 0.0328137
830 1.03 0.0809728 0.0291124
831 1.03 0.0929607 0.0317263
832 1.03 0.0727849 0.0258309
833 1.03 0.0758815 0.0298952
834 1.03 0.0927574 0.0347695
835 1.03 0.085376 0.0376208
836 1.03 0.0957899 0.0468985
837 1.03 0.0982227 0.0338277
838 1.03 0.09349 0.04207
839 1.03 0.0995694 0.043482
840 1.03 0.100837 0.0421132
841 1.03 0.0952614 0.0405343
842 1.03 0.0770643 0.029765
843 1.03 0.102501 0.0522736
844 1.03 0.100047 0.0438748
845 1.03 0.0931724 0.0362669
846 1.03 0.103957 0.0505569
847 1.03 0.122815 0.0545715
848 1.03 0.0866396 0.039697
849 1.03 0.094031 0.0430996
850 1.03 0.077866 0.0241523
851 1.03 0.0739857 0.0239669
852 1.03 0.0785765 0.0312879
853 1.03 0.0629008 0.0207491
854 1.03 0.0559623 0.0119055
855 1.03 0.0637186 0.0193532
856 1.03 0.0674732 0.0175544
857 1.03 0.0587491 0.0180378
858 1.03 0.0668321 0.0210188
859 1.03 0.0809749 0.0232439
860 1.03 0.080546 0.0242513
861 1.03 0.0810892 0.0266851
862 1.03 0.0787863 0.0269633
863 1.03 0.0831851 0.0306749
864 1.03 0.0751474 0.0291992
865 1.03 0.0823029 0.0347406
866 1.03 0.0836812 0.0394623
867 1.03 0.0800512 0.0274858
868 1.03 0.0912533 0.0388649
869 1.03 0.0862545 0.039931
870 1.03 0.0763717 0.0274731
871 1.03 0.0768682 0.0240494
872 1.03 0.0854037 0.0402985
873 1.03 0.0932535 0.0337306
874 1.03 0.0698931 0.0254063
875 1.03 0.0693062 0.0230395
876 1.03 0.0724673 0.0257411
877 1.03 0.0753213 0.0281178
878 1.03 0.0760828 0.0263989
879 1.03 0.0702126 0.0287564
880 1.03 0.0684601 0.0285999
881 1.03 0.0583894 0.0143226
882 1.03 0.0612179 0.0204712
883 1.03 0.0652068 0.0155673
884 1.03 0.0628404 0.0187641
885 1.03 0.0567818 0.0148575
886 1.03 0.0533328 0.00965903
887 1.03 0.0503668 0.0126509
888 1.03 0.0542486 0.014719
889 1.03 0.0664189 0.0291273
890 1.03 0.0854848 0.0443524
891 1.03 0.0759554 0.0349903
892 1.03 0.0677897 0.0259161
893 1.03 0.0710182 0.0329568
894 1.03 0.0648522 0.0250218
895 1.03 0.0664166 0.0275067
896 1.03 0.086463 0.0420158
897 1.03 0.0697418 0.025355
898 1.03 0.0741492 0.0356078
899 1.03 0.0743123 0.0320607
900 1.03 0.0677775 0.0249882
901 1.03 0.0761508 0.0321916
902 1.03 0.0682323 0.0268982
903 1.03 0.059279 0.0208765
904 1.03 0.0859476 0.0376659
905 1.03 0.0604091 0.0234892
906 1.03 0.0750081 0.031987
907 1.03 0.0953086 0.0429596
908 1.03 0.0812951 0.0349309
909 1.03 0.0738161 0.0235081
910 1.03 0.108331 0.0460022
911 1.03 0.0676471 0.0172951
912 1.03 0.067257 0.0255176
913 1.03 0.0711793 0.0296443
914 1.03 0.0851038 0.0338621
915 1.03 0.0737381 0.0305801
916 1.03 0.0856846 0.0355363
917 1.03 0.0768457 0.0312143
918 1.03 0.0914168 0.04319
919 1.03 0.0655558 0.025291
920 1.03 0.0867152 0.0380981
921 1.03 0.0808423 0.0282832
922 1.03 0.0808219 0.0362827
923 1.03 0.0954102 0.049885
924 1.03 0.0627812 0.0221801
925 1.03 0.0671975 0.0221814
926 1.03 0.0663266 0.0252167
927 1.03 0.0654076 0.0256612
928 1.03 0.076594 0.0365624
929 1.03 0.0742936 0.0294355
930 1.03 0.062392 0.0224758
931 1.03 0.0772733 0.0380338
932 1.03 0.0698295 0.0241319
933 1.03 0.0727998 0.022728
934 1.03 0.0819858 0.0336752
935 1.03 0.060081 0.0236408
936 1.03 0.0800481 0.0325963
937 1.03 0.0715772 0.0255307
938 1.03 0.0908188 0.0466483
939 1.03 0.0696721 0.0222794
940 1.03 0.0770572 0.0306945
941 1.03 0.0978904 0.0496581
942 1.03 0.0834419 0.0312184
943 1.03 0.0945664 0.036552
944 1.03 0.0938516 0.0458996
945 1.03 0.0746801 0.025045
946 1.03 0.0847651 0.034485
947 1.03 0.0585647 0.0211477
948 1.03 0.0755141 0.0259259
949 1.03 0.0662181 0.026833
950 1.03 0.0882292 0.0371928
951 1.03 0.0780545 0.0301306
952 1.03 0.0931685 0.0424819
953 1.03 0.0869859 0.0421608
954 1.03 0.0801955 0.0375806
955 1.03 0.0651361 0.0201377
956 1.03 0.0535618 0.016883
957 1.03 0.0515534 0.0120707
958 1.03 0.0644888 0.0239934
959 1.03 0.0609235 0.0184644
960 1.03 0.0700688 0.0192599
961 1.03 0.080601 0.0277871
962 1.03 0.0653389 0.0188729
963 1.03 0.0722614 0.0246737
964 1.03 0.0880936 0.0382686
965 1.03 0.0867665 0.0371821
966 1.03 0.0771635 0.0244185
967 1.03 0.0794115 0.0268839
968 1.03 0.072334 0.0284407
969 1.03 0.0968419 0.043939
970 1.03 0.105271 0.05357
971 1.03 0.0961858 0.0445073
972 1.03 0.0822 0.0327907
973 1.03 0.082766 0.0332094
974 1.03 0.0855331 0.0307246
975 1.03 0.0948677 0.0357948
976 1.03 0.0820106 0.0340488
977 1.03 0.0918683 0.0324989
978 1.03 0.0770471 0.026463
979 1.03 0.0901394 0.0329914
980 1.03 0.0672847 0.0178362
981 1.03 0.0792585 0.0296794
982 1.03 0.0679675 0.0182612
983 1.03 0.0675786 0.0182475
984 1.03 0.0776415 0.0245356
985 1.03 0.0656442 0.0229078
986 1.03 0.0779024 0.0225271
987 1.03 0.10026 0.043184
988 1.03 0.0694418 0.0270333
989 1.03 0.0963783 0.0481016
990 1.03 0.0813835 0.0312615
991 1.03 0.098574 0.0454856
992 1.03 0.0854225 0.0348479
993 1.03 0.0901534 0.0389036
994 1.03 0.0711634 0.0219201
995 1.03 0.0847196 0.0315447
996 1.03 0.0624363 0.0151819
997 1.03 0.0855916 0.0330106
998 1.03 0.0813058 0.0303092
999 1.03 0.0684568 0.0281264
1000 1.03 0.0733806 0.0272617
