0 0.33334 0.0332718 0.00343223
1 0.33334 0.0219089 0.00189296
2 0.33334 0.0248695 0.00312043
3 0.33334 0.039813 0.00478564
4 0.33334 0.0208636 0.00154851
5 0.33334 0.0381671 0.00412019
6 0.33334 0.0265586 0.00284987
7 0.33334 0.0227345 0.00237464
8 0.33334 0.0305409 0.00334401
9 0.33334 0.0252923 0.00252808
10 0.33334 0.0323201 0.00334693
11 0.33334 0.0370337 0.00391462
12 0.33334 0.0264289 0.00236249
13 0.33334 0.0406229 0.00383508
14 0.33334 0.0231839 0.00227906
15 0.33334 0.0363942 0.00447455
16 0.33334 0.0341338 0.00345472
17 0.33739 0.0361187 0.0037995
18 0.33739 0.0352552 0.00397405
19 0.33739 0.036989 0.00343489
20 0.33739 0.0363044 0.00362875
21 0.33739 0.0358549 0.00360061
22 0.33739 0.0400429 0.00416507
23 0.33739 0.0402131 0.00467628
24 0.33739 0.0348496 0.0040129
25 0.33739 0.0353937 0.00365281
26 0.33739 0.0396425 0.00439634
27 0.33739 0.0386147 0.0038512
28 0.33739 0.0326424 0.00343268
29 0.33739 0.041398 0.00454199
30 0.33739 0.0368676 0.00436185
31 0.33739 0.0347622 0.00410224
32 0.33739 0.0361926 0.00383891
33 0.33739 0.0402057 0.00425406
34 0.33739 0.0309952 0.0034906
35 0.33739 0.0400862 0.0042894
36 0.33919 0.0444061 0.00494419
37 0.37339 0.0378142 0.00476143
38 0.37339 0.0429836 0.00509565
39 0.37339 0.0373974 0.00387695
40 0.37339 0.0415589 0.00484251
41 0.37339 0.0325773 0.00376732
42 0.45195 0.0483092 0.00608209
43 0.45195 0.0445263 0.00477375
44 0.45195 0.0364177 0.00503615
45 0.45195 0.0373994 0.00450537
46 0.45195 0.0362154 0.00456463
47 0.45195 0.0415228 0.00495364
48 0.45195 0.0417205 0.00516561
49 0.45195 0.0397685 0.00392171
50 0.45289 0.0404135 0.00479674
51 0.45289 0.0421265 0.00437259
52 0.47126 0.0416498 0.00565308
53 0.48551 0.0423626 0.00540299
54 0.61782 0.0399253 0.0062742
55 0.61782 0.0424347 0.00448242
56 0.61782 0.0427925 0.00480773
57 0.61782 0.0415989 0.00420005
58 0.61782 0.0411523 0.00462717
59 0.61782 0.0376925 0.00502434
60 0.61782 0.0422679 0.00479477
61 0.61782 0.0488188 0.00637963
62 0.61782 0.0474341 0.00733614
63 0.61782 0.04701 0.00594179
64 0.61782 0.0426827 0.00643511
65 0.61782 0.0452053 0.00608023
66 0.61782 0.0440043 0.00727772
67 0.61782 0.0535914 0.00822224
68 0.61782 0.0550628 0.00930336
69 0.61782 0.0434543 0.00616794
70 0.61782 0.0482457 0.00782966
71 0.61782 0.0516211 0.00760042
72 0.61782 0.0461886 0.00683671
73 0.61782 0.0476762 0.0068762
74 0.61782 0.0499419 0.00646792
75 0.61782 0.050625 0.00746153
76 0.61782 0.0646378 0.0104641
77 0.61782 0.0537833 0.00826979
78 0.61782 0.0614857 0.00964924
79 0.61782 0.0473521 0.00619505
80 0.61782 0.0509102 0.00740583
81 0.61782 0.0469489 0.00611886
82 0.61782 0.0428842 0.00609638
83 0.61782 0.0375235 0.00495502
84 0.61782 0.046949 0.00601366
85 0.61782 0.045755 0.00635777
86 0.61782 0.0562257 0.00939788
87 0.61782 0.0416284 0.00571722
88 0.61782 0.0453899 0.00708995
89 0.61782 0.0546156 0.00889546
90 0.61782 0.0569207 0.0090646
91 0.61782 0.04897 0.00687761
92 0.61782 0.0503141 0.00772355
93 0.61782 0.0553774 0.00986165
94 0.61782 0.0626712 0.0107155
95 0.61782 0.0535306 0.00883637
96 0.61782 0.0463851 0.00882965
97 0.61782 0.0499969 0.00906251
98 0.61782 0.0520094 0.00783088
99 0.61782 0.0425578 0.00718293
100 0.61782 0.0522427 0.00806433
101 0.61782 0.0543902 0.00822411
102 0.61782 0.0548824 0.0104473
103 0.61782 0.0622591 0.011254
104 0.61782 0.0473852 0.00827075
105 0.61782 0.0530395 0.00887817
106 0.61782 0.0461398 0.0070788
107 0.61782 0.0482917 0.00922261
108 0.61782 0.0451803 0.00648101
109 0.61782 0.0521277 0.00836698
110 0.61782 0.0460738 0.00770494
111 0.61782 0.057008 0.0101391
112 0.61782 0.0697145 0.0111387
113 0.61782 0.0563078 0.0106001
114 0.61782 0.0460623 0.00616791
115 0.61782 0.0621022 0.00900219
116 0.61782 0.055436 0.0117118
117 0.61782 0.0468489 0.00759941
118 0.61782 0.0509217 0.00799078
119 0.61782 0.0518317 0.00815677
120 0.61782 0.0586984 0.0088819
121 0.61782 0.0479464 0.00704246
122 0.61782 0.0482756 0.00721326
123 0.61782 0.0465943 0.00622052
124 0.61782 0.0497668 0.00731191
125 0.61782 0.050803 0.00784405
126 0.61782 0.0478987 0.00698425
127 0.61782 0.0540764 0.00826405
128 0.61782 0.046815 0.00747776
129 0.61782 0.0577925 0.00919786
130 0.61782 0.0558171 0.0092933
131 0.61782 0.0441394 0.00565269
132 0.61782 0.0569813 0.00927082
133 0.61782 0.0466736 0.00770105
134 0.61782 0.0565095 0.00939551
135 0.61782 0.0560378 0.0100752
136 0.61782 0.0478004 0.00747432
137 0.61782 0.0572364 0.00998179
138 0.61782 0.0486173 0.00855791
139 0.61782 0.0412435 0.00662655
140 0.61782 0.0697532 0.0123939
141 0.61782 0.0668001 0.012774
142 0.61782 0.0641146 0.0133103
143 0.61782 0.0589756 0.0121678
144 0.61782 0.0563912 0.00874049
145 0.61782 0.0733337 0.0138843
146 0.61782 0.0497131 0.00880448
147 0.61782 0.0590501 0.00949833
148 0.61782 0.0570029 0.00832312
149 0.61782 0.0549307 0.00989684
150 0.61782 0.0529311 0.00833198
151 0.61782 0.0551535 0.00996951
152 0.61782 0.0553458 0.00867813
153 0.61782 0.0611622 0.0105198
154 0.61782 0.0535287 0.00871401
155 0.61782 0.0474132 0.00814126
156 0.61782 0.0530816 0.00846452
157 0.61782 0.0590845 0.00840685
158 0.61782 0.0642877 0.00964917
159 0.61782 0.0487691 0.0078746
160 0.61782 0.0485095 0.00839841
161 0.61782 0.0543333 0.00922466
162 0.61782 0.0453509 0.00743058
163 0.61782 0.0483707 0.00835827
164 0.61782 0.0523754 0.00973047
165 0.61782 0.0556585 0.0104807
166 0.61782 0.0576771 0.00929753
167 0.61782 0.0536494 0.00993826
168 0.61782 0.0535619 0.00980739
169 0.61782 0.0530971 0.0100325
170 0.61782 0.0705629 0.0130562
171 0.61782 0.0440463 0.00681812
172 0.61782 0.047177 0.00928177
173 0.61782 0.0697726 0.0148012
174 0.61782 0.0622723 0.0105531
175 0.61782 0.0630485 0.010547
176 0.61782 0.0699613 0.01305
177 0.61782 0.0465973 0.0074433
178 0.61782 0.0535792 0.00995642
179 0.61782 0.0567416 0.0114949
180 0.61782 0.0613884 0.0114993
181 0.61782 0.0571195 0.00956822
182 0.61782 0.0624939 0.0108541
183 0.61782 0.0621222 0.0125895
184 0.61782 0.0724386 0.0128912
185 0.61782 0.0571491 0.010789
186 0.61782 0.0423998 0.00652532
187 0.61782 0.0604527 0.0106349
188 0.61782 0.0570758 0.0100805
189 0.61782 0.0587288 0.0110778
190 0.61782 0.0715122 0.0153977
191 0.61782 0.0612636 0.0110764
192 0.61782 0.0589461 0.0119256
193 0.61782 0.0592445 0.00999602
194 0.61782 0.051455 0.00882543
195 0.61782 0.0598308 0.0111264
196 0.61782 0.0663849 0.0116838
197 0.61782 0.0760745 0.0136584
198 0.61782 0.073303 0.0127064
199 0.61782 0.074811 0.0148109
200 0.61782 0.0710251 0.0115093
201 0.61782 0.0718628 0.0134826
202 0.61782 0.0643496 0.0122205
203 0.61782 0.0649593 0.0136962
204 0.61782 0.0576406 0.00953562
205 0.61782 0.0641264 0.0112793
206 0.61782 0.0610509 0.0101219
207 0.61782 0.055744 0.00996464
208 0.61782 0.0585909 0.0119237
209 0.61782 0.0545743 0.00953173
210 0.61782 0.0692637 0.0120802
211 0.61782 0.0665387 0.0141452
212 0.61782 0.0611477 0.0116617
213 0.61782 0.0554594 0.00986773
214 0.61782 0.072625 0.0136652
215 0.61782 0.0581213 0.00966366
216 0.61782 0.062036 0.0122518
217 0.61782 0.0529335 0.0080943
218 0.61782 0.0484698 0.00885571
219 0.61782 0.0563468 0.0094423
220 0.61782 0.042099 0.00619835
221 0.61782 0.0426848 0.00553882
222 0.61782 0.0557734 0.0076322
223 0.61782 0.0566665 0.00906994
224 0.61782 0.0445043 0.00732464
225 0.61782 0.0479687 0.00782141
226 0.61782 0.0617581 0.00878773
227 0.61782 0.0527408 0.00708216
228 0.61782 0.0479114 0.00697334
229 0.61782 0.0600883 0.0114251
230 0.61782 0.0468301 0.00756752
231 0.61782 0.0457489 0.00593716
232 0.61782 0.067399 0.00966895
233 0.61782 0.0539908 0.00767344
234 0.61782 0.0643884 0.0100499
235 0.61782 0.0542704 0.00963187
236 0.61782 0.053715 0.00697517
237 0.61782 0.0574331 0.00842195
238 0.61782 0.0671334 0.010258
239 0.61782 0.0596594 0.00809807
240 0.61782 0.0619121 0.0111098
241 0.61782 0.0653581 0.00989356
242 0.61782 0.0555896 0.00811961
243 0.61782 0.0636247 0.00883701
244 0.61782 0.0583927 0.00981311
245 0.61782 0.0535882 0.00981995
246 0.61782 0.060614 0.0101996
247 0.61782 0.063558 0.0103201
248 0.61782 0.0554103 0.0108394
249 0.61782 0.0650115 0.0118771
250 0.61782 0.0598676 0.012681
251 0.61782 0.0596867 0.0105378
252 0.61782 0.0588389 0.0105087
253 0.61782 0.0502976 0.009543
254 0.61782 0.0540894 0.00803885
255 0.61782 0.0588189 0.0107202
256 0.61782 0.0541119 0.0100078
257 0.61782 0.05175 0.00887097
258 0.61782 0.0639698 0.0119368
259 0.61782 0.0597673 0.0112642
260 0.61782 0.0577661 0.00971585
261 0.61782 0.0553657 0.00938489
262 0.61782 0.0599534 0.010467
263 0.61782 0.0618293 0.0114996
264 0.61782 0.0649933 0.0109524
265 0.61782 0.0595508 0.0100255
266 0.61782 0.0507048 0.0090649
267 0.61782 0.0527606 0.00986001
268 0.61782 0.0478863 0.00815423
269 0.61782 0.0590071 0.00981437
270 0.61782 0.0495453 0.00737591
271 0.61782 0.0409158 0.00769531
272 0.61782 0.037735 0.00528783
273 0.61782 0.0589702 0.0114669
274 0.61782 0.0514411 0.00688281
275 0.61782 0.0502153 0.0075432
276 0.61782 0.0569182 0.0077492
277 0.61782 0.0559014 0.00955154
278 0.61782 0.045007 0.00747599
279 0.61782 0.0558025 0.0108386
280 0.61782 0.0646221 0.0112404
281 0.61782 0.060514 0.00998652
282 0.61782 0.0606272 0.0106636
283 0.61782 0.0552111 0.00940285
284 0.61782 0.0593207 0.00999082
285 0.61782 0.0701174 0.0127418
286 0.61782 0.0665988 0.0110007
287 0.61782 0.0673265 0.0115264
288 0.61782 0.051632 0.00896421
289 0.61782 0.0508586 0.00762122
290 0.61782 0.0671846 0.0129581
291 0.61782 0.0583669 0.0109719
292 0.61782 0.0660933 0.010543
293 0.61782 0.0590575 0.0118617
294 0.61782 0.0607252 0.00943356
295 0.61782 0.0502243 0.00716813
296 0.61782 0.0741828 0.0133006
297 0.61782 0.0612588 0.0121347
298 0.61782 0.0629968 0.0110137
299 0.61782 0.058548 0.0105028
300 0.61782 0.067061 0.0141542
301 0.61782 0.0634965 0.0115095
302 0.61782 0.0669869 0.012965
303 0.61782 0.0685681 0.013304
304 0.61782 0.0616101 0.013198
305 0.61782 0.0688657 0.0139312
306 0.61782 0.0757202 0.0153692
307 0.61782 0.064658 0.0123209
308 0.61782 0.0632759 0.0129218
309 0.61782 0.0657661 0.0104388
310 0.61782 0.0625475 0.0113411
311 0.61782 0.0623045 0.0141654
312 0.61782 0.0648608 0.0118515
313 0.61782 0.0592281 0.0112446
314 0.61782 0.0745409 0.0160718
315 0.61782 0.0686424 0.0140141
316 0.61782 0.0647242 0.0125819
317 0.61782 0.0728175 0.0133533
318 0.61782 0.0728066 0.0151898
319 0.61782 0.0584854 0.0106038
320 0.61782 0.0637137 0.0128482
321 0.61782 0.0632017 0.0122803
322 0.61782 0.0786964 0.0157873
323 0.61782 0.0629799 0.0144628
324 0.61782 0.0737292 0.0164452
325 0.61782 0.0749024 0.0166404
326 0.61782 0.0765793 0.0154581
327 0.61782 0.0681657 0.0133778
328 0.61782 0.0716555 0.0143026
329 0.61782 0.0595273 0.0114762
330 0.61782 0.0712818 0.0144959
331 0.61782 0.0624611 0.0136543
332 0.61782 0.0693135 0.0130772
333 0.61782 0.0862608 0.0186261
334 0.61782 0.0731083 0.0152061
335 0.61782 0.0701723 0.0142865
336 0.61782 0.0745902 0.0160655
337 0.61782 0.0619772 0.0128262
338 0.61782 0.0616265 0.00988375
339 0.61782 0.0812133 0.0151267
340 0.61782 0.0682166 0.0132988
341 0.61782 0.0553009 0.00956386
342 0.61782 0.054303 0.0107925
343 0.61782 0.0725163 0.0136571
344 0.61782 0.0596679 0.0122959
345 0.61782 0.0583714 0.0105692
346 0.61782 0.0700424 0.0114078
347 0.61782 0.0670809 0.0138699
348 0.61782 0.062456 0.0124795
349 0.61782 0.0578149 0.0105195
350 0.61782 0.0531397 0.00959966
351 0.61782 0.0559397 0.0106633
352 0.61782 0.0581579 0.00888311
353 0.61782 0.0681508 0.0116239
354 0.61782 0.0673153 0.0139138
355 0.61782 0.0564553 0.010789
356 0.61782 0.0662882 0.01412
357 0.61782 0.0678818 0.013651
358 0.61782 0.0617375 0.0119129
359 0.61782 0.0597578 0.0106818
360 0.61782 0.0623303 0.0120535
361 0.61782 0.0592889 0.0121552
362 0.61782 0.0614701 0.0120956
363 0.61782 0.0679418 0.0157509
364 0.61782 0.0707882 0.0129914
365 0.61782 0.0627133 0.0115085
366 0.61782 0.0732495 0.0151685
367 0.61782 0.0678712 0.0141633
368 0.61782 0.0531166 0.0115937
369 0.61782 0.060909 0.0123198
370 0.61782 0.0662995 0.0136567
371 0.61782 0.0705795 0.0149224
372 0.61782 0.0750276 0.0160002
373 0.61782 0.0612884 0.012207
374 0.61782 0.0606606 0.0116793
375 0.61782 0.0643511 0.0129101
376 0.61782 0.0581744 0.0137939
377 0.61782 0.0665064 0.0126435
378 0.61782 0.0708304 0.0138338
379 0.61782 0.0802539 0.015927
380 0.61782 0.0582542 0.0108112
381 0.61782 0.0696774 0.0141403
382 0.61782 0.0722734 0.0145566
383 0.61782 0.0590247 0.0128021
384 0.61782 0.0739849 0.0167011
385 0.61782 0.0731406 0.0125352
386 0.61782 0.0654215 0.0155096
387 0.61782 0.0641097 0.0136127
388 0.61782 0.075709 0.0162566
389 0.61782 0.0670807 0.0129296
390 0.61782 0.0724238 0.0152156
391 0.61782 0.0768296 0.0201039
392 0.61782 0.0670275 0.0143321
393 0.61782 0.0592297 0.0101553
394 0.61782 0.0745135 0.0149778
395 0.61782 0.0798411 0.0164386
396 0.61782 0.0833224 0.0169738
397 0.61782 0.0561772 0.0123269
398 0.61782 0.0706151 0.0173809
399 0.61782 0.0685616 0.0125437
400 0.61782 0.0704301 0.0155112
401 0.61782 0.0651985 0.0153529
402 0.61782 0.0622752 0.0133533
403 0.61782 0.0605265 0.0117648
404 0.61782 0.0727835 0.0146366
405 0.61782 0.0613317 0.0111733
406 0.61782 0.0716949 0.0136421
407 0.61782 0.0764823 0.0150467
408 0.62288 0.0740724 0.0150403
409 0.62288 0.0703087 0.0150605
410 0.62288 0.0592401 0.0103249
411 0.62288 0.0621298 0.0125862
412 0.62288 0.0662987 0.0144023
413 0.62288 0.0533525 0.0108124
414 0.62288 0.0658869 0.0133004
415 0.62288 0.066006 0.0124924
416 0.62288 0.0648481 0.0125247
417 0.62288 0.0714837 0.0166546
418 0.62288 0.0693471 0.0126188
419 0.62288 0.0655404 0.0114136
420 0.62761 0.0580157 0.0127351
421 0.69842 0.0633325 0.0135064
422 0.69842 0.0628154 0.0108804
423 0.69842 0.0561861 0.0111754
424 0.69842 0.0655905 0.0112542
425 0.69842 0.0511122 0.00892612
426 0.69842 0.054838 0.0101837
427 0.69842 0.0687908 0.0130995
428 0.69842 0.0614817 0.0106294
429 0.69842 0.0553747 0.0109684
430 0.69842 0.0634826 0.0113026
431 0.69842 0.0689961 0.0136084
432 0.69842 0.0715584 0.0140152
433 0.69842 0.0707729 0.0154674
434 0.69842 0.0628278 0.0141833
435 0.69842 0.0643046 0.0116346
436 0.69842 0.0682354 0.0145714
437 0.69842 0.0563039 0.0121243
438 0.69842 0.0713514 0.0159319
439 0.69842 0.0628717 0.0140357
440 0.69842 0.0646333 0.0125407
441 0.69842 0.0616432 0.0130528
442 0.69842 0.0622205 0.0124358
443 0.69842 0.0560713 0.0119346
444 0.69842 0.0641251 0.0130971
445 0.69842 0.0449837 0.0085647
446 0.69842 0.0529762 0.00980726
447 0.69842 0.0496422 0.00932758
448 0.69842 0.0683241 0.0132016
449 0.69842 0.0597254 0.0105841
450 0.69842 0.0491593 0.0100601
451 0.69842 0.0700091 0.0145097
452 0.69842 0.060948 0.0108545
453 0.69842 0.0627507 0.0132787
454 0.69842 0.0606911 0.012242
455 0.69842 0.0501001 0.0089462
456 0.69842 0.0557401 0.0116031
457 0.69842 0.0557457 0.011385
458 0.69842 0.0661114 0.0136084
459 0.69842 0.0553295 0.0117411
460 0.69842 0.0610334 0.0121803
461 0.69842 0.0678852 0.014673
462 0.69842 0.0708831 0.0163248
463 0.69842 0.0553902 0.0120443
464 0.69842 0.0585226 0.0135242
465 0.69842 0.0523499 0.00919656
466 0.69842 0.0577709 0.00889586
467 0.69842 0.0627678 0.0124676
468 0.69842 0.0502115 0.00799679
469 0.69842 0.0681145 0.0116609
470 0.69842 0.06039 0.0116775
471 0.69842 0.0550048 0.00985414
472 0.69842 0.0564277 0.0108636
473 0.69842 0.0535748 0.0100768
474 0.69842 0.0595849 0.0135027
475 0.69842 0.0628269 0.0134242
476 0.69842 0.0550646 0.0109174
477 0.69842 0.0582411 0.0103327
478 0.69842 0.0667668 0.0135561
479 0.69842 0.0631456 0.0137535
480 0.69842 0.0722591 0.0160677
481 0.69842 0.0656806 0.0122877
482 0.69842 0.057201 0.00966351
483 0.69842 0.0629685 0.0112563
484 0.69842 0.0563534 0.0107547
485 0.69842 0.0547297 0.00975357
486 0.69842 0.0553474 0.0101136
487 0.69842 0.0575002 0.00945486
488 0.69842 0.0553729 0.00898642
489 0.74604 0.06139 0.0129346
490 0.74604 0.0685956 0.0145521
491 0.75405 0.0565185 0.01386
492 0.75405 0.0561175 0.0119596
493 0.75405 0.0573094 0.0103826
494 0.75405 0.0559245 0.0103336
495 0.75405 0.0584769 0.0114269
496 0.75405 0.0601451 0.0108249
497 0.75405 0.050039 0.00920599
498 0.75405 0.0535608 0.00862075
499 0.75405 0.0455912 0.00799577
500 0.75405 0.0608947 0.0122817
501 0.75405 0.0640765 0.0125999
502 0.75405 0.0574573 0.0109334
503 0.75405 0.0622697 0.0125948
504 0.75405 0.0608686 0.0126364
505 0.75405 0.059392 0.0113756
506 0.75405 0.0772707 0.0157094
507 0.75405 0.0613028 0.0127226
508 0.75405 0.0537571 0.0106995
509 0.75405 0.0617015 0.0145761
510 0.86065 0.0662547 0.0167482
511 1.01 0.0695857 0.0184647
511 0.69254 0.0574578 0.012973
512 0.80778 0.0668531 0.0145304
513 0.80778 0.067698 0.012964
514 0.80778 0.0639394 0.014043
515 0.80778 0.0477117 0.00807158
516 0.80778 0.0535146 0.00753321
517 0.80778 0.0549875 0.0117282
518 0.80778 0.0682802 0.0135191
519 0.80778 0.0565447 0.0106963
520 0.80778 0.0593355 0.0107522
521 0.80778 0.0612653 0.0118048
522 0.80778 0.0722742 0.0152062
523 0.80778 0.0663321 0.0147038
524 0.80778 0.0679823 0.0131138
525 0.80778 0.0637197 0.012808
526 0.80778 0.0609609 0.01358
527 0.80778 0.0682418 0.0129167
528 0.80778 0.0642086 0.013589
529 0.80778 0.0689719 0.013681
530 0.80778 0.078984 0.0155352
531 0.80778 0.0640737 0.0127082
532 0.99458 0.0733428 0.0175567
533 1.02 0.0743988 0.0207742
533 1 0.0699683 0.0163503
533 0.57828 0.0750974 0.0170838
534 1.01 0.0617057 0.0182613
534 1.01 0.0632958 0.019522
534 1.01 0.064595 0.0183855
534 1.02 0.0757557 0.0210236
534 1.01 0.0687727 0.0225303
534 1.01 0.0567939 0.0136917
534 1.01 0.0664955 0.0173607
534 1.02 0.0821347 0.0254124
535 1.02 0.0644205 0.01735
536 1.02 0.0736678 0.0227455
537 1.02 0.0744708 0.0220931
538 1.02 0.0646799 0.019094
539 1.02 0.0627188 0.0148047
540 1.02 0.0584176 0.0123354
541 1.02 0.0665234 0.0211722
542 1.02 0.0831897 0.0291471
543 1.02 0.065234 0.0186675
544 1.02 0.0531242 0.0120486
545 1.02 0.0585645 0.00996153
546 1.02 0.0784497 0.0172014
547 1.02 0.0707382 0.0269097
548 1.02 0.0679123 0.0175345
549 1.02 0.0719245 0.014714
550 1.02 0.0751525 0.0201328
551 1.02 0.0832999 0.0184964
552 1.02 0.0613432 0.0165676
553 1.02 0.0791447 0.0288705
554 1.02 0.0760581 0.0282834
555 1.02 0.0778053 0.0303029
556 1.02 0.0806725 0.0360647
557 1.02 0.087462 0.0394349
558 1.02 0.0747024 0.0259699
559 1.02 0.0717684 0.0225168
560 1.02 0.0771602 0.0226214
561 1.02 0.0840338 0.0325291
562 1.02 0.0648083 0.0179482
563 1.02 0.0658804 0.0163428
564 1.02 0.0505383 0.00891406
565 1.02 0.0656979 0.0195619
566 1.02 0.0747834 0.0254117
567 1.02 0.065297 0.018745
568 1.02 0.0623409 0.0154506
569 1.02 0.0654994 0.018936
570 1.02 0.0705979 0.0200853
571 1.02 0.0680123 0.0252487
572 1.02 0.072776 0.0250844
573 1.02 0.0701599 0.0249347
574 1.02 0.0807136 0.032462
575 1.02 0.0650435 0.019936
576 1.02 0.059393 0.0154494
577 1.02 0.0689456 0.020704
578 1.02 0.0624931 0.0199509
579 1.02 0.0575388 0.016981
580 1.02 0.0556151 0.00983939
581 1.02 0.0671234 0.0184824
582 1.02 0.0585182 0.01232
583 1.02 0.0716899 0.0124644
584 1.02 0.0579116 0.0113853
585 1.02 0.05535 0.0107991
586 1.02 0.0648905 0.0161965
587 1.02 0.0611711 0.0154676
588 1.02 0.0572282 0.0127292
589 1.02 0.0702952 0.017596
590 1.02 0.0668483 0.0122441
591 1.02 0.0521739 0.0086686
592 1.02 0.0558987 0.0101865
593 1.02 0.044894 0.00699704
594 1.02 0.0593305 0.0105639
595 1.02 0.0512014 0.00910143
596 1.02 0.0552158 0.00923867
597 1.02 0.062494 0.013085
598 1.02 0.058868 0.0113783
599 1.02 0.0613845 0.0119306
600 1.02 0.0594775 0.010344
601 1.02 0.0627026 0.0165697
602 1.02 0.0697977 0.0225622
603 1.02 0.0767543 0.0225219
604 1.02 0.0834312 0.0193565
605 1.02 0.0753011 0.0182784
606 1.02 0.058002 0.0110113
607 1.02 0.0600647 0.00970155
608 1.02 0.0588951 0.0102075
609 1.02 0.0466591 0.00695839
610 1.02 0.0649893 0.0172987
611 1.02 0.0625663 0.0189696
612 1.02 0.0558633 0.0108448
613 1.02 0.0571639 0.016442
614 1.02 0.0626585 0.0162537
615 1.02 0.0685103 0.0198718
616 1.02 0.0834819 0.0199366
617 1.02 0.0674951 0.0198764
618 1.02 0.0784225 0.0198446
619 1.02 0.0725337 0.0179759
620 1.02 0.0698196 0.0188202
621 1.02 0.0618287 0.00996713
622 1.02 0.0657038 0.0152628
623 1.02 0.0591835 0.0168417
624 1.02 0.0601591 0.0174532
625 1.02 0.066222 0.0224203
626 1.02 0.0794496 0.0277823
627 1.02 0.0549614 0.0167244
628 1.02 0.0722869 0.0217342
629 1.02 0.0721871 0.0191843
630 1.02 0.0586522 0.0142721
631 1.02 0.0677088 0.0157345
632 1.02 0.0684302 0.0151047
633 1.02 0.0520877 0.0141315
634 1.02 0.0689095 0.0163255
635 1.02 0.064026 0.0179173
636 1.02 0.0658603 0.0167509
637 1.02 0.063943 0.0122504
638 1.02 0.0572008 0.0107494
639 1.02 0.0578868 0.00923352
640 1.02 0.0501313 0.00673117
641 1.02 0.0648227 0.0110736
642 1.02 0.049278 0.00946014
643 1.02 0.0572823 0.0101023
644 1.02 0.0635551 0.0138687
645 1.02 0.0599438 0.0114294
646 1.02 0.060347 0.0167239
647 1.02 0.0661561 0.0122507
648 1.02 0.063909 0.0190106
649 1.02 0.0590132 0.0144453
650 1.02 0.0607082 0.0101194
651 1.02 0.052942 0.0142447
652 1.02 0.0670917 0.0181517
653 1.02 0.0482744 0.00849211
654 1.02 0.0615128 0.013141
655 1.02 0.0590895 0.0169125
656 1.02 0.0533332 0.00845788
657 1.02 0.0627256 0.0138596
658 1.02 0.0641191 0.0147418
659 1.02 0.0599347 0.0185939
660 1.02 0.0617956 0.014483
661 1.02 0.0669394 0.0168052
662 1.02 0.0593873 0.0102079
663 1.02 0.0784648 0.025183
664 1.02 0.0786712 0.0210488
665 1.02 0.0882323 0.0268524
666 1.02 0.0618895 0.015395
667 1.02 0.075856 0.0242499
668 1.02 0.0630332 0.0131272
669 1.02 0.0730391 0.0180231
670 1.02 0.0711722 0.0276495
671 1.02 0.0724587 0.0201457
672 1.02 0.0740105 0.0233917
673 1.02 0.0704639 0.0203394
674 1.02 0.0588392 0.0138545
675 1.02 0.0742177 0.0224839
676 1.02 0.0712444 0.0236983
677 1.02 0.0727225 0.0190762
678 1.02 0.0686077 0.0194886
679 1.02 0.0777348 0.0184004
680 1.02 0.0627475 0.0155378
681 1.02 0.0592297 0.0113425
682 1.02 0.0424191 0.00872867
683 1.02 0.057139 0.0114764
684 1.02 0.0535737 0.0114718
685 1.02 0.0735199 0.0219144
686 1.02 0.0569635 0.012963
687 1.02 0.053341 0.00948269
688 1.02 0.05077 0.00989601
689 1.02 0.0530378 0.00963598
690 1.02 0.0540251 0.0093766
691 1.02 0.0532116 0.00907728
692 1.02 0.0510091 0.00790375
693 1.02 0.0409646 0.00562518
694 1.02 0.0523669 0.00862233
695 1.02 0.0419771 0.0062772
696 1.02 0.0537288 0.0079765
697 1.02 0.0533905 0.00886332
698 1.02 0.0680258 0.0131007
699 1.02 0.0518247 0.00923656
700 1.02 0.0579973 0.0103053
701 1.02 0.0644457 0.0117187
702 1.02 0.0529585 0.0105934
703 1.02 0.0576371 0.0106215
704 1.02 0.0625105 0.0124723
705 1.02 0.056044 0.0102207
706 1.02 0.0655038 0.0103205
707 1.02 0.0487518 0.00958309
708 1.02 0.0622612 0.0130213
709 1.02 0.0620411 0.0121389
710 1.02 0.0606909 0.0114188
711 1.02 0.064678 0.0136314
712 1.02 0.0588127 0.0111298
713 1.02 0.060804 0.0119911
714 1.02 0.0527512 0.00918198
715 1.02 0.0614833 0.0118907
716 1.02 0.0536785 0.0103264
717 1.02 0.0551645 0.0107159
718 1.02 0.0607481 0.0116528
719 1.02 0.0574307 0.0104986
720 1.02 0.0504355 0.0110979
721 1.02 0.0590969 0.0116819
722 1.02 0.0533168 0.0126604
723 1.02 0.0571527 0.0139
724 1.02 0.0600706 0.0114621
725 1.02 0.0543503 0.0106132
726 1.02 0.0509436 0.00829436
727 1.02 0.0470818 0.00564024
728 1.02 0.05767 0.0103518
729 1.02 0.0461107 0.0120491
730 1.02 0.0486718 0.00753403
731 1.02 0.0404894 0.00670979
732 1.02 0.0429649 0.00607808
733 1.02 0.0518915 0.00775747
734 1.02 0.0466601 0.00736725
735 1.02 0.0422781 0.00634331
736 1.02 0.0480737 0.00801773
737 1.02 0.0410203 0.00654477
738 1.02 0.0506502 0.00749215
739 1.02 0.036705 0.00483937
740 1.02 0.0399721 0.00448052
741 1.02 0.0481655 0.00822631
742 1.02 0.0451499 0.00785938
743 1.02 0.0512462 0.00734427
744 1.02 0.0453966 0.0076369
745 1.02 0.0543713 0.0134004
746 1.02 0.0513729 0.00994843
747 1.02 0.0575579 0.0137881
748 1.02 0.0505388 0.0113668
749 1.02 0.0442253 0.00794722
750 1.02 0.0453637 0.00913334
751 1.02 0.0579183 0.00997702
752 1.02 0.0556314 0.0103369
753 1.02 0.0480179 0.00733919
754 1.02 0.0540084 0.01072
755 1.02 0.0626828 0.0116507
756 1.02 0.0518021 0.00865678
757 1.02 0.0554624 0.00909606
758 1.02 0.054021 0.00944397
759 1.02 0.0525954 0.0087783
760 1.02 0.0638353 0.0106025
761 1.02 0.0481477 0.00770285
762 1.02 0.0534989 0.00853657
763 1.02 0.0525375 0.0095312
764 1.02 0.057222 0.00845852
765 1.02 0.0563413 0.0100728
766 1.02 0.0607995 0.00941622
767 1.02 0.0580894 0.0109686
768 1.02 0.0494145 0.00746742
769 1.02 0.0538849 0.0100972
770 1.02 0.044408 0.0063125
771 1.02 0.0435502 0.00610491
772 1.02 0.0468307 0.00753802
773 1.02 0.0539287 0.0082787
774 1.02 0.0497141 0.00686951
775 1.02 0.0521043 0.00775918
776 1.02 0.0569242 0.00985249
777 1.02 0.046925 0.00710663
778 1.02 0.0484119 0.00752073
779 1.02 0.0538787 0.00906254
780 1.02 0.0470691 0.00740028
781 1.02 0.0615366 0.01055
782 1.02 0.052186 0.0090448
783 1.02 0.0526202 0.00876463
784 1.02 0.0493967 0.00795096
785 1.02 0.074217 0.0126895
786 1.02 0.0725863 0.0143753
787 1.02 0.0600131 0.0116801
788 1.02 0.0470397 0.0093214
789 1.02 0.0557068 0.00957721
790 1.02 0.0640098 0.0141606
791 1.02 0.0678782 0.0161554
792 1.02 0.0620644 0.0179417
793 1.02 0.0763983 0.020082
794 1.02 0.0599663 0.0115351
795 1.02 0.0490853 0.00869579
796 1.02 0.057562 0.0103675
797 1.02 0.0609334 0.0126098
798 1.02 0.0641049 0.0150503
799 1.02 0.063577 0.0134362
800 1.02 0.0662177 0.0202244
801 1.02 0.0704856 0.0200392
802 1.02 0.0601854 0.0117822
803 1.02 0.0675553 0.016918
804 1.02 0.0629413 0.0114845
805 1.02 0.0590985 0.0114132
806 1.02 0.0651411 0.0128271
807 1.02 0.058023 0.0112168
808 1.02 0.0520715 0.00771398
809 1.02 0.0660184 0.0136225
810 1.02 0.0513206 0.00784867
811 1.02 0.0571713 0.00912955
812 1.02 0.0533902 0.0107432
813 1.02 0.0532691 0.00966753
814 1.02 0.0575087 0.00978719
815 1.02 0.0524865 0.00928851
816 1.02 0.0498424 0.0122938
817 1.02 0.0555495 0.00914186
818 1.02 0.0560197 0.00871646
819 1.02 0.0607153 0.0102453
820 1.02 0.0553007 0.0126139
821 1.02 0.0519293 0.00980897
822 1.02 0.0488547 0.0084913
823 1.02 0.0506022 0.00917364
824 1.02 0.0635475 0.0110496
825 1.02 0.0460033 0.00744007
826 1.02 0.0501844 0.00760836
827 1.02 0.0596187 0.0104476
828 1.02 0.0572851 0.00984655
829 1.02 0.0453025 0.00686703
830 1.02 0.0530053 0.00774249
831 1.02 0.0559244 0.0109917
832 1.02 0.0534183 0.00879015
833 1.02 0.050159 0.00773293
834 1.02 0.0486915 0.00757031
835 1.02 0.0511984 0.00788375
836 1.02 0.0471411 0.00702793
837 1.02 0.0564723 0.00943479
838 1.02 0.0511372 0.00899919
839 1.02 0.0540422 0.00945571
840 1.02 0.0519788 0.00774142
841 1.02 0.0436446 0.00711007
842 1.02 0.0423694 0.00606456
843 1.02 0.0602925 0.0108021
844 1.02 0.0469806 0.00726037
845 1.02 0.0541534 0.00927393
846 1.02 0.0368988 0.00515466
847 1.02 0.0473612 0.0102682
848 1.02 0.0442874 0.00616823
849 1.02 0.0536602 0.00875083
850 1.02 0.0525327 0.0100229
851 1.02 0.0506575 0.00831267
852 1.02 0.0505461 0.00870748
853 1.02 0.0518554 0.00793242
854 1.02 0.0597673 0.00922803
855 1.02 0.0499331 0.00781784
856 1.02 0.055257 0.00886182
857 1.02 0.0526153 0.00896847
858 1.02 0.0393749 0.00529752
859 1.02 0.0530522 0.00748138
860 1.02 0.0470941 0.00594705
861 1.02 0.0424274 0.00578953
862 1.02 0.0545517 0.00791133
863 1.02 0.0480408 0.00744562
864 1.02 0.0542365 0.00782107
865 1.02 0.0524406 0.00813846
866 1.02 0.0547549 0.00928169
867 1.02 0.0518982 0.00838812
868 1.02 0.0473357 0.00709697
869 1.02 0.0439313 0.00700241
870 1.02 0.0489678 0.00790983
871 1.02 0.0529017 0.0090227
872 1.02 0.0449023 0.00682638
873 1.02 0.0486073 0.00647102
874 1.02 0.0447555 0.00657299
875 1.02 0.0485998 0.00649955
876 1.02 0.0475093 0.00704657
877 1.02 0.0533296 0.00795083
878 1.02 0.0499662 0.00849669
879 1.02 0.0394557 0.00518095
880 1.02 0.0388456 0.00561616
881 1.02 0.0496904 0.00822342
882 1.02 0.0461582 0.00781941
883 1.02 0.0444951 0.00776043
884 1.02 0.0497784 0.00932004
885 1.02 0.0479039 0.0079337
886 1.02 0.0471112 0.00864891
887 1.02 0.0473511 0.00738569
888 1.02 0.0411134 0.00662163
889 1.02 0.0396827 0.00656563
890 1.02 0.0469763 0.00773368
891 1.02 0.0368671 0.00590622
892 1.02 0.0375635 0.00478497
893 1.02 0.0398862 0.00597737
894 1.02 0.043654 0.00557317
895 1.02 0.0459005 0.008159
896 1.02 0.0541293 0.00718823
897 1.02 0.0528241 0.00897681
898 1.02 0.0480737 0.00788919
899 1.02 0.0471565 0.00707085
900 1.02 0.058635 0.0105526
901 1.02 0.0458368 0.00752493
902 1.02 0.0392032 0.00685027
903 1.02 0.0591657 0.0110086
904 1.02 0.0507607 0.00984305
905 1.02 0.0438026 0.00679798
906 1.02 0.0518532 0.00870128
907 1.02 0.0392276 0.00519714
908 1.02 0.0445996 0.00749188
909 1.02 0.0454908 0.00741362
910 1.02 0.0602884 0.00931791
911 1.02 0.041522 0.00605162
912 1.02 0.0361428 0.00407193
913 1.02 0.0368242 0.0043906
914 1.02 0.0523848 0.00755377
915 1.02 0.0479786 0.00782442
916 1.02 0.0485113 0.00697914
917 1.02 0.0396695 0.00505604
918 1.02 0.046583 0.00746314
919 1.02 0.0445581 0.00527529
920 1.02 0.0510905 0.00641065
921 1.02 0.0459182 0.00637427
922 1.02 0.0473464 0.0075539
923 1.02 0.0465081 0.00745707
924 1.02 0.0412142 0.00693436
925 1.02 0.0425679 0.00626611
926 1.02 0.0515411 0.00773785
927 1.02 0.0438096 0.00661228
928 1.02 0.0535342 0.00953763
929 1.02 0.0494028 0.00931422
930 1.02 0.0511613 0.00901776
931 1.02 0.0494057 0.00645264
932 1.02 0.0525546 0.0123129
933 1.02 0.0492574 0.00783377
934 1.02 0.0483831 0.0085262
935 1.02 0.053449 0.0080297
936 1.02 0.0475556 0.00814975
937 1.02 0.0573888 0.0095548
938 1.02 0.0599575 0.00919564
939 1.02 0.0440125 0.00694256
940 1.02 0.0602511 0.0101683
941 1.02 0.0540337 0.00844467
942 1.02 0.0446138 0.00726224
943 1.02 0.0471778 0.0081228
944 1.02 0.0478748 0.00602183
945 1.02 0.0419783 0.00659929
946 1.02 0.0387502 0.00483622
947 1.02 0.0522333 0.00911572
948 1.02 0.0542819 0.00834929
949 1.02 0.0493296 0.00735949
950 1.02 0.0460858 0.00777229
951 1.02 0.0540527 0.0120254
952 1.02 0.0445977 0.00763406
953 1.02 0.0545997 0.0102255
954 1.02 0.068484 0.0154053
955 1.02 0.062233 0.0109314
956 1.02 0.0486115 0.00864626
957 1.02 0.0418624 0.0074415
958 1.02 0.0514954 0.00917603
959 1.02 0.0480159 0.00790433
960 1.02 0.0549846 0.0100436
961 1.02 0.0537553 0.0101421
962 1.02 0.0616695 0.0111776
963 1.02 0.064918 0.011923
964 1.02 0.0738449 0.0169364
965 1.02 0.0469772 0.00823314
966 1.02 0.0648033 0.0137099
967 1.02 0.0564206 0.0130438
968 1.02 0.0497728 0.00884611
969 1.02 0.0496017 0.00865988
970 1.02 0.061891 0.0129932
971 1.02 0.0597091 0.0107377
972 1.02 0.0588166 0.0110946
973 1.02 0.0499842 0.00995041
974 1.02 0.0468226 0.00766795
975 1.02 0.0506668 0.00959243
976 1.02 0.0540664 0.0102216
977 1.02 0.0440662 0.00716177
978 1.02 0.0430763 0.00694705
979 1.02 0.0516724 0.00890226
980 1.02 0.0570409 0.0105777
981 1.02 0.0544529 0.010748
982 1.02 0.0549913 0.0113671
983 1.02 0.0587609 0.0117524
984 1.02 0.0560168 0.0103541
985 1.02 0.0514861 0.00849381
986 1.02 0.0518338 0.0083089
987 1.02 0.0539509 0.010715
988 1.02 0.0556306 0.00896553
989 1.02 0.0523343 0.00787552
990 1.02 0.0516301 0.00962308
991 1.02 0.0465741 0.00770436
992 1.02 0.0617402 0.0120552
993 1.02 0.0570959 0.0105261
994 1.02 0.0617643 0.0113827
995 1.02 0.0544606 0.00925404
996 1.02 0.0454596 0.00747349
997 1.02 0.0436188 0.00869226
998 1.02 0.0534492 0.00908245
999 1.02 0.044742 0.00870604
1000 1.02 0.0488534 0.00935371
