0 0.23719 0.0468189 0.00382271
1 0.26108 0.0236416 0.00246161
2 0.26108 0.0191202 0.00157008
3 0.26108 0.0412077 0.00501322
4 0.26108 0.027852 0.00217329
5 0.27265 0.0312632 0.00333639
6 0.27265 0.0203164 0.00178548
7 0.27265 0.0322786 0.00337134
8 0.27265 0.0339092 0.00326418
9 0.27265 0.0237898 0.00242348
10 0.27265 0.0325816 0.00347426
11 0.27551 0.046268 0.00457044
12 0.27551 0.0358607 0.00364941
13 0.27551 0.0381284 0.00421901
14 0.27551 0.0341505 0.00344291
15 0.30152 0.0342044 0.00358388
16 0.30152 0.033926 0.00373092
17 0.30152 0.0327549 0.00362581
18 0.30152 0.0309939 0.00304391
19 0.30152 0.0355457 0.00363653
20 0.30152 0.0389369 0.00450254
21 0.30152 0.0280712 0.00285632
22 0.30152 0.0376329 0.0040068
23 0.33334 0.0388344 0.00425217
24 0.33334 0.0434358 0.0053171
25 0.33334 0.0423647 0.00483484
26 0.33334 0.0391173 0.00407547
27 0.33334 0.0432749 0.00494197
28 0.33334 0.0362719 0.00391931
29 0.3477 0.0390492 0.00461995
30 0.3477 0.0418226 0.00451466
31 0.3477 0.0354033 0.00438381
32 0.41128 0.03941 0.00535862
33 0.45011 0.0396803 0.00566899
34 0.45011 0.0366187 0.00518748
35 0.45011 0.0456303 0.00618289
36 0.45011 0.0384088 0.00532359
37 0.45011 0.0447457 0.00621485
38 0.45011 0.0447803 0.00660032
39 0.45011 0.0478145 0.00703846
40 0.45011 0.0377068 0.00450095
41 0.45011 0.0463117 0.00607257
42 0.45011 0.0438654 0.0061164
43 0.45011 0.0435511 0.0050833
44 0.45011 0.0420328 0.00489142
45 0.45011 0.0587866 0.00720135
46 0.45011 0.0481432 0.00731651
47 0.45011 0.0379433 0.0051586
48 0.45011 0.0493169 0.0067643
49 0.4762 0.0433475 0.0066235
50 0.4762 0.0525609 0.00737924
51 0.4762 0.0511712 0.00921531
52 0.5142 0.0528875 0.00883971
53 0.5142 0.0558146 0.00972025
54 0.5142 0.0472675 0.00811812
55 0.5142 0.0538905 0.00905994
56 0.5142 0.0568135 0.00970539
57 0.5142 0.0496431 0.00812172
58 0.5142 0.0428326 0.00588506
59 0.5142 0.0519907 0.00786674
60 0.5142 0.0522256 0.00854186
61 0.5142 0.0518002 0.00788347
62 0.5142 0.0462532 0.00877029
63 0.5142 0.0535206 0.00874568
64 0.5142 0.0503406 0.0097086
65 0.5142 0.0632662 0.012316
66 0.5142 0.0513592 0.00850012
67 0.5142 0.0485837 0.00754136
68 0.5142 0.0524141 0.00825136
69 0.5142 0.052748 0.00877248
70 0.5142 0.0546586 0.00935286
71 0.5142 0.0524508 0.00881754
72 0.54274 0.0584553 0.00959218
73 0.54274 0.0505265 0.00868157
74 0.54274 0.0479154 0.00794198
75 0.54274 0.0595423 0.0103967
76 0.54274 0.0557524 0.0102934
77 0.54274 0.059272 0.0103075
78 0.54274 0.0605263 0.011373
79 0.54274 0.0585273 0.00981218
80 0.54274 0.0403536 0.00651598
81 0.54274 0.0571979 0.0090595
82 0.54274 0.0516674 0.00762662
83 0.54274 0.057628 0.0107252
84 0.54274 0.0545036 0.00892016
85 0.54274 0.047623 0.00800642
86 0.54274 0.0513214 0.00736587
87 0.54274 0.0480395 0.0084483
88 0.54274 0.054703 0.00997936
89 0.54274 0.0541656 0.00870296
90 0.54274 0.0440664 0.0074854
91 0.54274 0.0422623 0.0067078
92 0.54274 0.0485978 0.00854113
93 0.54274 0.0535458 0.00890148
94 0.54274 0.0530132 0.0102173
95 0.54274 0.0470931 0.00892555
96 0.54274 0.046855 0.00678104
97 0.54274 0.0542323 0.00927222
98 0.54274 0.0566057 0.0115412
99 0.54274 0.0505624 0.0092045
100 0.54274 0.0550509 0.00895933
101 0.54274 0.0554746 0.00978387
102 0.54274 0.060013 0.0113423
103 0.54274 0.0568236 0.0112142
104 0.54274 0.0667751 0.0116373
105 0.54274 0.044496 0.00714822
106 0.54274 0.0485237 0.00728932
107 0.54274 0.0419429 0.00590358
108 0.54274 0.0546242 0.0092929
109 0.54274 0.0489489 0.00990149
110 0.54274 0.055385 0.0113137
111 0.57143 0.0500824 0.00858604
112 0.57143 0.0550858 0.0107003
113 0.57143 0.0617773 0.0115115
114 0.58731 0.0579104 0.0108633
115 0.58731 0.0530311 0.00980069
116 0.58731 0.0501869 0.00891713
117 0.58731 0.0568036 0.0105289
118 0.58731 0.0656917 0.0113691
119 0.58731 0.0659856 0.0122411
120 0.58731 0.0479436 0.00741949
121 0.58731 0.055877 0.00949138
122 0.58731 0.0501169 0.00835178
123 0.58731 0.0647331 0.0125892
124 0.58731 0.0626294 0.0101172
125 0.58731 0.0671673 0.0122544
126 0.58731 0.0617823 0.0104867
127 0.58731 0.0679029 0.0118217
128 0.58731 0.0699912 0.0123068
129 0.58731 0.0643712 0.0111576
130 0.58731 0.0588625 0.0101783
131 0.58731 0.0467064 0.00637304
132 0.58731 0.0654271 0.0104403
133 0.58731 0.0509101 0.00831989
134 0.58731 0.0538241 0.00849233
135 0.58731 0.0503383 0.00822005
136 0.58731 0.0544881 0.00872286
137 0.58731 0.056345 0.0115747
138 0.58731 0.0556005 0.00888807
139 0.58731 0.0541056 0.00899235
140 0.58731 0.0519182 0.00720956
141 0.58731 0.0573643 0.00709322
142 0.58731 0.0545188 0.00791067
143 0.58731 0.0560811 0.00828902
144 0.58731 0.0453669 0.00686749
145 0.58731 0.0531715 0.00928465
146 0.58731 0.0485924 0.00832833
147 0.58731 0.0592609 0.0118039
148 0.58731 0.051343 0.00911173
149 0.58731 0.0530312 0.0105715
150 0.58731 0.059534 0.0112633
151 0.58731 0.0625802 0.0105505
152 0.58731 0.0563135 0.00840638
153 0.58731 0.0521319 0.0100672
154 0.58731 0.0520306 0.00881729
155 0.58731 0.0568731 0.0109591
156 0.58731 0.0542455 0.0085106
157 0.58731 0.0498199 0.00902011
158 0.58731 0.0559748 0.00946247
159 0.58731 0.046016 0.00867375
160 0.58731 0.0664616 0.0119371
161 0.58731 0.0594894 0.0111866
162 0.58731 0.0523067 0.00720385
163 0.58731 0.0518018 0.00970647
164 0.58731 0.0582665 0.00955831
165 0.58731 0.0596601 0.0104423
166 0.58731 0.0464924 0.0076189
167 0.58731 0.0597705 0.010734
168 0.58731 0.0489871 0.00794328
169 0.58731 0.0439737 0.00766507
170 0.58731 0.0472001 0.00706288
171 0.58731 0.0534034 0.00956331
172 0.58731 0.0507494 0.00724382
173 0.58731 0.0502272 0.00755595
174 0.58731 0.0533204 0.010326
175 0.58731 0.059428 0.0102616
176 0.58731 0.0610518 0.0116327
177 0.58731 0.0507267 0.00689214
178 0.58731 0.0675277 0.0114528
179 0.58731 0.0632691 0.0125706
180 0.58731 0.060058 0.011757
181 0.58731 0.0600235 0.0106803
182 0.58731 0.0684451 0.0120597
183 0.58731 0.0657096 0.0132024
184 0.58731 0.0676213 0.0133853
185 0.58731 0.0675768 0.0123238
186 0.58731 0.0533199 0.00920177
187 0.58731 0.0551181 0.0100333
188 0.58731 0.0576514 0.00966339
189 0.58731 0.0697582 0.0143107
190 0.58731 0.045155 0.00696884
191 0.58731 0.0498686 0.00832037
192 0.58731 0.0532223 0.00772708
193 0.58731 0.0507918 0.00757681
194 0.58731 0.0530573 0.00808287
195 0.58731 0.0611475 0.0125835
196 0.58731 0.0609299 0.0108802
197 0.58731 0.0713457 0.0131397
198 0.58731 0.0606514 0.0110577
199 0.58731 0.0658046 0.00936859
200 0.58731 0.06172 0.0113643
201 0.58731 0.0519352 0.00819921
202 0.58731 0.061667 0.0101898
203 0.58731 0.0578641 0.0106042
204 0.58731 0.0505401 0.00974487
205 0.58731 0.0629234 0.0130397
206 0.58731 0.0571376 0.00957865
207 0.58731 0.0557641 0.0100295
208 0.58731 0.0485515 0.00852282
209 1 0.0547975 0.0130777
209 0.4762 0.0574913 0.00949707
210 0.49207 0.0489702 0.00762012
211 0.49207 0.0614352 0.0111031
212 0.49207 0.0490978 0.00913638
213 0.49207 0.0672413 0.0120638
214 0.49207 0.0751416 0.0138936
215 0.49207 0.0718505 0.0135254
216 0.49207 0.0598269 0.0107031
217 0.49207 0.0523624 0.00916983
218 0.54788 0.0593332 0.0122183
219 0.54788 0.0692299 0.0144218
220 0.54788 0.0636634 0.0122298
221 0.54788 0.0674307 0.0118682
222 0.54788 0.0673105 0.01375
223 0.54788 0.055085 0.0109478
224 0.54788 0.0564032 0.0109945
225 0.54788 0.0757266 0.0152961
226 0.54788 0.0759372 0.0142277
227 0.54788 0.0640408 0.0121849
228 0.54788 0.0561135 0.0094783
229 0.54788 0.0632679 0.0118491
230 0.54788 0.0545949 0.00911873
231 0.54788 0.0611427 0.00997363
232 0.54788 0.0516537 0.00812664
233 0.54788 0.0516137 0.00882689
234 0.54788 0.0593937 0.0107935
235 0.54788 0.0542285 0.010701
236 0.54788 0.0640829 0.0120112
237 0.54788 0.0580171 0.0103791
238 0.54788 0.0644424 0.0130145
239 0.54788 0.0640426 0.013791
240 0.54788 0.0554623 0.00871435
241 0.54788 0.0656853 0.0114693
242 0.56087 0.0592698 0.0121925
243 0.56087 0.0522697 0.00971306
244 0.56087 0.0539719 0.00874349
245 0.56087 0.0702774 0.0134345
246 0.56087 0.0554482 0.00961009
247 0.56087 0.0598166 0.00977591
248 0.56087 0.0588343 0.0112481
249 0.56087 0.0537506 0.00986617
250 0.56087 0.0571692 0.0117269
251 0.56087 0.0655415 0.0118177
252 0.56087 0.0581698 0.0132124
253 0.56087 0.0596012 0.0104383
254 0.56087 0.0768882 0.0151522
255 0.56087 0.0633698 0.00998698
256 0.56087 0.0652794 0.0119588
257 0.56087 0.0548749 0.0105493
258 0.56087 0.0621962 0.0108129
259 0.56087 0.076302 0.0156591
260 0.56087 0.0467906 0.00724267
261 0.56087 0.0560664 0.00970367
262 0.56087 0.055909 0.0099529
263 0.56087 0.0570456 0.0122625
264 0.56087 0.0539828 0.00881811
265 0.56087 0.0542489 0.0104208
266 0.69254 0.0555828 0.0105635
267 0.69254 0.0503896 0.00939461
268 0.69254 0.0483979 0.00759984
269 0.69254 0.0394668 0.00470203
270 0.69254 0.0514817 0.00803588
271 0.69254 0.0508933 0.00876562
272 0.69254 0.0454813 0.00562216
273 0.69254 0.0546427 0.00852813
274 0.69254 0.0607605 0.00923485
275 0.69254 0.0589384 0.0102236
276 0.69254 0.0447651 0.00687076
277 0.69254 0.0543313 0.00841287
278 0.69254 0.0528129 0.00775879
279 0.69254 0.0524123 0.0109435
280 0.69254 0.0480073 0.00826882
281 0.69254 0.0569992 0.00896627
282 0.69254 0.0476829 0.00760048
283 0.69254 0.0630402 0.00956843
284 0.69254 0.0454586 0.00764067
285 0.69254 0.04711 0.00678474
286 0.69254 0.0553543 0.0102727
287 0.69254 0.0633163 0.0105902
288 0.69254 0.0597103 0.00838522
289 0.69254 0.0689453 0.0132192
290 0.69254 0.0501267 0.0084206
291 0.69254 0.0579097 0.0101406
292 0.69254 0.0585145 0.00962374
293 0.69254 0.0608723 0.0128424
294 0.69254 0.0496947 0.0115431
295 0.69254 0.0534743 0.00982161
296 0.69254 0.0544824 0.00952899
297 0.69254 0.0508929 0.00976579
298 0.69254 0.052325 0.00879162
299 0.69254 0.0570198 0.00901053
300 0.69254 0.0490963 0.00984991
301 0.69254 0.0475626 0.00676497
302 0.69254 0.0477127 0.00837264
303 0.69254 0.0485571 0.00737925
304 0.69254 0.0500728 0.00892088
305 0.69254 0.0471954 0.0079884
306 0.69254 0.056808 0.00978754
307 0.69254 0.0667115 0.0124076
308 0.69254 0.061987 0.0128988
309 0.69254 0.0519468 0.00816752
310 0.69254 0.0485962 0.00780478
311 0.69254 0.0617303 0.00896714
312 0.69254 0.0501687 0.00925559
313 0.69254 0.0510964 0.00771547
314 0.69254 0.0596904 0.0122339
315 0.69254 0.0416474 0.00611875
316 0.69254 0.0588984 0.0102531
317 0.69254 0.0527406 0.00968062
318 0.69254 0.0620584 0.0118874
319 0.69254 0.0668741 0.0146239
320 0.69254 0.0593219 0.0113906
321 0.69254 0.056735 0.0110592
322 0.69254 0.067017 0.0119292
323 0.69254 0.0515769 0.0107271
324 0.69254 0.049688 0.00931018
325 0.69254 0.0606596 0.0123018
326 0.69254 0.0513616 0.00910796
327 0.69254 0.0755802 0.0133498
328 0.69254 0.0597511 0.0101828
329 0.69254 0.0527431 0.00872353
330 0.69254 0.0583037 0.0101422
331 0.69254 0.0665122 0.0111348
332 0.69254 0.0516526 0.00957494
333 0.69254 0.0546001 0.00874028
334 0.69254 0.0601184 0.0117171
335 0.69254 0.0465264 0.00866208
336 0.69254 0.060973 0.0108138
337 0.69254 0.0600722 0.0108699
338 0.69254 0.0574385 0.0104557
339 0.91477 0.0674851 0.0145501
340 0.91477 0.0569498 0.010118
341 0.91477 0.0626891 0.0112551
342 0.91477 0.058947 0.00974107
343 0.91477 0.0612529 0.00902503
344 0.91477 0.0540175 0.00904076
345 0.91477 0.0506733 0.00815409
346 0.91477 0.0721835 0.0121933
347 0.91477 0.0612738 0.00928113
348 0.91477 0.0491296 0.00646475
349 0.91477 0.0648791 0.0118586
350 0.91477 0.0563166 0.00898118
351 0.91477 0.0666938 0.0109034
352 0.91477 0.0511315 0.00853577
353 0.91477 0.0676909 0.0112777
354 0.91477 0.0538823 0.00937283
355 0.91477 0.0520508 0.00843024
356 0.91477 0.0608082 0.0107464
357 0.91477 0.0580007 0.0105528
358 0.91477 0.0678006 0.0120783
359 0.91477 0.0707168 0.0119566
360 0.91477 0.0653047 0.0116939
361 0.91477 0.0701632 0.0126161
362 0.91477 0.0582251 0.0112377
363 0.91477 0.0740836 0.0143484
364 0.91477 0.0593519 0.0114318
365 0.91477 0.0737392 0.0140275
366 0.91477 0.0688211 0.0135867
367 0.91477 0.0636271 0.0126809
368 0.91477 0.0594534 0.0123804
369 0.91477 0.0628948 0.0113288
370 0.91477 0.0752542 0.014392
371 0.91477 0.0649414 0.0128053
372 0.91477 0.0484199 0.00706703
373 0.91477 0.0719148 0.0163314
374 0.91477 0.0709919 0.0154488
375 0.91477 0.06489 0.0114761
376 0.91477 0.0599569 0.0102224
377 0.91477 0.0629099 0.0126912
378 0.91477 0.0494342 0.00836981
379 0.91477 0.0701104 0.0116542
380 0.91477 0.0707107 0.0123256
381 0.91477 0.0647231 0.0116576
382 0.91477 0.0576365 0.00997828
383 0.91477 0.0682199 0.0142274
384 0.91477 0.0627449 0.0125272
385 0.91477 0.0636489 0.0127152
386 0.91477 0.062865 0.0125989
387 0.91477 0.0687204 0.011273
388 0.91477 0.0634086 0.0125952
389 0.91477 0.0598234 0.00827515
390 0.91477 0.0562848 0.00870556
391 0.91477 0.0668329 0.0113634
392 0.91477 0.0445868 0.00586583
393 0.91477 0.0687115 0.0131959
394 0.91477 0.0595956 0.00978466
395 0.91477 0.0614836 0.0118414
396 0.91477 0.0582643 0.010343
397 0.91477 0.0678807 0.0150441
398 0.91477 0.0545451 0.0082244
399 0.91477 0.0547925 0.00974278
400 0.91477 0.0535826 0.00774138
401 0.91477 0.0579258 0.00993042
402 0.91477 0.04864 0.0087719
403 0.91477 0.0468262 0.00818716
404 0.91477 0.0491588 0.00859185
405 0.91477 0.0675503 0.01441
406 0.91477 0.0585316 0.0117073
407 0.91477 0.0689677 0.0133685
408 0.91477 0.0648251 0.0122204
409 0.91477 0.0617711 0.0116154
410 0.91477 0.0742193 0.015242
411 0.91477 0.0532345 0.0114907
412 0.91477 0.0627681 0.0118591
413 0.91477 0.0659883 0.0107829
414 0.91477 0.0511728 0.00903756
415 0.91477 0.0735567 0.0138875
416 0.91477 0.0599717 0.0105473
417 0.91477 0.0592645 0.0121884
418 0.91477 0.0545667 0.0111265
419 0.91477 0.0609933 0.0101014
420 0.91477 0.0558831 0.0101468
421 0.91477 0.0648439 0.0122716
422 0.91477 0.0597734 0.010189
423 0.91477 0.0622551 0.0122819
424 0.91477 0.0425187 0.00618782
425 0.91477 0.0614738 0.0106195
426 0.91477 0.0505561 0.00882322
427 0.91477 0.0508383 0.0101537
428 0.91477 0.0667022 0.0137252
429 0.91477 0.0519832 0.00824781
430 0.91477 0.0510343 0.00760205
431 0.91477 0.0484189 0.00860499
432 0.91477 0.0493 0.00769715
433 0.91477 0.0577867 0.00981968
434 0.91477 0.0537855 0.00881159
435 0.91477 0.0577583 0.0108907
436 0.91477 0.0611562 0.0108876
437 0.91477 0.0530848 0.00827054
438 0.91477 0.0603485 0.00941682
439 0.91477 0.0603561 0.0115639
440 0.91477 0.0590222 0.0104777
441 0.91477 0.0536418 0.00929867
442 0.91477 0.0589839 0.0110949
443 0.91477 0.0565046 0.0105564
444 0.91477 0.056453 0.00838154
445 0.91477 0.0582474 0.0105539
446 0.91477 0.0560492 0.00996618
447 0.91477 0.0706408 0.0117787
448 0.91477 0.0644906 0.0098068
449 0.91477 0.0529685 0.00871198
450 0.91477 0.0752604 0.0116557
451 0.91477 0.0497238 0.0088018
452 0.91477 0.0572645 0.00983664
453 0.91477 0.066501 0.0136609
454 0.91477 0.0453859 0.00832555
455 0.91477 0.0510801 0.00806126
456 0.91477 0.0582092 0.0114963
457 0.91477 0.0554707 0.0106789
458 0.91477 0.0543807 0.00940139
459 0.91477 0.0537585 0.0103089
460 0.91477 0.0551233 0.0107014
461 0.91477 0.0507455 0.0097601
462 0.91477 0.0689344 0.0130503
463 0.91477 0.0442273 0.00815635
464 0.91477 0.056721 0.0112583
465 0.91477 0.051995 0.0110102
466 0.91477 0.0524927 0.0087693
467 0.91477 0.0504206 0.00872561
468 0.91477 0.0507939 0.00882357
469 0.91477 0.0511375 0.00804733
470 0.91477 0.0574046 0.0105267
471 0.91477 0.0554069 0.0113895
472 0.91477 0.0682751 0.0141049
473 0.91477 0.0662546 0.0132052
474 0.91477 0.0668967 0.0124601
475 0.91477 0.0575009 0.00956487
476 0.91477 0.0608284 0.0113396
477 0.91477 0.0730249 0.0153346
478 0.91477 0.0499346 0.00745672
479 0.91477 0.0534967 0.00980453
480 0.91477 0.0637084 0.0105053
481 0.91477 0.0602466 0.00989632
482 0.91477 0.0637967 0.0111795
483 0.91477 0.0624716 0.0105394
484 0.91477 0.0723414 0.0138113
485 0.91477 0.056417 0.0108782
486 0.91477 0.0666854 0.0128516
487 0.91477 0.0609162 0.0113341
488 0.91477 0.0661116 0.0108348
489 0.91477 0.072084 0.0125777
490 0.91477 0.0602674 0.0108426
491 0.91477 0.0551958 0.0088652
492 0.91477 0.0563708 0.0104084
493 0.91477 0.070548 0.0131818
494 0.91477 0.0591241 0.0103257
495 0.91477 0.0571135 0.00827242
496 0.91477 0.0504925 0.00742289
497 0.91477 0.0555218 0.0107781
498 0.91477 0.0575785 0.0102123
499 0.91477 0.0427788 0.00731443
500 0.91477 0.0520971 0.0082109
501 0.91477 0.0429932 0.00788505
502 0.91477 0.045929 0.00680913
503 0.91477 0.0527293 0.00978884
504 0.91477 0.0605253 0.010492
505 0.91477 0.0548313 0.0100144
506 0.91477 0.0539263 0.00963705
507 0.91477 0.0547694 0.00926046
508 0.91477 0.0575254 0.0105167
509 0.91477 0.0636097 0.0112415
510 0.91477 0.0609086 0.0120125
511 0.91477 0.0640714 0.0104291
512 0.91477 0.0538131 0.00964746
513 0.91477 0.0597342 0.0120858
514 0.91477 0.051344 0.00873671
515 0.91477 0.0550375 0.0108674
516 0.91477 0.0599181 0.0138449
517 0.91477 0.0599999 0.0148076
518 1.02 0.0554172 0.013153
518 0.534 0.0562755 0.00962406
519 0.534 0.0578741 0.00969595
520 0.534 0.0500187 0.00876069
521 0.534 0.0581742 0.0101074
522 0.534 0.071456 0.0135548
523 0.534 0.0683178 0.0136532
524 0.534 0.0588397 0.010694
525 0.534 0.0625266 0.0130333
526 0.534 0.0697103 0.0150921
527 0.534 0.0717127 0.0170846
528 0.534 0.0559276 0.0111031
529 0.534 0.0738729 0.0147365
530 0.60562 0.0457566 0.00884863
531 0.60562 0.0551436 0.00966934
532 0.60562 0.0682814 0.0106998
533 0.60562 0.0447743 0.00871509
534 0.60562 0.0648401 0.0129027
535 0.60562 0.05376 0.00921821
536 0.60562 0.053751 0.0086426
537 0.60562 0.0497406 0.00961767
538 0.60562 0.0562204 0.0105456
539 0.60562 0.0631958 0.0128028
540 0.60562 0.051173 0.0107857
541 0.60562 0.0518344 0.0104309
542 0.60562 0.0610146 0.0110205
543 0.60562 0.0650724 0.0116834
544 0.60562 0.0596516 0.010817
545 0.60562 0.0558908 0.0113963
546 0.60562 0.0660257 0.0123768
547 0.60562 0.0558418 0.0110092
548 0.60562 0.0605775 0.00976764
549 0.90302 0.0629544 0.0144044
550 0.90302 0.0547643 0.0105131
551 0.90302 0.0697823 0.0131373
552 0.90302 0.0593168 0.0110769
553 0.90302 0.0657985 0.0158105
554 0.90302 0.0695516 0.014008
555 0.90302 0.0741563 0.0158686
556 0.90302 0.0618372 0.0119792
557 0.90302 0.0522606 0.00995982
558 0.90302 0.0663601 0.0119041
559 0.90302 0.0599196 0.012858
560 0.90302 0.0543828 0.00945712
561 0.90302 0.0720109 0.0141289
562 0.90302 0.0542618 0.0102655
563 0.90302 0.0606734 0.0116126
564 0.90302 0.0693011 0.0128308
565 0.90302 0.0600433 0.0102256
566 0.90302 0.0575315 0.0115796
567 0.90302 0.0557965 0.0097129
568 0.90302 0.0739223 0.0130673
569 0.90302 0.0531283 0.00852797
570 0.90302 0.0613414 0.00949944
571 0.90302 0.0640977 0.0136497
572 0.90302 0.0570696 0.00960418
573 0.90302 0.0495751 0.00836633
574 0.90302 0.0596828 0.00958612
575 0.90302 0.061772 0.0120148
576 0.90302 0.0643067 0.0126587
577 0.90302 0.054173 0.0104284
578 0.90302 0.0708991 0.0148832
579 0.90302 0.0571825 0.0113369
580 0.90302 0.0541962 0.0116168
581 0.90302 0.0501746 0.009186
582 0.90302 0.0643051 0.0124626
583 0.90302 0.0540325 0.0103497
584 0.90302 0.0525795 0.00934689
585 0.90302 0.0621855 0.0106091
586 0.90302 0.0623986 0.0112136
587 0.90302 0.0628037 0.0123193
588 0.90302 0.054023 0.0105552
589 1 0.0627394 0.0153273
589 0.4762 0.0596366 0.0119013
590 0.50794 0.0620847 0.0126501
591 0.50794 0.0557377 0.0102382
592 0.50794 0.0565566 0.00800875
593 0.50794 0.0547132 0.00948802
594 0.50794 0.0514524 0.00796654
595 0.50794 0.0545348 0.00983009
596 0.54147 0.0594645 0.011744
597 0.54147 0.0550227 0.0114336
598 0.54147 0.0583868 0.00867267
599 0.54147 0.0627153 0.0107201
600 0.75402 0.0705917 0.0170291
601 0.75402 0.0578016 0.010568
602 0.75402 0.0536486 0.0096598
603 0.75402 0.0571157 0.0106713
604 0.75402 0.0743057 0.015
605 0.75402 0.0652553 0.0122869
606 0.75402 0.0506156 0.0103922
607 0.75402 0.0717988 0.0158445
608 0.75402 0.0594314 0.011724
609 0.75402 0.0735459 0.0166523
610 0.75402 0.0576168 0.0105708
611 0.75402 0.0666616 0.0117751
612 0.75402 0.059769 0.0115789
613 0.75402 0.068312 0.0126572
614 0.75402 0.0511755 0.0111406
615 0.75402 0.0730385 0.0148726
616 0.75402 0.0681751 0.0136934
617 0.75402 0.066201 0.0143561
618 0.75402 0.0544996 0.00923296
619 0.75402 0.0553256 0.00990738
620 0.75402 0.066648 0.0130442
621 0.75402 0.0653518 0.0158843
622 0.75402 0.062894 0.0120835
623 0.75402 0.0686234 0.0143294
624 0.75402 0.0624357 0.0128501
625 0.75402 0.0594496 0.0118082
626 0.75402 0.0569265 0.0106663
627 0.80366 0.0560539 0.011909
628 0.80366 0.0763232 0.0171528
629 1 0.0615864 0.0162426
629 0.69254 0.0580385 0.0127037
630 1 0.0640305 0.018542
630 0.4762 0.0489675 0.00865815
631 1.01 0.0581961 0.016053
631 0.57556 0.0616218 0.0129141
632 0.57556 0.0619567 0.0128342
633 0.57556 0.0606314 0.0120913
634 0.57556 0.0540217 0.0117213
635 0.57556 0.0601851 0.010959
636 0.75016 0.0613769 0.0138096
637 0.75016 0.0445139 0.00609606
638 0.75016 0.0508471 0.00914524
639 0.75016 0.0539353 0.00950974
640 1.01 0.0650801 0.0174606
640 1.02 0.0562957 0.0153982
640 0.94064 0.0592009 0.0140027
641 0.94064 0.0502239 0.00912006
642 1.01 0.0618054 0.0162767
642 0.4762 0.0513161 0.00990307
643 0.4762 0.0619782 0.0108335
644 0.4762 0.0551077 0.00884981
645 0.4762 0.0470358 0.00832098
646 0.4762 0.0563481 0.0107971
647 0.4762 0.0579314 0.0114296
648 0.4762 0.0536654 0.00871914
649 0.4762 0.0595429 0.0104071
650 0.4762 0.0542938 0.0110347
651 0.4762 0.0500177 0.00916481
652 1.02 0.0571414 0.0133345
652 0.4762 0.0608295 0.0118621
653 0.4762 0.0486495 0.00900705
654 0.4762 0.0505942 0.00723729
655 0.4762 0.054116 0.00898681
656 0.50679 0.0620405 0.0115294
657 0.50679 0.056321 0.0107729
658 0.52381 0.0660312 0.0129419
659 0.52381 0.0583822 0.0121732
660 0.58731 0.0564378 0.010781
661 0.58731 0.0569577 0.0111576
662 0.58731 0.0781444 0.0163832
663 0.58731 0.0595382 0.0133152
664 0.58731 0.0569263 0.00847325
665 0.58731 0.0552786 0.0105561
666 0.58731 0.0597992 0.010731
667 0.69254 0.0528707 0.0106707
668 0.69254 0.0568202 0.00957744
669 1 0.0738567 0.0182418
670 1 0.0638634 0.0140624
671 1 0.0566263 0.013603
672 1 0.0647956 0.0125101
673 1 0.0556694 0.0108698
674 1 0.0628542 0.0138931
675 1 0.0644725 0.014671
676 1 0.0546324 0.0121491
677 1 0.063705 0.0117484
678 1 0.071073 0.018628
679 1 0.059972 0.0118241
680 1 0.0586201 0.0107844
681 1 0.0580784 0.0106497
682 1 0.0557462 0.0116014
683 1 0.0575089 0.011084
684 1 0.0596959 0.0123785
685 1 0.0669286 0.0105353
686 1 0.0649788 0.0139417
687 1 0.0638342 0.0133423
688 1 0.0566116 0.0114132
689 1 0.0540839 0.0100769
690 1 0.0583353 0.0107433
691 1 0.0555998 0.0109087
692 1 0.0541216 0.0118591
693 1 0.0546139 0.0108946
694 1 0.0556825 0.0113095
695 1 0.0663299 0.0145371
696 1 0.0595916 0.0103322
697 1 0.0640768 0.0122907
698 1 0.0631893 0.0117702
699 1 0.0694342 0.0123338
700 1 0.0553235 0.00947683
701 1 0.0714666 0.0145352
702 1 0.0600398 0.0110191
703 1 0.0641732 0.0128384
704 1 0.0676655 0.0133211
705 1 0.0597395 0.0101459
706 1 0.0673676 0.0118734
707 1 0.055629 0.0102506
708 1 0.0673833 0.0126701
709 1 0.0613099 0.0108364
710 1 0.0657465 0.0125407
711 1 0.0620775 0.00963615
712 1 0.0586213 0.011675
713 1 0.0695161 0.0123737
714 1 0.0753324 0.0156641
715 1 0.0595279 0.0119089
716 1 0.0603115 0.00985004
717 1 0.0576491 0.0107132
718 1 0.0679496 0.0123436
719 1 0.0631279 0.0114558
720 1 0.0645627 0.0115692
721 1 0.0606855 0.0111428
722 1 0.0668073 0.0150668
723 1 0.0578847 0.0105673
724 1 0.0650561 0.0102932
725 1 0.0642172 0.0121017
726 1 0.0764525 0.0139471
727 1 0.0589515 0.0114821
728 1 0.0615549 0.0113764
729 1 0.0746941 0.0162804
730 1 0.0720916 0.0158856
731 1 0.0714854 0.0150776
732 1 0.0862618 0.0165214
733 1 0.0610694 0.0117729
734 1 0.0702791 0.0158908
735 1 0.0829348 0.0155735
736 1 0.0734584 0.0160703
737 1 0.0621446 0.0118351
738 1 0.0647668 0.0130151
739 1 0.0640185 0.0120224
740 1 0.0585132 0.0113383
741 1 0.0645285 0.0121344
742 1 0.0697919 0.0145562
743 1 0.0655487 0.0120416
744 1 0.0634759 0.0108749
745 1 0.0636243 0.012633
746 1 0.061527 0.0122736
747 1 0.0569563 0.00946577
748 1 0.0428062 0.00666194
749 1 0.0558225 0.0103668
750 1 0.0616172 0.0106405
751 1 0.0647534 0.0126709
752 1 0.065266 0.012638
753 1 0.0620348 0.0112334
754 1 0.0698856 0.0129987
755 1 0.0591164 0.00979038
756 1 0.07268 0.0152449
757 1 0.0798189 0.0164372
758 1 0.0590083 0.0126116
759 1 0.0566055 0.0100094
760 1 0.0688307 0.0124396
761 1 0.0572624 0.0111466
762 1 0.0487414 0.00933393
763 1 0.0609627 0.010413
764 1 0.0596984 0.0103168
765 1 0.0661945 0.0129805
766 1 0.0575174 0.00965207
767 1 0.060323 0.0109417
768 1 0.0524843 0.00886505
769 1 0.0678462 0.0141458
770 1 0.0564689 0.00885535
771 1 0.0605805 0.0118499
772 1 0.0531349 0.00964409
773 1 0.0560755 0.0109101
774 1 0.056869 0.0111252
775 1 0.0537414 0.0111123
776 1 0.056967 0.0107732
777 1 0.054982 0.00879046
778 1 0.0516766 0.00912224
779 1 0.0453648 0.00786108
780 1 0.0524715 0.00946774
781 1 0.0612996 0.011869
782 1 0.0637313 0.0120879
783 1 0.054765 0.010137
784 1 0.0628915 0.0120048
785 1 0.058882 0.0113901
786 1 0.0622155 0.0124757
787 1 0.0644889 0.0130194
788 1 0.0468031 0.00767518
789 1 0.0658937 0.0129056
790 1 0.0589238 0.012063
791 1 0.0524083 0.0106023
792 1 0.0459034 0.00799831
793 1 0.0646826 0.0138266
794 1 0.0770465 0.0147033
795 1 0.0662493 0.0160453
796 1 0.0551822 0.0115973
797 1 0.0541363 0.0108925
798 1 0.0692157 0.0132709
799 1 0.0624932 0.0114468
800 1 0.0631256 0.0114452
801 1 0.0615586 0.0120739
802 1 0.0757353 0.0147607
803 1 0.0773537 0.0177475
804 1 0.0589897 0.0100045
805 1 0.0613545 0.011457
806 1 0.061491 0.0106487
807 1 0.0525072 0.0094762
808 1 0.0657484 0.013946
809 1 0.0635502 0.0120586
810 1 0.0535524 0.00955937
811 1 0.0599517 0.0118186
812 1 0.0478888 0.00782392
813 1 0.057755 0.0089958
814 1 0.0629291 0.0120694
815 1 0.0549055 0.00926042
816 1 0.048871 0.0090754
817 1 0.0572287 0.0104168
818 1 0.0556383 0.010856
819 1 0.0460839 0.00825736
820 1 0.0542259 0.00827898
821 1 0.0568989 0.0105537
822 1 0.055257 0.0105118
823 1 0.0525587 0.010131
824 1 0.0589997 0.0115199
825 1 0.0651103 0.0136615
826 1 0.0506694 0.0114713
827 1 0.063507 0.0118698
828 1 0.0720494 0.0143194
829 1 0.05404 0.0114591
830 1 0.0490683 0.0101864
831 1 0.0689723 0.0147654
832 1 0.0540865 0.0122314
833 1 0.0520455 0.0113682
834 1 0.0620352 0.0119909
835 1 0.0571892 0.011052
836 1 0.0467316 0.00857226
837 1 0.0565956 0.0124456
838 1 0.0495068 0.0101893
839 1 0.0606318 0.0123839
840 1 0.0603639 0.0140431
841 1 0.0609563 0.013009
842 1 0.054796 0.011983
843 1 0.0597632 0.0118095
844 1 0.0566882 0.0141523
845 1 0.0657887 0.0142646
846 1 0.0650365 0.0136439
847 1 0.0732134 0.0162953
848 1 0.0659767 0.0124614
849 1 0.0654459 0.0146654
850 1 0.0582078 0.0130545
851 1 0.0614118 0.0138681
852 1 0.07223 0.016292
853 1 0.06087 0.0106066
854 1 0.0659452 0.0141936
855 1 0.0665642 0.012235
856 1 0.0636066 0.0132968
857 1 0.0628439 0.0119462
858 1 0.0733735 0.015633
859 1 0.0820518 0.0169475
860 1 0.0651903 0.0116455
861 1 0.0600563 0.0113494
862 1 0.0674288 0.0154928
863 1 0.0726842 0.014404
864 1 0.0655243 0.013348
865 1 0.0701233 0.0149464
866 1 0.0620549 0.010847
867 1 0.063484 0.0117005
868 1 0.0513943 0.00903135
869 1 0.057407 0.010137
870 1 0.058101 0.010303
871 1 0.0622874 0.0137273
872 1 0.053185 0.00907948
873 1 0.074109 0.0140819
874 1 0.0560088 0.0131249
875 1 0.0646757 0.0139604
876 1 0.0497462 0.00931943
877 1 0.0449956 0.00712461
878 1 0.0544833 0.00984038
879 1 0.0629913 0.0109228
880 1 0.058288 0.010474
881 1 0.0567121 0.0100821
882 1 0.0538512 0.0104305
883 1 0.0558443 0.0100946
884 1 0.0539729 0.0084603
885 1 0.0637217 0.0103215
886 1 0.0516448 0.00831085
887 1 0.0473607 0.00862543
888 1 0.0582172 0.0103462
889 1 0.0543262 0.00922751
890 1 0.0547755 0.00921459
891 1 0.0507144 0.00795111
892 1 0.0573093 0.00984867
893 1 0.0596005 0.010592
894 1 0.0533681 0.00819338
895 1 0.0567477 0.00972594
896 1 0.0683873 0.0113176
897 1 0.0677013 0.0116741
898 1 0.0588119 0.0109652
899 1 0.0625019 0.010961
900 1 0.0587801 0.0108648
901 1 0.0578543 0.0101727
902 1 0.0585303 0.0108741
903 1 0.0605071 0.0115142
904 1 0.0550678 0.00768415
905 1 0.0483761 0.00867241
906 1 0.0582994 0.010959
907 1 0.0449425 0.00618271
908 1 0.0543082 0.00872178
909 1 0.0654898 0.0133532
910 1 0.0576464 0.00891752
911 1 0.048698 0.00755783
912 1 0.0521974 0.00821286
913 1 0.047797 0.00687428
914 1 0.0491214 0.00835929
915 1 0.0504536 0.00916086
916 1 0.0509161 0.00755387
917 1 0.037907 0.00676059
918 1 0.056786 0.00873293
919 1 0.0427764 0.00677987
920 1 0.0631146 0.0119609
921 1 0.0467319 0.0064894
922 1 0.0485537 0.00780366
923 1 0.0687504 0.0118193
924 1 0.0612369 0.0119041
925 1 0.0567652 0.0110969
926 1 0.056973 0.0111638
927 1 0.0607639 0.0124858
928 1 0.0625518 0.0130116
929 1 0.0669105 0.015041
930 1 0.0608499 0.0113776
931 1 0.0538229 0.00880877
932 1 0.0575446 0.0112925
933 1 0.0693142 0.0135153
934 1 0.059422 0.010823
935 1 0.0490844 0.00680378
936 1 0.0525898 0.0092257
937 1 0.0530894 0.00874502
938 1 0.0556393 0.0113769
939 1 0.0480244 0.00856131
940 1 0.0563407 0.00993753
941 1 0.0626367 0.0114144
942 1 0.0676268 0.0137699
943 1 0.0668064 0.0131119
944 1 0.0579295 0.0116373
945 1 0.0595636 0.012223
946 1 0.0663338 0.0129818
947 1 0.0823856 0.0156342
948 1 0.0713732 0.013941
949 1 0.0686018 0.0116901
950 1 0.0784977 0.0141458
951 1 0.0643469 0.0122479
952 1 0.0678702 0.0128575
953 1 0.0634696 0.0114628
954 1 0.0633218 0.0141113
955 1 0.0607267 0.0119103
956 1 0.0621898 0.0124826
957 1 0.0757499 0.0147102
958 1 0.0674143 0.0133088
959 1 0.0643096 0.0135819
960 1 0.0682512 0.0108687
961 1 0.0690717 0.0126542
962 1 0.0709969 0.0146868
963 1 0.068283 0.0153044
964 1 0.065687 0.0124615
965 1 0.0655898 0.0133842
966 1 0.0745488 0.0152058
967 1 0.0556568 0.0099029
968 1 0.0573167 0.0119237
969 1 0.073068 0.0167774
970 1 0.0644391 0.0101722
971 1 0.0636366 0.0123835
972 1 0.0576801 0.0119394
973 1 0.0631236 0.0138416
974 1 0.0845589 0.0177006
975 1 0.0633689 0.0135756
976 1 0.0567889 0.0118966
977 1 0.051272 0.00986835
978 1 0.060458 0.0116085
979 1 0.0550211 0.00864912
980 1 0.0609477 0.0104647
981 1 0.0674908 0.0134448
982 1 0.0608888 0.0106771
983 1 0.0601782 0.0128189
984 1 0.0764832 0.017526
985 1 0.0527921 0.00886733
986 1 0.0677385 0.0159436
987 1 0.0622588 0.0125522
988 1 0.0574189 0.0105707
989 1 0.0622281 0.0115575
990 1 0.057042 0.0102044
991 1 0.051099 0.0101799
992 1 0.047989 0.00745208
993 1 0.0517688 0.0103101
994 1 0.0563876 0.0126069
995 1 0.0545863 0.0101937
996 1 0.0652878 0.0106056
997 1 0.0663757 0.013974
998 1 0.0622102 0.0128151
999 1 0.0637398 0.0146703
1000 1 0.0666416 0.0131649
