0 0.20325 0.0297134 0.00241828
1 0.2115 0.0222223 0.00188088
2 0.26129 0.0229095 0.00200768
3 0.26129 0.035361 0.00388834
4 0.28342 0.0270748 0.0026115
5 0.28342 0.0278081 0.00237278
6 0.28342 0.0213422 0.00236085
7 0.28342 0.0267685 0.00271552
8 0.28342 0.0273988 0.00278733
9 0.28992 0.0355628 0.0045325
10 0.33261 0.0344102 0.00382483
11 0.33261 0.0332921 0.00316805
12 0.33261 0.0339023 0.00316982
13 0.33261 0.0322043 0.00307013
14 0.33261 0.0313802 0.0029927
15 0.33261 0.0250389 0.0023066
16 0.33261 0.0386297 0.00357219
17 0.33261 0.03406 0.00344211
18 0.33261 0.0351653 0.00405463
19 0.33261 0.0325305 0.00334593
20 0.33261 0.0410337 0.00423244
21 0.33261 0.0309409 0.003426
22 0.33261 0.0362814 0.00375091
23 0.33261 0.0371184 0.00404831
24 0.35996 0.0322084 0.00374491
25 0.35996 0.0340128 0.00316499
26 0.35996 0.0328815 0.00362232
27 0.35996 0.0335492 0.00323576
28 0.35996 0.0353002 0.00369481
29 0.35996 0.037615 0.00407856
30 0.35996 0.0380697 0.00403957
31 0.35996 0.0401626 0.00422989
32 0.35996 0.038227 0.00357161
33 0.35996 0.0351037 0.00397474
34 0.35996 0.0341539 0.00387439
35 0.35996 0.0259972 0.00247613
36 0.35996 0.041504 0.00463186
37 0.36663 0.0393257 0.00452151
38 0.36663 0.0300971 0.0030384
39 0.36663 0.0380772 0.00372475
40 0.36663 0.0347702 0.00337136
41 0.36663 0.0347436 0.00367487
42 0.36663 0.0308842 0.00295698
43 0.36663 0.0414714 0.00476511
44 0.36663 0.0342309 0.00345676
45 0.36663 0.0361026 0.00404194
46 0.36663 0.0429175 0.00453996
47 0.36663 0.0433034 0.0043187
48 0.36663 0.0450101 0.0053163
49 0.36663 0.0333861 0.0037244
50 0.36663 0.0367547 0.00383548
51 0.36663 0.0306661 0.00301638
52 0.36663 0.0343478 0.00356602
53 0.36663 0.0386431 0.0042064
54 0.36663 0.0353686 0.00363821
55 0.36663 0.0344045 0.00368245
56 0.36663 0.0358674 0.00360413
57 0.36663 0.032379 0.00375858
58 0.36663 0.036441 0.00374945
59 0.36663 0.0340416 0.00380048
60 0.36663 0.0399037 0.00444502
61 0.36663 0.0497394 0.00602845
62 0.36663 0.0417256 0.00449249
63 0.36663 0.0460435 0.00511998
64 0.36663 0.0373994 0.00386363
65 0.36663 0.0504591 0.00541485
66 0.36663 0.0446091 0.00487401
67 0.36663 0.0440217 0.00465777
68 0.36663 0.0364635 0.00356137
69 0.36663 0.0404294 0.00509859
70 0.36663 0.0435262 0.00516551
71 0.43915 0.0486408 0.00581193
72 0.43915 0.0411081 0.00415827
73 0.43915 0.0423188 0.00475519
74 0.43915 0.0358417 0.00395098
75 0.43915 0.0494981 0.00543377
76 0.43915 0.0457154 0.0047585
77 0.52192 0.0489644 0.00576997
78 0.52192 0.0424093 0.0043866
79 0.52192 0.054196 0.00587026
80 0.52192 0.0352706 0.00368278
81 0.52192 0.033782 0.00388529
82 0.52192 0.0430989 0.00426551
83 0.52192 0.0379189 0.0041569
84 0.52192 0.0455835 0.00519579
85 0.52192 0.0463229 0.00525925
86 0.52192 0.0414015 0.00461254
87 0.52192 0.0405055 0.00465533
88 0.52192 0.0436597 0.0061599
89 0.52192 0.0425343 0.00525812
90 0.52192 0.0511706 0.00636617
91 0.52192 0.0543571 0.00825369
92 0.52192 0.051277 0.00663678
93 0.52192 0.0467572 0.00571406
94 0.52192 0.0457524 0.00514229
95 0.52192 0.0452416 0.00529109
96 0.52192 0.0362332 0.00439318
97 0.52192 0.0364931 0.00515526
98 0.54634 0.0555347 0.0092086
99 0.54634 0.0596291 0.00895696
100 0.54634 0.0491346 0.0075336
101 0.55862 0.0610725 0.00908433
102 0.55862 0.047167 0.00730571
103 0.55862 0.0540661 0.0075262
104 0.55862 0.0501281 0.00624183
105 0.55862 0.0531547 0.0075647
106 0.55862 0.0529188 0.00748212
107 0.55862 0.0495715 0.00620003
108 0.55862 0.0423675 0.00508037
109 0.55862 0.0411391 0.00621498
110 0.55862 0.0561077 0.00803414
111 0.55862 0.046694 0.00730513
112 0.55862 0.0532834 0.00782845
113 0.55862 0.050321 0.00839211
114 0.58143 0.0496774 0.00662969
115 0.58143 0.0390141 0.00440578
116 0.58143 0.0600779 0.0082133
117 0.58143 0.0481473 0.00568712
118 0.58143 0.0447158 0.00684965
119 0.58143 0.0473269 0.00723312
120 0.58143 0.055948 0.00819336
121 0.58143 0.0596416 0.00970102
122 0.58143 0.0619814 0.0101927
123 0.58143 0.0594971 0.00941812
124 0.58143 0.0696163 0.0121229
125 0.58143 0.0547004 0.00795594
126 0.58143 0.0548861 0.00983192
127 0.58143 0.053707 0.00866778
128 0.58143 0.052026 0.00844748
129 0.58143 0.0588069 0.0107441
130 0.58143 0.0471047 0.00873793
131 0.58143 0.0681896 0.0116818
132 0.58143 0.0480424 0.0089609
133 0.58143 0.0594963 0.00989502
134 0.58143 0.0535 0.00862402
135 0.58143 0.0514964 0.00788456
136 0.58143 0.0593489 0.00991615
137 0.58143 0.0593736 0.0112831
138 0.58143 0.0544742 0.00909219
139 0.58143 0.0577716 0.0111063
140 0.58143 0.0555547 0.0113353
141 0.58143 0.0512798 0.00807912
142 0.58143 0.0562276 0.0103504
143 0.58143 0.056145 0.00980111
144 0.58143 0.0516149 0.00985992
145 0.58143 0.0522202 0.00864538
146 0.58143 0.0481198 0.00898873
147 0.58143 0.0527284 0.00924932
148 0.58143 0.0525168 0.0102395
149 0.58143 0.0533636 0.00974273
150 0.58143 0.0442901 0.00765882
151 0.58143 0.0486688 0.00738048
152 0.58143 0.0443313 0.00849718
153 0.58143 0.0493293 0.0078252
154 0.58143 0.0573377 0.00943517
155 0.58143 0.0566934 0.0103333
156 0.58143 0.060969 0.0114287
157 0.58143 0.0516697 0.0096592
158 0.58143 0.0537883 0.00979904
159 0.58143 0.0506568 0.00747078
160 0.58143 0.051879 0.0101027
161 0.58143 0.0664046 0.0122759
162 0.58143 0.05095 0.0100207
163 0.58143 0.0478898 0.00739094
164 0.58143 0.0505688 0.00974383
165 0.58143 0.0550483 0.0109593
166 0.58143 0.0634638 0.011309
167 0.58143 0.0601152 0.0118049
168 0.58143 0.0579337 0.0108266
169 0.58143 0.0570395 0.0111682
170 0.58143 0.060344 0.0114303
171 0.61675 0.0455419 0.00885023
172 0.61675 0.0554215 0.0106784
173 0.61675 0.0707942 0.0141943
174 0.61675 0.0634696 0.0127384
175 0.61675 0.0728516 0.0161047
176 0.61675 0.0655219 0.0138479
177 0.61675 0.0652168 0.0127782
178 0.61675 0.0659262 0.0129619
179 0.61675 0.0665629 0.0128706
180 0.61675 0.0716177 0.0134508
181 0.61675 0.0662183 0.012733
182 0.61675 0.0574096 0.0118979
183 0.61675 0.0709337 0.0155345
184 0.61675 0.0647151 0.014315
185 0.61675 0.0684761 0.0128531
186 1.01 0.0663807 0.0174971
186 0.4762 0.0512625 0.00967418
187 0.4762 0.062769 0.0124801
188 0.54969 0.0577822 0.0119327
189 0.54969 0.0559006 0.0103452
190 0.58731 0.0629547 0.0136879
191 0.58731 0.0646781 0.0124546
192 0.61905 0.0568315 0.0124066
193 0.61905 0.0608104 0.0114038
194 0.61905 0.0676331 0.0119625
195 0.61905 0.0682083 0.0140386
196 0.61905 0.0506258 0.00886262
197 0.61905 0.060573 0.0121909
198 0.61905 0.0598541 0.0114582
199 0.61905 0.0623997 0.0121603
200 0.61905 0.0693836 0.0128217
201 0.61905 0.0709137 0.0138506
202 0.61905 0.059682 0.0121827
203 0.61905 0.0599548 0.0111078
204 0.61905 0.0576739 0.0102765
205 0.69254 0.0597316 0.0113778
206 0.69254 0.0492036 0.00944866
207 0.69254 0.060253 0.0103728
208 0.69254 0.0575794 0.00974586
209 0.69254 0.0603391 0.0119236
210 0.69254 0.0610645 0.0115881
211 0.69254 0.0455465 0.00877931
212 0.69254 0.058857 0.0117814
213 0.69254 0.0520862 0.00828117
214 0.69254 0.0499464 0.00916331
215 0.69254 0.0631581 0.0129214
216 0.69254 0.0679543 0.0125686
217 0.69254 0.068559 0.0131427
218 0.69254 0.0692045 0.0139007
219 0.69254 0.0690136 0.0137058
220 0.69254 0.0770313 0.0151633
221 0.69254 0.0543576 0.0105529
222 0.69254 0.0674103 0.0142283
223 0.69254 0.0641397 0.0115739
224 0.69254 0.0586894 0.0122329
225 0.69254 0.057523 0.00949944
226 0.69254 0.0728722 0.0148428
227 0.69254 0.0642474 0.0125005
228 0.69254 0.0618503 0.0137455
229 0.69254 0.0598392 0.0117243
230 0.69254 0.0610447 0.0118657
231 0.69254 0.0636483 0.0113644
232 0.69254 0.0580126 0.0100786
233 0.69254 0.0625167 0.0103791
234 0.69254 0.0643667 0.0131358
235 0.69254 0.0632424 0.012024
236 0.69254 0.0588314 0.0104945
237 0.69254 0.061301 0.0125431
238 0.69254 0.0542985 0.00896606
239 0.69254 0.0612228 0.011564
240 0.69254 0.0653031 0.0127097
241 0.69254 0.0608314 0.010104
242 1.01 0.0549164 0.0137448
242 0.4762 0.0491525 0.00746629
243 0.4762 0.0542265 0.0100566
244 0.4762 0.0563829 0.0106777
245 0.4762 0.0634023 0.0117431
246 0.4762 0.0625738 0.012041
247 0.4762 0.0610142 0.0112299
248 0.53969 0.0639847 0.0122437
249 0.53969 0.0524248 0.00990581
250 0.53969 0.0592214 0.010537
251 0.53969 0.0572678 0.0107092
252 0.53969 0.0664036 0.0128294
253 0.53969 0.057242 0.0102438
254 0.53969 0.0342522 0.0051346
255 0.60318 0.0637766 0.0122241
256 0.60318 0.0614617 0.0133578
257 0.60318 0.0472426 0.00668784
258 0.60318 0.0456493 0.00718471
259 0.60318 0.0521451 0.0105427
260 0.60318 0.0510934 0.00884131
261 0.60318 0.048879 0.00863893
262 0.60318 0.0513889 0.00891713
263 0.60318 0.0404067 0.00784303
264 0.60318 0.0482811 0.00838681
265 0.60318 0.0551858 0.00995519
266 0.60318 0.0554067 0.0103365
267 0.60318 0.0520378 0.00876551
268 0.60318 0.057053 0.00976243
269 0.60318 0.0399724 0.00811514
270 0.60318 0.0562967 0.00963603
271 0.60318 0.0589437 0.0111705
272 0.60318 0.0457714 0.00817712
273 0.60318 0.0485178 0.00816084
274 0.60318 0.054926 0.00903039
275 0.60318 0.0546332 0.0102468
276 0.60318 0.0445732 0.00815013
277 0.60318 0.0473016 0.00755965
278 0.60318 0.0556856 0.0103584
279 0.60318 0.0563899 0.00930927
280 0.60318 0.0587085 0.012708
281 0.60318 0.0569318 0.0106147
282 0.60318 0.0590197 0.0119435
283 0.60318 0.0599287 0.00961603
284 0.60318 0.0516305 0.00876891
285 0.60318 0.0609109 0.0119081
286 0.60318 0.0555008 0.00927977
287 0.60318 0.067366 0.0133068
288 0.60318 0.0675685 0.0132642
289 0.60318 0.0556324 0.00978336
290 0.60318 0.0575035 0.011245
291 0.60318 0.0650057 0.0130521
292 0.60318 0.0608768 0.0106949
293 0.60318 0.0567049 0.0104433
294 0.60318 0.0530055 0.0103344
295 0.60318 0.0511417 0.0091109
296 0.60318 0.0603519 0.0103009
297 0.60318 0.0525216 0.0094048
298 0.60318 0.058444 0.00934305
299 0.60318 0.0551727 0.0111746
300 0.60318 0.0742026 0.0145499
301 0.60318 0.0543595 0.0109797
302 0.60318 0.0528143 0.00941858
303 0.60318 0.0640747 0.0116868
304 0.60318 0.0587206 0.0107281
305 0.60318 0.0510027 0.0105759
306 0.60318 0.0581667 0.0112186
307 0.60318 0.0506182 0.00806697
308 0.60318 0.0492004 0.00878613
309 0.60318 0.0555145 0.00952844
310 0.60318 0.0474827 0.00737096
311 0.60318 0.039651 0.00761944
312 0.60318 0.049451 0.0091361
313 0.60318 0.0543429 0.00986732
314 0.60318 0.0606363 0.0121284
315 0.60318 0.0436277 0.00781414
316 0.60318 0.0577366 0.0104582
317 0.60318 0.0514653 0.00841416
318 0.60318 0.0470462 0.00815923
319 0.60318 0.0475637 0.00868702
320 0.60318 0.0540109 0.00802596
321 0.60318 0.0405029 0.00511246
322 0.60318 0.0430664 0.00609745
323 0.60318 0.0495784 0.0078596
324 0.60318 0.043869 0.00760588
325 0.60318 0.0516779 0.00942137
326 0.60318 0.0570325 0.0115971
327 0.60318 0.0529135 0.0105177
328 0.60318 0.0591636 0.0120934
329 0.60318 0.0482072 0.00944584
330 0.60318 0.0457964 0.00920752
331 0.60318 0.0533471 0.0105311
332 0.60318 0.0629948 0.0126665
333 0.60318 0.056986 0.0106307
334 0.60318 0.0531917 0.00936136
335 0.60318 0.061878 0.00995498
336 0.60318 0.0543315 0.00976037
337 0.60318 0.0491796 0.00890507
338 0.60318 0.0567853 0.0108336
339 0.60318 0.0490438 0.00805295
340 0.60318 0.0455959 0.00845036
341 0.60318 0.0494364 0.00968066
342 0.60318 0.0464212 0.00784847
343 0.60318 0.0483907 0.00819037
344 0.60318 0.0526117 0.00974255
345 0.60318 0.048793 0.00970549
346 0.60318 0.0361966 0.00498164
347 0.60318 0.0392776 0.00648938
348 0.60318 0.0451107 0.00762124
349 0.60318 0.0382912 0.00561808
350 0.60318 0.0449736 0.00714422
351 0.60318 0.0365922 0.00649493
352 0.60318 0.0444843 0.0077847
353 0.60318 0.0391919 0.00627132
354 0.60318 0.0529799 0.00965119
355 0.60318 0.0437588 0.00628071
356 0.60318 0.0432569 0.00679562
357 0.64827 0.0483636 0.00860687
358 0.64827 0.0365818 0.00577867
359 0.64827 0.0504491 0.0103048
360 0.64827 0.0456555 0.00804514
361 0.64827 0.0453493 0.00983201
362 0.64827 0.0484308 0.00863491
363 0.64827 0.0479724 0.00808022
364 0.64827 0.0577776 0.00947794
365 0.64827 0.0634689 0.0118025
366 0.64827 0.0528043 0.0099728
367 0.64827 0.04919 0.00899904
368 0.64827 0.0540888 0.0100496
369 0.64827 0.0516986 0.00931725
370 0.64827 0.0536214 0.0101555
371 0.64827 0.0508546 0.0114794
372 0.64827 0.0551646 0.012415
373 0.64827 0.0468282 0.0106106
374 0.64827 0.0470761 0.00777852
375 0.64827 0.0483164 0.00897698
376 0.64827 0.0386284 0.00641395
377 0.64827 0.0550469 0.00938672
378 0.64827 0.048587 0.00746466
379 0.64827 0.0433903 0.00639335
380 0.64827 0.049301 0.00772661
381 0.64827 0.0500473 0.00833645
382 0.64827 0.0526407 0.00861512
383 0.64827 0.0460831 0.00712653
384 0.64827 0.0493068 0.00747641
385 0.64827 0.0507007 0.00994295
386 0.64827 0.0576375 0.0104611
387 0.64827 0.0557584 0.0108154
388 0.64827 0.0481227 0.00705696
389 0.64827 0.0523808 0.00913121
390 0.64827 0.0607061 0.0102677
391 0.64827 0.0499767 0.0100753
392 0.64827 0.0579214 0.0115767
393 0.64827 0.0557548 0.00948737
394 0.64827 0.0599073 0.0101663
395 0.64827 0.0603639 0.0113704
396 0.64827 0.0577851 0.0111393
397 0.64827 0.0520813 0.00798539
398 0.64827 0.0583108 0.00907667
399 0.64827 0.042879 0.00747148
400 0.64827 0.0519745 0.00939459
401 0.64827 0.0544641 0.00928106
402 0.64827 0.0551286 0.0105459
403 0.64827 0.0551841 0.0103364
404 0.64827 0.065366 0.0114763
405 0.64827 0.0569045 0.00937718
406 0.64827 0.0623983 0.0117176
407 0.64827 0.0642319 0.0118084
408 0.64827 0.0627444 0.0113472
409 0.64827 0.0535571 0.0105627
410 0.64827 0.0507027 0.00830653
411 0.64827 0.0613111 0.0104681
412 0.64827 0.0470581 0.007962
413 0.64827 0.0578966 0.0103883
414 0.64827 0.0521878 0.00998674
415 0.64827 0.0524511 0.00887333
416 0.64827 0.0511097 0.00923181
417 0.64827 0.0515911 0.00771261
418 0.64827 0.0477499 0.00750514
419 0.64827 0.0493215 0.00855838
420 0.64827 0.0496639 0.0082832
421 0.64827 0.0478193 0.00736372
422 0.64827 0.0436494 0.00644935
423 0.64827 0.0476977 0.00882176
424 0.64827 0.0574718 0.0100873
425 0.64827 0.0490552 0.0082173
426 0.64827 0.0607996 0.010585
427 0.80953 0.0589906 0.0149399
428 0.80953 0.0579088 0.0116917
429 0.80953 0.0559006 0.0130438
430 0.80953 0.056728 0.0125629
431 0.80953 0.0621102 0.0129289
432 0.80953 0.0548609 0.00789666
433 0.80953 0.0558526 0.0101547
434 0.80953 0.0613783 0.0107346
435 0.80953 0.065584 0.0129343
436 0.80953 0.0527301 0.00942016
437 0.80953 0.0509507 0.00889205
438 0.80953 0.057155 0.011919
439 0.80953 0.0508283 0.00871521
440 0.80953 0.0623276 0.0123654
441 0.80953 0.053666 0.00862806
442 0.80953 0.0570893 0.0105553
443 0.80953 0.0614596 0.0122279
444 0.80953 0.057796 0.0121309
445 0.80953 0.0524643 0.00932984
446 0.80953 0.0492599 0.00859453
447 0.80953 0.0560077 0.00996232
448 0.80953 0.0609253 0.0109448
449 0.80953 0.0618804 0.0125764
450 0.80953 0.055499 0.0104424
451 0.80953 0.0619056 0.0118312
452 0.80953 0.0560701 0.0114146
453 0.80953 0.0488125 0.00820796
454 0.80953 0.0644278 0.0120698
455 0.80953 0.0530939 0.00844345
456 0.80953 0.0488535 0.00788234
457 0.80953 0.0545584 0.00900614
458 0.80953 0.0620087 0.0117469
459 0.80953 0.0628681 0.0127305
460 0.80953 0.0596123 0.00981619
461 0.80953 0.061965 0.0108025
462 0.80953 0.0597587 0.0118343
463 0.80953 0.0539373 0.00955451
464 0.80953 0.05884 0.0109949
465 0.80953 0.0599238 0.012292
466 0.80953 0.0475089 0.00802002
467 0.80953 0.057587 0.0111021
468 0.80953 0.0539684 0.0111899
469 0.80953 0.0421629 0.00731614
470 0.80953 0.0591406 0.0115615
471 0.80953 0.0531161 0.0109087
472 0.80953 0.0637991 0.0136065
473 0.80953 0.0483059 0.00732958
474 0.80953 0.0534814 0.0100407
475 0.80953 0.0586241 0.0103315
476 0.80953 0.0540486 0.00930989
477 0.80953 0.0488476 0.00950593
478 0.80953 0.0522138 0.0115961
479 0.80953 0.0607043 0.0118222
480 0.80953 0.0526105 0.0103002
481 0.80953 0.0630548 0.011764
482 0.80953 0.0544388 0.0124116
483 0.80953 0.0564391 0.0114916
484 0.80953 0.0545976 0.00983054
485 0.80953 0.0524599 0.00842295
486 0.80953 0.0497891 0.0082282
487 0.80953 0.0628057 0.0118854
488 0.80953 0.0525666 0.0099405
489 0.80953 0.0338542 0.00592809
490 0.80953 0.0457992 0.00833921
491 0.80953 0.0473919 0.00846957
492 0.80953 0.0551514 0.00867467
493 0.80953 0.0507987 0.00792915
494 0.80953 0.0468109 0.0076295
495 0.80953 0.0495029 0.00874257
496 0.80953 0.0609639 0.0103084
497 0.80953 0.0488793 0.00910022
498 0.80953 0.0580767 0.00918214
499 0.80953 0.0498259 0.0090543
500 0.80953 0.0581217 0.0122355
501 0.80953 0.0632145 0.0129654
502 0.80953 0.0395408 0.00751594
503 0.80953 0.0552705 0.010372
504 0.80953 0.0393739 0.00795974
505 0.80953 0.0505421 0.00770064
506 0.80953 0.0458818 0.00698525
507 0.80953 0.0595652 0.0120551
508 0.80953 0.0450112 0.00718294
509 0.80953 0.0452572 0.00706794
510 0.80953 0.0463685 0.00793964
511 0.80953 0.0499009 0.00811829
512 0.80953 0.0497397 0.00796021
513 0.80953 0.0472949 0.00805746
514 0.80953 0.0469975 0.00746745
515 0.80953 0.062448 0.0120494
516 0.80953 0.0529436 0.00895211
517 0.80953 0.0468598 0.00769251
518 0.80953 0.0504207 0.00865524
519 0.80953 0.05009 0.00995543
520 0.80953 0.0488912 0.00757635
521 0.80953 0.0506137 0.00968231
522 0.80953 0.0458626 0.00712438
523 0.80953 0.0466712 0.006772
524 0.80953 0.0508941 0.00931349
525 0.80953 0.050965 0.00874123
526 0.80953 0.0558927 0.0101232
527 0.80953 0.0520238 0.00963391
528 0.80953 0.0584922 0.0115867
529 0.80953 0.0432079 0.00617196
530 0.80953 0.0442632 0.00708604
531 0.80953 0.0470994 0.00686449
532 0.80953 0.0384042 0.00566378
533 0.80953 0.0406205 0.00666598
534 0.80953 0.0572297 0.0102378
535 0.80953 0.0396547 0.00658354
536 0.80953 0.0428573 0.00887304
537 0.80953 0.0605358 0.0130093
538 0.80953 0.0593547 0.00926948
539 0.80953 0.0452335 0.00832134
540 0.80953 0.0559699 0.00985872
541 0.80953 0.0525111 0.0103198
542 0.80953 0.0577874 0.0103431
543 0.80953 0.057344 0.0102018
544 0.80953 0.0752965 0.015956
545 0.80953 0.0641016 0.0128267
546 0.80953 0.0657857 0.0121596
547 0.80953 0.0555944 0.00907587
548 0.80953 0.0554651 0.0106099
549 0.80953 0.0590616 0.0108927
550 0.80953 0.0610143 0.0100724
551 0.80953 0.0598777 0.0121002
552 0.80953 0.0525159 0.0112501
553 0.80953 0.0601839 0.0109061
554 0.80953 0.0559547 0.0086469
555 0.80953 0.054144 0.0113064
556 0.80953 0.0542607 0.00999385
557 0.80953 0.0536403 0.00888241
558 0.80953 0.0540099 0.00947042
559 0.80953 0.0548717 0.0108364
560 0.80953 0.0586903 0.0113459
561 0.80953 0.0527156 0.00977923
562 0.80953 0.0543811 0.0114159
563 0.80953 0.0491955 0.0080371
564 0.80953 0.0508139 0.00912007
565 0.80953 0.0495445 0.00891761
566 0.80953 0.0580368 0.0114587
567 0.80953 0.0539289 0.0101015
568 0.80953 0.0480485 0.00923719
569 0.80953 0.0607115 0.0109786
570 0.80953 0.061496 0.0114801
571 0.80953 0.0602918 0.0121933
572 0.80953 0.0480898 0.00995773
573 0.80953 0.0498361 0.00991551
574 0.80953 0.0525574 0.00955465
575 0.80953 0.0515764 0.0103544
576 0.80953 0.0631771 0.0130025
577 0.80953 0.0565189 0.0114303
578 0.80953 0.0467697 0.00943464
579 0.80953 0.0598374 0.0124285
580 0.80953 0.065841 0.0126618
581 0.80953 0.0624365 0.0132407
582 0.80953 0.0543774 0.00924835
583 0.80953 0.0534765 0.0104348
584 0.80953 0.0651065 0.0132994
585 0.80953 0.0607129 0.0106819
586 0.80953 0.056267 0.00878969
587 0.80953 0.0553626 0.0106044
588 0.80953 0.0776514 0.0166199
589 0.80953 0.0487334 0.00865902
590 0.80953 0.0500679 0.0107922
591 0.80953 0.0521042 0.00952456
592 0.80953 0.0578862 0.00917567
593 0.80953 0.0519979 0.00789416
594 0.80953 0.0600354 0.0111083
595 0.80953 0.0499448 0.00768737
596 0.80953 0.059873 0.0114094
597 0.80953 0.0489944 0.00780913
598 0.80953 0.0489355 0.00766898
599 0.80953 0.0512587 0.00877881
600 0.80953 0.0502058 0.0077867
601 0.80953 0.0641801 0.0114093
602 0.80953 0.0485145 0.00726393
603 0.80953 0.0486018 0.00667501
604 0.80953 0.0619836 0.0096256
605 0.80953 0.0548411 0.00899424
606 0.80953 0.057821 0.010309
607 0.80953 0.0569993 0.0105835
608 0.80953 0.0489523 0.00748299
609 0.80953 0.0540664 0.00909263
610 0.80953 0.0533936 0.00916336
611 0.80953 0.0573217 0.0087339
612 0.80953 0.052713 0.00845122
613 0.80953 0.0589308 0.0113855
614 0.80953 0.0576222 0.0110139
615 0.80953 0.0580344 0.0103267
616 0.80953 0.0489603 0.00751698
617 0.80953 0.0499845 0.00747694
618 0.80953 0.058452 0.00907722
619 0.80953 0.0596884 0.0108561
620 0.80953 0.067255 0.0119117
621 0.80953 0.0530769 0.00944989
622 0.80953 0.0546642 0.00823067
623 0.80953 0.0563798 0.0116149
624 0.80953 0.0601795 0.0108699
625 0.80953 0.0703096 0.0122245
626 0.80953 0.0534149 0.00858309
627 0.80953 0.05847 0.0122664
628 0.80953 0.0420554 0.00721916
629 0.80953 0.0472077 0.00688899
630 0.80953 0.046391 0.00548318
631 0.80953 0.0427593 0.00708705
632 0.80953 0.0507734 0.00656612
633 0.80953 0.0513504 0.00755379
634 0.80953 0.0503659 0.00730838
635 0.80953 0.0518988 0.00896452
636 0.80953 0.042852 0.00475274
637 0.80953 0.0455742 0.00625895
638 0.80953 0.052903 0.0074116
639 0.80953 0.0463349 0.00639903
640 0.80953 0.0619158 0.0107198
641 0.80953 0.0463161 0.00722468
642 0.80953 0.0574863 0.00902624
643 0.80953 0.0530426 0.00998649
644 0.80953 0.0492462 0.00763729
645 0.80953 0.0489018 0.0062556
646 0.80953 0.0584069 0.00973079
647 0.80953 0.0563672 0.0101487
648 0.80953 0.0496554 0.00772662
649 0.80953 0.0579248 0.00898498
650 0.80953 0.0570773 0.0103449
651 0.80953 0.0523246 0.00898764
652 0.80953 0.0642191 0.0118743
653 0.80953 0.0575829 0.00826049
654 0.80953 0.05803 0.0127252
655 0.80953 0.0601322 0.0124193
656 0.80953 0.0550534 0.0096469
657 0.80953 0.0439751 0.00768541
658 0.80953 0.0455329 0.0076591
659 0.80953 0.0612903 0.0135489
660 0.80953 0.0593194 0.0119035
661 0.80953 0.0656936 0.013797
662 0.80953 0.0597148 0.0117677
663 0.80953 0.0522132 0.00967817
664 0.80953 0.0609611 0.0120594
665 0.80953 0.0546 0.0122793
666 0.80953 0.0638224 0.0133638
667 0.80953 0.0531131 0.0105771
668 0.80953 0.0627642 0.0114112
669 0.80953 0.0510412 0.00876118
670 0.80953 0.0583901 0.0129317
671 0.80953 0.0547148 0.0124368
672 0.80953 0.062073 0.0124461
673 0.80953 0.0559581 0.00956889
674 0.80953 0.0675641 0.0133221
675 0.80953 0.0541897 0.00952619
676 0.80953 0.0591715 0.0115604
677 0.80953 0.0530116 0.0103051
678 0.80953 0.0570919 0.0114299
679 0.80953 0.0514151 0.00970217
680 0.80953 0.0619905 0.0129096
681 0.80953 0.0607511 0.0123141
682 0.80953 0.0586351 0.0119908
683 0.80953 0.0656188 0.0122899
684 0.80953 0.0636254 0.0134799
685 0.80953 0.0625007 0.0114216
686 0.80953 0.0635485 0.0100434
687 0.80953 0.0710544 0.0140041
688 0.80953 0.0577177 0.0105245
689 0.80953 0.0667632 0.0112348
690 0.80953 0.0624556 0.0112637
691 0.80953 0.0684245 0.0129755
692 0.80953 0.0712052 0.0140276
693 0.80953 0.0812405 0.0169744
694 0.80953 0.0554712 0.00984334
695 0.80953 0.0652481 0.0127415
696 0.80953 0.0743923 0.0160542
697 0.80953 0.0580137 0.00979834
698 0.80953 0.0559323 0.0107195
699 0.80953 0.0658021 0.012882
700 0.80953 0.0597803 0.013248
701 0.80953 0.0581886 0.010472
702 0.80953 0.0376346 0.00629474
703 0.80953 0.0438392 0.0065502
704 0.80953 0.0525959 0.00904696
705 0.80953 0.0414838 0.00706253
706 0.80953 0.0540551 0.00924512
707 0.80953 0.0525442 0.0098213
708 0.80953 0.04918 0.00917107
709 0.80953 0.0505801 0.00974971
710 0.80953 0.0640681 0.0118754
711 0.80953 0.0596173 0.010463
712 0.80953 0.049483 0.00829074
713 0.80953 0.0449642 0.00701477
714 0.80953 0.05167 0.00953992
715 0.80953 0.0648556 0.0128667
716 0.80953 0.0601598 0.0114538
717 0.80953 0.0556542 0.0105778
718 0.80953 0.0598538 0.0112621
719 0.80953 0.052718 0.00939658
720 0.80953 0.060181 0.0126711
721 0.80953 0.058223 0.00975119
722 0.80953 0.073728 0.0148749
723 0.80953 0.0496291 0.0102721
724 0.80953 0.0514912 0.00972871
725 0.80953 0.0529448 0.0111161
726 0.80953 0.0626916 0.0116788
727 0.80953 0.0635806 0.0131275
728 0.80953 0.0518138 0.0104001
729 0.80953 0.0661157 0.0148484
730 0.80953 0.07837 0.0191159
731 0.80953 0.0583314 0.0113183
732 0.80953 0.0657211 0.0144173
733 0.80953 0.060058 0.01243
734 0.80953 0.0532364 0.00945795
735 0.80953 0.0563942 0.0110445
736 0.80953 0.053876 0.0110721
737 0.80953 0.0553407 0.0102634
738 0.80953 0.05277 0.0117928
739 0.80953 0.0408213 0.00753263
740 0.80953 0.0528823 0.0106587
741 0.80953 0.0561489 0.0111527
742 0.80953 0.0577472 0.0102343
743 0.80953 0.0574257 0.0114609
744 0.80953 0.0622669 0.0135904
745 0.80953 0.0567333 0.0103673
746 0.80953 0.0593207 0.0102033
747 0.80953 0.0489573 0.00926777
748 0.80953 0.0494125 0.00927929
749 0.80953 0.0467575 0.00868565
750 0.80953 0.0515819 0.0105028
751 0.80953 0.0580737 0.0124002
752 0.80953 0.0605264 0.0111576
753 0.80953 0.0670083 0.0154003
754 0.80953 0.0563302 0.011685
755 0.80953 0.0565618 0.0119671
756 0.80953 0.0536894 0.0110686
757 0.80953 0.0635687 0.0131956
758 0.80953 0.0605296 0.0106207
759 0.80953 0.0477955 0.00966778
760 0.80953 0.054376 0.0115989
761 0.80953 0.0548531 0.0112673
762 0.80953 0.0605718 0.0125034
763 0.80953 0.0573882 0.0113358
764 0.80953 0.0573212 0.0134807
765 0.80953 0.0672544 0.0147307
766 0.80953 0.054628 0.0106169
767 0.80953 0.0499621 0.00983851
768 0.80953 0.0731626 0.0145831
769 0.80953 0.0487739 0.0100672
770 0.80953 0.0605434 0.0131449
771 0.80953 0.0565142 0.0109811
772 0.80953 0.0614225 0.012537
773 0.80953 0.0601567 0.0118829
774 0.80953 0.0493202 0.00935791
775 0.80953 0.0535277 0.00875661
776 0.80953 0.0654985 0.0134307
777 0.80953 0.0536348 0.0101481
778 0.80953 0.0649366 0.0133693
779 0.80953 0.0626575 0.0122964
780 0.80953 0.0607273 0.0112523
781 0.80953 0.0490062 0.00904665
782 0.80953 0.0617893 0.0116097
783 0.80953 0.060317 0.00987112
784 0.80953 0.0496544 0.00706214
785 0.80953 0.0585075 0.00995684
786 0.80953 0.0532053 0.00877679
787 0.80953 0.0483318 0.00879562
788 0.80953 0.0574548 0.0112614
789 0.80953 0.0520706 0.0098678
790 0.80953 0.0518373 0.0090485
791 0.80953 0.0583072 0.0115604
792 0.80953 0.0537213 0.00901052
793 0.80953 0.0596476 0.0106651
794 0.80953 0.0499761 0.0106085
795 0.80953 0.0571884 0.0109087
796 0.80953 0.0585574 0.01121
797 0.80953 0.0691653 0.0144629
798 0.80953 0.0604547 0.011143
799 0.80953 0.0485499 0.00945642
800 0.80953 0.0579278 0.00988095
801 0.80953 0.0653995 0.0139326
802 0.80953 0.0526266 0.0101047
803 0.80953 0.0673098 0.0157676
804 0.80953 0.0553311 0.0116227
805 0.80953 0.0542933 0.010573
806 0.80953 0.0572618 0.00982485
807 0.80953 0.0508153 0.00921883
808 0.80953 0.0640101 0.0130786
809 0.80953 0.0564612 0.0107105
810 0.80953 0.0568913 0.0116415
811 0.80953 0.0572638 0.0097792
812 0.80953 0.0541965 0.00851697
813 0.80953 0.0409554 0.00676565
814 0.80953 0.0399349 0.00622693
815 0.80953 0.036785 0.00447937
816 0.80953 0.0369975 0.00426023
817 0.80953 0.0355375 0.00417604
818 0.80953 0.0518679 0.0083641
819 0.80953 0.0481915 0.00799592
820 0.80953 0.0455698 0.00713648
821 0.80953 0.0445008 0.00746667
822 0.80953 0.0630951 0.01162
823 0.80953 0.0436827 0.00598492
824 0.80953 0.0433132 0.00698408
825 0.80953 0.0418575 0.00662975
826 0.80953 0.0481916 0.00842267
827 0.80953 0.0439867 0.00678768
828 0.80953 0.0580035 0.0109284
829 0.80953 0.0589572 0.0115431
830 0.80953 0.0402672 0.00677396
831 0.80953 0.0384186 0.00665414
832 0.80953 0.0449953 0.00771544
833 0.80953 0.0555245 0.0106963
834 0.80953 0.0530319 0.00967376
835 0.80953 0.0523475 0.0106699
836 0.80953 0.0464001 0.0078685
837 0.80953 0.0526807 0.00866117
838 0.80953 0.0474012 0.00890303
839 0.80953 0.0443458 0.00877311
840 0.80953 0.0534308 0.0107898
841 0.80953 0.0458419 0.00755318
842 0.80953 0.0558502 0.00887193
843 0.80953 0.0544912 0.00946584
844 0.80953 0.0541944 0.00847935
845 0.80953 0.0458499 0.00778259
846 0.80953 0.049829 0.00822474
847 0.80953 0.0476762 0.00687879
848 0.80953 0.0543344 0.00891929
849 0.80953 0.0516821 0.00789208
850 0.80953 0.0486576 0.00810862
851 0.80953 0.0427599 0.00631937
852 0.80953 0.0406473 0.00578071
853 0.80953 0.0558771 0.00909688
854 0.80953 0.0473524 0.00636107
855 0.80953 0.0608102 0.00921361
856 0.80953 0.0500005 0.00714211
857 0.80953 0.0539165 0.00809482
858 0.80953 0.0487206 0.00767242
859 0.80953 0.0531156 0.00998834
860 0.80953 0.0517486 0.00971505
861 0.80953 0.0543706 0.00888668
862 0.80953 0.0664246 0.0133338
863 0.80953 0.0696 0.0126515
864 0.80953 0.0589729 0.0113094
865 0.80953 0.0454076 0.00762884
866 0.80953 0.0622203 0.0105222
867 0.80953 0.0576948 0.0110333
868 0.80953 0.066982 0.0115463
869 0.80953 0.067104 0.0128712
870 0.80953 0.0682334 0.0135321
871 0.80953 0.0739956 0.0137906
872 0.80953 0.0751114 0.0142214
873 0.80953 0.0653811 0.0135626
874 0.80953 0.0669252 0.0131935
875 0.80953 0.0678169 0.014025
876 0.80953 0.0552228 0.0102615
877 0.80953 0.0554768 0.0109679
878 0.80953 0.052764 0.00950133
879 0.80953 0.0529559 0.0114724
880 0.80953 0.061292 0.0134628
881 0.80953 0.0560397 0.0103004
882 0.80953 0.0395422 0.00663156
883 0.80953 0.0705184 0.0131867
884 0.80953 0.0564676 0.0101269
885 0.80953 0.0504245 0.0100058
886 0.80953 0.0491362 0.00688437
887 0.80953 0.0573803 0.0114041
888 0.80953 0.0633967 0.0138802
889 0.80953 0.0598771 0.0116474
890 0.80953 0.0579505 0.0133585
891 0.80953 0.0602268 0.0117403
892 0.80953 0.0615089 0.0133248
893 0.80953 0.0628483 0.0130684
894 0.80953 0.0495535 0.00893442
895 0.80953 0.0641443 0.0132255
896 0.80953 0.0422478 0.00680737
897 0.80953 0.0675876 0.0108373
898 0.80953 0.0559927 0.00926505
899 0.80953 0.0664258 0.0126676
900 0.80953 0.0751997 0.0139632
901 0.80953 0.0560157 0.0116948
902 0.80953 0.0566822 0.0125496
903 0.80953 0.0565019 0.0116554
904 0.80953 0.0608061 0.0114925
905 0.80953 0.0714006 0.0127043
906 0.80953 0.0621907 0.0119155
907 0.80953 0.062868 0.0118054
908 0.80953 0.0567297 0.00940967
909 0.80953 0.056321 0.0113005
910 0.80953 0.0572996 0.0113151
911 0.80953 0.0545091 0.0102591
912 0.80953 0.069782 0.014326
913 0.80953 0.0554231 0.0122609
914 0.80953 0.0661652 0.0116138
915 0.80953 0.05398 0.0104693
916 0.80953 0.0647954 0.0109975
917 0.80953 0.0588228 0.00940561
918 0.80953 0.0530558 0.00949893
919 0.80953 0.0619363 0.0110011
920 0.80953 0.0628897 0.0142959
921 0.80953 0.0623352 0.0107144
922 0.80953 0.0716688 0.0140095
923 0.80953 0.0688725 0.0138987
924 0.80953 0.0694838 0.0127915
925 0.80953 0.0658434 0.0136799
926 0.80953 0.0679005 0.0130283
927 0.80953 0.0650464 0.0140752
928 0.80953 0.0583139 0.0118747
929 0.80953 0.0633584 0.0127029
930 0.80953 0.0586604 0.0131167
931 0.80953 0.0641732 0.0110152
932 0.80953 0.0676803 0.0127939
933 0.80953 0.0682996 0.012723
934 0.80953 0.0774705 0.017345
935 0.80953 0.0660442 0.0152155
936 0.80953 0.0568373 0.0123215
937 0.80953 0.0697929 0.0123456
938 0.80953 0.064065 0.0116873
939 0.80953 0.0664137 0.0123221
940 0.80953 0.0523881 0.0111466
941 0.80953 0.0741341 0.015301
942 0.80953 0.0657597 0.0126542
943 0.80953 0.0679969 0.0139617
944 0.80953 0.0678637 0.0126258
945 0.80953 0.0624345 0.0119597
946 0.80953 0.062617 0.0108843
947 0.80953 0.0640709 0.0141121
948 0.80953 0.0659438 0.0117214
949 0.80953 0.0588108 0.0113837
950 0.80953 0.0643975 0.0137849
951 0.80953 0.0648638 0.0116745
952 0.80953 0.0724679 0.0145676
953 0.80953 0.0692081 0.0146504
954 0.80953 0.0684709 0.0121971
955 0.80953 0.0708205 0.0146731
956 0.80953 0.0551951 0.00922586
957 0.80953 0.0624881 0.0126573
958 0.80953 0.0685735 0.0143209
959 0.80953 0.0527743 0.0112126
960 0.80953 0.0570014 0.0108017
961 0.80953 0.0561535 0.0111008
962 0.80953 0.0670145 0.0125426
963 0.80953 0.0470407 0.00773419
964 0.80953 0.0610437 0.0107548
965 0.80953 0.0586949 0.0120501
966 0.80953 0.0565935 0.0106996
967 0.80953 0.0605404 0.0105002
968 0.80953 0.056366 0.0105618
969 0.80953 0.0562606 0.0100733
970 0.80953 0.0579025 0.0110304
971 0.80953 0.0605473 0.0107038
972 0.80953 0.0543495 0.00998255
973 0.80953 0.057229 0.00972897
974 0.80953 0.0632808 0.0134841
975 0.80953 0.055832 0.0103789
976 0.80953 0.0624535 0.0102235
977 0.80953 0.0592834 0.0128068
978 0.80953 0.0685863 0.0145812
979 0.80953 0.0480424 0.00836627
980 0.80953 0.0613782 0.0123349
981 0.80953 0.0595167 0.00937765
982 0.80953 0.0658691 0.0150232
983 0.80953 0.0646895 0.0117685
984 0.80953 0.0529165 0.0105261
985 0.80953 0.050266 0.00925701
986 0.80953 0.0638619 0.0133435
987 0.80953 0.0617822 0.0124325
988 0.80953 0.050537 0.00906456
989 0.80953 0.0595492 0.00968879
990 0.80953 0.071984 0.0133832
991 0.80953 0.062087 0.0108739
992 0.80953 0.0526885 0.0095224
993 0.80953 0.0512666 0.00776481
994 0.80953 0.0599978 0.0120965
995 0.80953 0.0600184 0.0112508
996 0.80953 0.0602664 0.0112688
997 0.80953 0.0486465 0.0089544
998 0.80953 0.0509895 0.0104473
999 0.80953 0.0646648 0.0124673
1000 0.80953 0.0605163 0.0140238
1000 0.4762 0.0627662 0.0124805
1000 0.4762 0.0462715 0.00956146
1000 0.4762 0.0543206 0.00968943
1000 0.4762 0.0625497 0.0136378
1000 0.53274 0.0540585 0.0106006
1000 0.4762 0.0655795 0.0127522
1000 0.4762 0.0559863 0.00988002
1000 0.4762 0.0615136 0.0116556
