0 0.30812 0.0441652 0.00398682
1 0.30812 0.0186267 0.00168937
2 0.30812 0.0263283 0.0024007
3 0.30812 0.0482847 0.00614098
4 0.30812 0.0306823 0.00259775
5 0.40924 0.0319992 0.00357177
6 0.40924 0.0275803 0.00325569
7 0.40924 0.0322699 0.00412894
8 0.40924 0.0332161 0.00326544
9 0.40924 0.0324442 0.00341483
10 0.40924 0.0276484 0.00269951
11 0.40924 0.0361275 0.00356547
12 0.40924 0.0374207 0.00393321
13 0.40924 0.0319557 0.0035929
14 0.40924 0.0378232 0.0040087
15 0.40924 0.0377628 0.00520964
16 0.40924 0.0314292 0.00289402
17 0.43539 0.0412498 0.00556828
18 0.43539 0.034863 0.00389433
19 0.43539 0.0313759 0.00284606
20 0.43539 0.0315249 0.00323114
21 0.43539 0.0408074 0.00501439
22 0.43539 0.0359656 0.00413184
23 0.43539 0.0337274 0.00362939
24 0.43539 0.0356787 0.00422304
25 0.43539 0.0395162 0.00438621
26 0.43539 0.0363266 0.00337538
27 0.43539 0.0340373 0.00381007
28 0.43539 0.0334318 0.00336185
29 0.43539 0.0340312 0.00329775
30 0.43539 0.0346636 0.00379073
31 0.43539 0.0382132 0.00404644
32 0.43539 0.0370846 0.00396174
33 0.43539 0.0382108 0.00395101
34 0.43539 0.0319145 0.00314156
35 0.43539 0.0412436 0.00469364
36 0.43539 0.0369429 0.00377275
37 0.43539 0.0339098 0.00360284
38 0.43539 0.0415454 0.0045622
39 0.43539 0.0342705 0.00370616
40 0.43539 0.0411316 0.00454074
41 0.43539 0.0303163 0.00330509
42 0.43539 0.0375395 0.00373891
43 0.43539 0.0350093 0.00357192
44 0.43539 0.0328437 0.00385013
45 0.43539 0.0291629 0.00304437
46 0.43539 0.0413322 0.00439447
47 0.43539 0.0468501 0.00550784
48 0.43539 0.0412583 0.00458347
49 0.43539 0.0353631 0.00360733
50 0.46506 0.0419801 0.00538686
51 0.46506 0.0373359 0.00389163
52 0.46506 0.0367621 0.00399124
53 0.46506 0.0402021 0.00403509
54 0.46506 0.0398629 0.00414113
55 0.46506 0.0375695 0.00395097
56 0.46506 0.0364191 0.00403113
57 0.46506 0.0425328 0.00445333
58 0.46506 0.0365013 0.00431387
59 0.46506 0.0377988 0.00389466
60 0.46506 0.0370815 0.00405138
61 0.46506 0.0442026 0.00493701
62 0.46506 0.0469935 0.00595313
63 0.46506 0.0420447 0.00465297
64 0.46506 0.0441602 0.00433279
65 0.46506 0.0380644 0.00457741
66 0.47899 0.0430936 0.00575223
67 0.47899 0.0397656 0.00513351
68 0.47899 0.0432344 0.00489243
69 0.47899 0.0430823 0.00492218
70 0.47899 0.0387274 0.00449528
71 0.47899 0.0459271 0.00554992
72 0.47899 0.0494599 0.00629713
73 0.47899 0.0508314 0.00630808
74 0.47899 0.0350778 0.00378772
75 0.47899 0.0439964 0.00581032
76 0.47899 0.0514444 0.00671371
77 0.47899 0.0482468 0.00610847
78 0.47899 0.0421862 0.00535317
79 0.47899 0.0440983 0.00536188
80 0.47899 0.0369313 0.00458266
81 0.47899 0.0451286 0.00699241
82 0.47899 0.0451558 0.00701551
83 0.47899 0.0445279 0.00655087
84 0.47899 0.0451729 0.00619114
85 0.47899 0.0426883 0.00795273
86 0.47899 0.0515953 0.00845288
87 0.47899 0.0572926 0.00909142
88 0.47899 0.0533506 0.00875945
89 0.47899 0.0587299 0.0108587
90 0.47899 0.0605446 0.0104795
91 0.47899 0.057743 0.0108687
92 0.47899 0.0626883 0.0118733
93 0.47899 0.0544382 0.00956907
94 0.47899 0.0559391 0.0102941
95 0.47899 0.058454 0.0117793
96 0.47899 0.0632935 0.0130853
97 0.47899 0.0560881 0.0104171
98 0.49207 0.0598606 0.0110633
99 0.49598 0.0710195 0.0142937
100 0.49598 0.0667635 0.0118956
101 0.49598 0.0529897 0.00999115
102 0.49598 0.0492489 0.0075674
103 0.49598 0.0495015 0.00789327
104 0.49598 0.0550782 0.00945448
105 0.49598 0.0443611 0.00684208
106 0.49598 0.0519299 0.00759094
107 0.49598 0.047115 0.00626295
108 0.49598 0.0545683 0.00734218
109 0.49598 0.0554582 0.00913209
110 0.49598 0.0657179 0.0110928
111 0.49598 0.0682676 0.0130838
112 0.49598 0.0545312 0.00814833
113 0.49598 0.0580923 0.0107645
114 0.49598 0.0548085 0.00913902
115 0.49598 0.0599936 0.0107942
116 0.49598 0.0459326 0.00743543
117 0.49598 0.0515962 0.00874281
118 0.49598 0.0624894 0.00889004
119 0.49598 0.0577149 0.00951086
120 0.49598 0.0463618 0.00753486
121 0.53873 0.0630311 0.0122204
122 0.53873 0.0640703 0.0112912
123 0.53873 0.0666467 0.0125307
124 0.53873 0.0641525 0.0107188
125 0.53873 0.0647503 0.0113504
126 0.53873 0.0542199 0.00789192
127 0.53873 0.0498163 0.00815735
128 0.53873 0.0452415 0.00722112
129 0.53873 0.0585986 0.0100255
130 0.53873 0.0455165 0.0069747
131 0.53873 0.0469056 0.00814433
132 0.53873 0.0526673 0.00982245
133 0.53873 0.0592416 0.0087515
134 0.53873 0.040055 0.00588751
135 0.53873 0.0472788 0.00814766
136 0.53873 0.0557118 0.00955089
137 0.53873 0.0506015 0.00829163
138 0.53873 0.0527924 0.00853266
139 0.53873 0.0440109 0.00628403
140 0.53873 0.0567829 0.00927976
141 0.53873 0.0444261 0.00648455
142 0.53873 0.0514204 0.00750161
143 0.53873 0.0536452 0.00974139
144 0.53873 0.0548472 0.00920059
145 0.53873 0.0618319 0.0122823
146 0.53873 0.0578586 0.00971052
147 0.84002 0.0610548 0.0125391
148 0.84002 0.045549 0.00932986
149 0.84002 0.0566216 0.0100933
150 0.84002 0.050366 0.0100276
151 0.84002 0.0480447 0.00820277
152 0.84002 0.0617575 0.0108122
153 0.84002 0.0489424 0.00800992
154 0.84002 0.0625707 0.0127859
155 0.84002 0.0585456 0.0108859
156 0.84002 0.0600307 0.0116696
157 0.84002 0.0407347 0.00633379
158 0.84002 0.0587487 0.0106625
159 0.84002 0.0506746 0.00905635
160 0.84002 0.0539711 0.00905303
161 0.84002 0.0539815 0.0102571
162 0.84002 0.0615844 0.0108421
163 0.84002 0.0657567 0.0133347
164 0.84002 0.0658834 0.0135715
165 0.84002 0.0590241 0.0102198
166 0.84002 0.0735241 0.0149725
167 0.84002 0.059638 0.0116449
168 0.84002 0.0713794 0.0148715
169 0.84002 0.0552026 0.0108745
170 0.84002 0.0593733 0.0133533
171 0.84002 0.0556908 0.0112521
172 0.84002 0.0580565 0.0120217
173 0.84002 0.0745531 0.0151568
174 0.84002 0.071464 0.0156355
175 0.84002 0.0611551 0.0123541
176 0.84002 0.0627176 0.0102012
177 0.84002 0.0568801 0.0113448
178 0.84002 0.0578258 0.0107639
179 0.84002 0.0502098 0.0108627
180 0.84002 0.063407 0.0124701
181 0.84002 0.0554104 0.0097157
182 0.84002 0.0658701 0.0142398
183 0.84002 0.0491443 0.00942471
184 0.84002 0.0512715 0.0105819
185 0.84002 0.0598956 0.0115262
186 0.84002 0.0627894 0.0122257
187 0.84002 0.0511145 0.00880332
188 0.84002 0.0529486 0.0104491
189 0.84002 0.0607363 0.0130887
190 0.84002 0.0501288 0.00920433
191 0.84002 0.0592721 0.0134934
192 0.84002 0.0619396 0.0144653
193 0.84002 0.0526022 0.0098126
194 0.84002 0.0619922 0.0141612
195 0.84002 0.0606719 0.012519
196 0.84002 0.069451 0.0158193
197 0.84002 0.0710516 0.0156599
198 0.84002 0.0644352 0.0103284
199 0.84002 0.0577297 0.0101121
200 0.84002 0.0660764 0.0129823
201 0.84002 0.0611574 0.0130294
202 0.84002 0.0657384 0.0133423
203 0.84002 0.0667688 0.0138385
204 0.84002 0.05925 0.0115982
205 0.84002 0.0682922 0.0155882
206 0.84002 0.0561851 0.0111312
207 0.84002 0.0670661 0.0135909
208 0.84002 0.0684629 0.0148387
209 0.84002 0.0673831 0.0148318
210 0.84002 0.068705 0.0129164
211 0.84002 0.0722399 0.0147639
212 0.84002 0.0542234 0.0103385
213 0.84002 0.0521166 0.0105278
214 0.84002 0.0547478 0.0116256
215 0.84002 0.0701033 0.0155603
216 0.84002 0.0558758 0.0105355
217 0.84002 0.0614343 0.0114482
218 0.84002 0.0617062 0.011356
219 0.84002 0.0616127 0.0146356
220 0.84002 0.0469962 0.00805285
221 0.84002 0.0624513 0.0115554
222 0.84002 0.0585494 0.0120419
223 0.84002 0.0513992 0.00929405
224 0.84002 0.0436099 0.00710248
225 0.84002 0.045608 0.00769954
226 0.84002 0.0479222 0.00833285
227 0.84002 0.047004 0.00902544
228 0.84002 0.0566061 0.0116687
229 0.84002 0.0634704 0.0105191
230 0.84002 0.0631359 0.0120458
231 0.84002 0.0653483 0.0144226
232 0.84002 0.0502834 0.00932037
233 0.84002 0.0592408 0.0128877
234 0.84002 0.0574304 0.0107531
235 0.84002 0.0565198 0.0120993
236 0.84002 0.050105 0.00982836
237 0.84002 0.0718012 0.0157733
238 0.84002 0.0604089 0.0115085
239 0.84002 0.0593206 0.0127438
240 0.84002 0.0513101 0.010389
241 0.84002 0.0504498 0.00997436
242 0.84002 0.0555446 0.00971963
243 0.84002 0.0503595 0.00837203
244 0.84002 0.0476826 0.0083328
245 0.84002 0.0540689 0.00852713
246 0.84002 0.0540135 0.00900345
247 0.84002 0.0374127 0.00587939
248 0.84002 0.057523 0.00843991
249 0.84002 0.0441688 0.00735662
250 0.84002 0.0528076 0.00750977
251 0.84002 0.0546837 0.00842502
252 0.84002 0.0525757 0.0100689
253 0.84002 0.055488 0.00841389
254 0.84002 0.0622953 0.0114308
255 0.84002 0.0536844 0.00929075
256 0.84002 0.0530597 0.00876435
257 0.84002 0.0581251 0.0117779
258 0.84002 0.0537357 0.00843875
259 0.84002 0.0625974 0.0126934
260 0.84002 0.0587934 0.0126463
261 0.84002 0.0503749 0.00838073
262 0.84002 0.0505162 0.00741935
263 0.84002 0.0527716 0.00881367
264 0.84002 0.0513156 0.008878
265 0.84002 0.0518744 0.00954553
266 0.84002 0.0532892 0.00840902
267 0.84002 0.0583632 0.0115129
268 0.84002 0.0587048 0.0109712
269 0.84002 0.0511112 0.00861583
270 0.84002 0.0615483 0.0110873
271 0.84002 0.0583194 0.0110919
272 0.84002 0.0626538 0.0140692
273 0.84002 0.0537438 0.0102195
274 0.84002 0.0427004 0.00699262
275 0.84002 0.0614145 0.0116893
276 0.84002 0.0408705 0.00786604
277 0.84002 0.0549113 0.0094293
278 0.84002 0.0540565 0.0105737
279 0.84002 0.0503638 0.00796357
280 0.84002 0.0666365 0.0136369
281 0.84002 0.0706945 0.0131183
282 0.84002 0.0606904 0.0104945
283 0.84002 0.0540517 0.0103271
284 0.84002 0.0514876 0.0100223
285 0.84002 0.0495889 0.00978647
286 0.84002 0.0629354 0.0102129
287 1 0.0624059 0.0164384
287 0.49987 0.0491785 0.00948618
288 0.49987 0.0566518 0.00987647
289 0.49987 0.0479739 0.00832522
290 0.49987 0.0613342 0.0115602
291 0.50794 0.0621812 0.0117467
292 0.50794 0.0510108 0.00886097
293 0.50794 0.0460685 0.00846417
294 0.50794 0.0510857 0.00912932
295 0.50794 0.052593 0.0109686
296 0.50794 0.0787351 0.0153179
297 0.50794 0.0533179 0.0110003
298 0.50794 0.0538119 0.0105963
299 0.50794 0.0512868 0.0110983
300 0.50794 0.0576766 0.0109179
301 0.50794 0.0810672 0.0172286
302 0.50794 0.0547487 0.0103255
303 0.50794 0.0709628 0.0145082
304 0.50794 0.0664509 0.0126281
305 0.50794 0.0539477 0.00995461
306 0.50794 0.0678086 0.0139808
307 0.50794 0.0727144 0.0144291
308 0.50794 0.0578461 0.0114636
309 0.50794 0.0450263 0.00762688
310 0.50794 0.0650853 0.0130725
311 0.50794 0.0488836 0.00846495
312 0.50794 0.0496404 0.00937004
313 0.50794 0.0632459 0.0131311
314 0.50794 0.0516979 0.010457
315 0.50794 0.0588096 0.0122244
316 0.50794 0.0560105 0.0114495
317 0.50794 0.057641 0.0115016
318 0.50794 0.0511372 0.00949738
319 0.50794 0.0550381 0.00985885
320 0.50794 0.0668445 0.0141232
321 0.50794 0.0613596 0.0129634
322 0.50794 0.0602613 0.0120571
323 0.50794 0.0583223 0.0110846
324 0.50794 0.0578999 0.0110229
325 0.50794 0.0684051 0.0133573
326 0.50794 0.0582011 0.0124078
327 0.50794 0.0529295 0.0105051
328 0.50794 0.0649715 0.0118868
329 0.50794 0.0663359 0.0116575
330 0.50794 0.0548293 0.0105189
331 0.50794 0.0524354 0.00983833
332 0.50794 0.0633642 0.0122244
333 0.50794 0.0646113 0.0133909
334 0.50794 0.063655 0.0124439
335 0.50794 0.0701009 0.0148053
336 0.50794 0.0530862 0.012228
337 0.55556 0.0639868 0.0138108
338 0.55556 0.0520488 0.0109507
339 0.55556 0.0656973 0.0145457
340 0.55556 0.068693 0.0138269
341 0.55556 0.0588521 0.0119485
342 0.55556 0.0677739 0.0133856
343 0.55556 0.0564124 0.00973098
344 0.55556 0.0511444 0.00946845
345 0.55556 0.0602814 0.0111777
346 0.55556 0.0561654 0.0114082
347 0.55556 0.0666274 0.0139373
348 0.55556 0.0489582 0.00835401
349 0.55556 0.0660358 0.0133715
350 0.55556 0.0491467 0.00968275
351 0.55556 0.059454 0.0105116
352 0.55556 0.0513897 0.00929491
353 0.55556 0.0572236 0.0115501
354 0.55556 0.0461326 0.00769492
355 0.55556 0.0641944 0.0120959
356 0.55556 0.0570765 0.0121962
357 0.55556 0.0515077 0.0101612
358 0.55556 0.0531258 0.0105512
359 0.55556 0.0596545 0.0122172
360 0.55556 0.0587809 0.0120772
361 0.55556 0.0490518 0.00959171
362 0.55556 0.0470505 0.00897168
363 0.55556 0.0548021 0.00933402
364 0.55556 0.0539942 0.00889251
365 0.55556 0.0445259 0.00849108
366 0.55556 0.0646651 0.0124174
367 0.55556 0.0466503 0.00906294
368 0.55556 0.0452936 0.00675115
369 0.55556 0.0467734 0.00829178
370 0.69254 0.0519378 0.0110543
371 0.69254 0.0536831 0.00940595
372 0.69254 0.0555723 0.00989786
373 0.69254 0.0546476 0.0113288
374 0.69254 0.0599472 0.0120266
375 0.69254 0.0472184 0.0088
376 0.69254 0.0474207 0.00880691
377 0.69254 0.0591603 0.01091
378 0.69254 0.0371534 0.00432623
379 0.69254 0.0514188 0.00853955
380 0.69254 0.0574994 0.0108912
381 0.69254 0.0580148 0.0106092
382 0.69254 0.0612091 0.0123308
383 0.69254 0.0625136 0.0109788
384 0.69254 0.0541771 0.010122
385 0.69254 0.0649738 0.0132325
386 0.69254 0.043232 0.0087682
387 0.69254 0.0505586 0.00814321
388 0.69254 0.058824 0.0114409
389 0.69254 0.0590163 0.0134193
390 0.69254 0.0712468 0.0157556
391 0.69254 0.0566852 0.00996772
392 0.69254 0.0610352 0.0114366
393 0.69254 0.0514593 0.00990331
394 0.69254 0.0459757 0.0105469
395 0.69254 0.0624648 0.0113748
396 0.69254 0.0593438 0.00963821
397 0.69254 0.0736375 0.0166671
398 0.69254 0.046997 0.00948497
399 0.69254 0.0563466 0.0101663
400 0.69254 0.0705758 0.0137726
401 0.69254 0.0488076 0.00933153
402 0.69254 0.062005 0.0136246
403 0.69254 0.0439252 0.0100286
404 0.69254 0.0671274 0.014253
405 0.69254 0.0638565 0.0136554
406 0.69254 0.0514631 0.0110307
407 0.69254 0.059686 0.0128952
408 0.69254 0.0568263 0.010862
409 0.69254 0.0602844 0.0120404
410 0.69254 0.0747312 0.01673
411 0.69254 0.0622354 0.0114475
412 0.69254 0.047959 0.00824868
413 0.69254 0.0467353 0.00853226
414 0.69254 0.0467069 0.00838113
415 0.69254 0.0571349 0.0106558
416 0.69254 0.0572963 0.0100766
417 0.69254 0.061435 0.0123353
418 0.69254 0.0565904 0.0113549
419 0.69254 0.0540366 0.00910499
420 0.69254 0.0709016 0.0135653
421 0.69254 0.0571682 0.0121127
422 0.69254 0.060714 0.0116922
423 0.69254 0.059665 0.0133504
424 0.69254 0.0646506 0.0111318
425 0.69254 0.0578826 0.0116612
426 1 0.0598832 0.0179494
426 0.80366 0.0535451 0.011403
427 0.80366 0.0522239 0.00837189
428 0.80366 0.071028 0.0149068
429 1.01 0.0641561 0.0155388
429 0.60612 0.052291 0.0113853
430 1.01 0.0555172 0.0139401
430 0.4762 0.0509441 0.00988318
431 0.4762 0.0563895 0.0102859
432 0.4762 0.0527021 0.00859159
433 0.88985 0.0577707 0.0145135
434 0.88985 0.039789 0.00667644
435 0.88985 0.0608229 0.00942214
436 0.88985 0.0545866 0.0099042
437 0.88985 0.0588142 0.0106737
438 0.88985 0.0484249 0.00855117
439 0.88985 0.0500763 0.0105364
440 0.88985 0.0525551 0.00917654
441 0.88985 0.0550549 0.0103728
442 0.88985 0.0624915 0.0113065
443 0.88985 0.0492133 0.00866049
444 0.88985 0.0659379 0.0157438
445 0.88985 0.0515654 0.00858153
446 0.88985 0.0600232 0.0111658
447 0.88985 0.0603668 0.0122917
448 0.88985 0.060691 0.013041
449 0.88985 0.0564912 0.0111518
450 0.88985 0.0433123 0.00779468
451 0.88985 0.054338 0.0112883
452 0.88985 0.0482112 0.00954932
453 0.88985 0.0469949 0.00763168
454 0.88985 0.0495316 0.00873208
455 0.88985 0.0533698 0.00944007
456 0.88985 0.0503039 0.0080591
457 0.88985 0.0486998 0.00769307
458 0.88985 0.0530095 0.00846468
459 0.88985 0.0577289 0.0115848
460 0.88985 0.0553226 0.0110363
461 0.88985 0.0520506 0.00954969
462 0.88985 0.0536758 0.0103752
463 0.88985 0.0523674 0.00975754
464 0.88985 0.0459335 0.0081986
465 0.88985 0.0516744 0.00808521
466 0.88985 0.0468787 0.00870621
467 0.88985 0.0541741 0.0108786
468 0.88985 0.0567735 0.0121493
469 0.88985 0.0560251 0.0113741
470 0.88985 0.0553476 0.0121359
471 0.88985 0.0616953 0.0121118
472 0.88985 0.0579825 0.0120112
473 0.88985 0.0552641 0.0114487
474 0.88985 0.0650506 0.0145707
475 0.88985 0.0439788 0.00668562
476 0.88985 0.0472845 0.00959019
477 0.88985 0.0524991 0.0119204
478 0.88985 0.0506864 0.00975015
479 0.88985 0.0537077 0.0121808
480 0.88985 0.0504346 0.010661
481 0.88985 0.0600679 0.0131256
482 0.88985 0.0583612 0.0126156
483 0.88985 0.0509769 0.0106972
484 0.88985 0.0586691 0.0124625
485 0.88985 0.0579158 0.0123745
486 0.88985 0.0542299 0.0130268
487 0.88985 0.0638678 0.0126524
488 0.88985 0.0563037 0.0110183
489 0.88985 0.0469622 0.00933116
490 0.88985 0.0487595 0.00835735
491 0.88985 0.0500492 0.00916569
492 0.88985 0.0496623 0.00960032
493 0.88985 0.0563623 0.00937483
494 0.88985 0.0514025 0.00990806
495 0.88985 0.0522404 0.010083
496 0.88985 0.0574518 0.0135332
497 0.88985 0.0529868 0.00937634
498 0.88985 0.0495031 0.00958857
499 0.88985 0.0521004 0.00992567
500 0.88985 0.0537664 0.00905198
501 0.88985 0.056788 0.0108429
502 0.88985 0.0480062 0.00785423
503 0.88985 0.0513254 0.00959796
504 0.88985 0.062256 0.012855
505 0.88985 0.0519221 0.0100214
506 0.88985 0.0483078 0.00873402
507 0.88985 0.0486968 0.00801225
508 0.88985 0.0439517 0.00646946
509 0.88985 0.0543611 0.0105516
510 0.88985 0.0554473 0.0106549
511 0.88985 0.0421317 0.007844
512 0.88985 0.0647876 0.0135262
513 0.88985 0.0584011 0.0111258
514 0.88985 0.0665643 0.0130253
515 0.88985 0.0543231 0.0101823
516 0.88985 0.0604281 0.0114575
517 0.88985 0.0587215 0.0107484
518 0.88985 0.0521539 0.00850383
519 0.88985 0.05849 0.0105336
520 0.88985 0.0487463 0.00864477
521 0.88985 0.0422959 0.00700429
522 0.88985 0.0458244 0.00884653
523 0.88985 0.0529682 0.00933714
524 0.88985 0.0502513 0.00917494
525 0.88985 0.0455436 0.00824703
526 0.88985 0.0552222 0.0106087
527 0.88985 0.0446601 0.00805094
528 0.88985 0.0513907 0.0107595
529 0.88985 0.047467 0.0103127
530 0.88985 0.056738 0.0111863
531 0.88985 0.0617094 0.0128748
532 0.88985 0.054458 0.0116847
533 0.88985 0.0600956 0.0121737
534 0.88985 0.0559399 0.0103018
535 0.88985 0.0615845 0.0125625
536 0.88985 0.055815 0.00922637
537 1 0.0465216 0.0104622
537 0.4762 0.054361 0.00946317
538 0.53089 0.0600755 0.0122345
539 0.53089 0.0549256 0.0118807
540 0.53089 0.0702375 0.0137677
541 0.53089 0.0626487 0.0135608
542 0.53089 0.0461758 0.0079835
543 0.53089 0.057694 0.0110351
544 0.58397 0.0579373 0.0118264
545 0.58397 0.0519275 0.0101724
546 1 0.0561981 0.0151784
546 0.4762 0.0600374 0.0127182
547 0.4762 0.0538672 0.0102971
548 0.4762 0.0521386 0.00902698
549 0.48647 0.0436167 0.00818154
550 0.48647 0.0466802 0.00859081
551 0.48647 0.0527483 0.00846804
552 0.68667 0.0544119 0.0108505
553 0.68667 0.0517902 0.00971163
554 0.68667 0.0481402 0.00963571
555 0.68667 0.0559181 0.0105848
556 0.68667 0.0433251 0.00680418
557 0.68667 0.0580683 0.0117681
558 0.68667 0.0492532 0.00856824
559 0.68667 0.0542181 0.0099995
560 1.01777 0.0676409 0.0157028
560 0.4762 0.0651284 0.0150445
561 1.02 0.0555361 0.0147119
561 1.02 0.0584509 0.0131829
561 1.01 0.0559267 0.0141394
561 0.4762 0.0577474 0.0121205
562 1 0.0561323 0.0129771
563 1 0.05337 0.0106421
564 1 0.0596503 0.0117268
565 1.02 0.0678468 0.0167574
566 1.02 0.0715899 0.0215867
567 1.02 0.0590018 0.00993739
568 1.02 0.0517131 0.0104687
569 1.02 0.072021 0.0130582
570 1.02 0.0622359 0.0108133
571 1.02 0.0650739 0.0118769
572 1.02 0.0593334 0.0130266
573 1.02 0.0506704 0.00959066
574 1.02 0.0578269 0.011777
575 1.02 0.057365 0.0136631
576 1.02 0.057738 0.0109576
577 1.02 0.0607545 0.0114948
578 1.02 0.0472483 0.00750975
579 1.02 0.0511071 0.00971543
580 1.02 0.0499874 0.00861746
581 1.02 0.0505346 0.0101787
582 1.02 0.0595269 0.0116442
583 1.02 0.0689309 0.0181673
584 1.02 0.0550606 0.00992637
585 1.02 0.0525741 0.00935728
586 1.02 0.0445858 0.00768635
587 1.02 0.0453237 0.00786722
588 1.02 0.0514477 0.0104312
589 1.02 0.0602972 0.012294
590 1.02 0.051787 0.010874
591 1.02 0.0531664 0.0103935
592 1.02 0.0496419 0.00874252
593 1.02 0.0442051 0.00941889
594 1.02 0.0483099 0.00992265
595 1.02 0.0485887 0.00861622
596 1.02 0.0505769 0.0108936
597 1.02 0.0591698 0.0100571
598 1.02 0.0529759 0.0107964
599 1.02 0.05425 0.0120529
600 1.02 0.0585914 0.0114759
601 1.02 0.0549027 0.0126119
602 1.02 0.0547399 0.0122377
603 1.02 0.0467048 0.00802636
604 1.02 0.0613133 0.0148515
605 1.02 0.059375 0.0130737
606 1.02 0.0631169 0.0135311
607 1.02 0.060138 0.014925
608 1.02 0.0635696 0.0138143
609 1.02 0.0667116 0.0181228
610 1.02 0.0500433 0.0105192
611 1.02 0.0544492 0.0116602
612 1.02 0.0654825 0.0129062
613 1.02 0.0724525 0.0149697
614 1.02 0.0589454 0.0107568
615 1.02 0.0616258 0.0119917
616 1.02 0.0580604 0.0116507
617 1.02 0.0527836 0.0111733
618 1.02 0.0495378 0.00996686
619 1.02 0.0483629 0.00964387
620 1.02 0.0457865 0.00827791
621 1.02 0.0467825 0.00862426
622 1.02 0.0520584 0.00768161
623 1.02 0.0613565 0.0101391
624 1.02 0.0402549 0.00675772
625 1.02 0.0523746 0.0105872
626 1.02 0.0497473 0.00930806
627 1.02 0.05545 0.00941495
628 1.02 0.0506727 0.00872504
629 1.02 0.0586935 0.0133538
630 1.02 0.0541717 0.0103776
631 1.02 0.0463037 0.00816656
632 1.02 0.055186 0.00953739
633 1.02 0.0734038 0.0181437
634 1.02 0.0538882 0.0120994
635 1.02 0.0500401 0.00927421
636 1.02 0.0558732 0.0118014
637 1.02 0.0595349 0.0160831
638 1.02 0.0666971 0.0137259
639 1.02 0.0678097 0.0185042
640 1.02 0.0681867 0.0198127
641 1.02 0.0640178 0.0154524
642 1.02 0.0706074 0.0206246
643 1.02 0.068886 0.0246054
644 1.02 0.0856195 0.0300373
645 1.02 0.0753995 0.0175193
646 1.02 0.0787495 0.0228625
647 1.02 0.0695832 0.018791
648 1.02 0.0785761 0.01992
649 1.02 0.0795964 0.0259166
650 1.02 0.0661214 0.016793
651 1.02 0.072277 0.0217669
652 1.02 0.0544995 0.0105551
653 1.02 0.0602441 0.0131916
654 1.02 0.0545842 0.0109852
655 1.02 0.0746372 0.0184087
656 1.02 0.0779342 0.0193105
657 1.02 0.0537739 0.0128581
658 1.02 0.055456 0.0165897
659 1.02 0.0545853 0.0102352
660 1.02 0.056852 0.0137018
661 1.02 0.0738277 0.0222453
662 1.02 0.0565391 0.0171966
663 1.02 0.0591202 0.0169636
664 1.02 0.0664207 0.0181214
665 1.02 0.0497083 0.0116766
666 1.02 0.0652348 0.0226389
667 1.02 0.0632009 0.0224777
668 1.02 0.0756677 0.0231373
669 1.02 0.0769853 0.0244128
670 1.02 0.0705891 0.0242807
671 1.02 0.0778534 0.0249687
672 1.02 0.0770192 0.027116
673 1.02 0.0819889 0.03187
674 1.02 0.0693643 0.0197307
675 1.02 0.087342 0.0366143
676 1.02 0.0632942 0.0268429
677 1.02 0.072718 0.0227618
678 1.02 0.0670409 0.0261576
679 1.02 0.0575488 0.0202557
680 1.02 0.0604232 0.0191312
681 1.02 0.0530772 0.0166509
682 1.02 0.0810107 0.0288014
683 1.02 0.0845845 0.0437131
684 1.02 0.0832966 0.0395001
685 1.02 0.0981082 0.0425396
686 1.02 0.0924983 0.0433702
687 1.02 0.0655893 0.0216876
688 1.02 0.0805884 0.0320261
689 1.02 0.0507881 0.00893909
690 1.02 0.0560686 0.0170821
691 1.02 0.0727556 0.0263616
692 1.02 0.0732163 0.026993
693 1.02 0.0766086 0.031882
694 1.02 0.0721433 0.0308208
695 1.02 0.0828798 0.0385348
696 1.02 0.0793425 0.034903
697 1.02 0.0727017 0.0298976
698 1.02 0.0634535 0.019802
699 1.02 0.0695173 0.023601
700 1.02 0.0771988 0.0320342
701 1.02 0.0828792 0.0406588
702 1.02 0.076488 0.0430724
703 1.02 0.0647616 0.0266337
704 1.02 0.0639394 0.0231008
705 1.02 0.0768748 0.0333994
706 1.02 0.0811896 0.0309237
707 1.02 0.0812731 0.0348446
708 1.02 0.0574123 0.0203204
709 1.02 0.0778634 0.0251501
710 1.02 0.0696227 0.0273572
711 1.02 0.0639037 0.0177334
712 1.02 0.0715139 0.0244863
713 1.02 0.0749945 0.0265659
714 1.02 0.0646167 0.024258
715 1.02 0.0770733 0.0309783
716 1.02 0.0701058 0.0278279
717 1.02 0.0594099 0.0237742
718 1.02 0.0752021 0.0315371
719 1.02 0.0604341 0.024067
720 1.02 0.0665015 0.026971
721 1.02 0.0747344 0.0306683
722 1.02 0.0772752 0.0320501
723 1.02 0.0629172 0.023443
724 1.02 0.0619382 0.0234268
725 1.02 0.0584443 0.0141394
726 1.02 0.07107 0.0250297
727 1.02 0.0544887 0.0161864
728 1.02 0.0669028 0.018081
729 1.02 0.0541212 0.0185937
730 1.02 0.0760695 0.0255374
731 1.02 0.0753495 0.0225363
732 1.02 0.0541774 0.0117531
733 1.02 0.0597778 0.0149528
734 1.02 0.0582174 0.0150534
735 1.02 0.0634452 0.0178436
736 1.02 0.076745 0.0311278
737 1.02 0.0735121 0.0248476
738 1.02 0.0821921 0.0342422
739 1.02 0.0600782 0.0188183
740 1.02 0.065675 0.0215158
741 1.02 0.0690715 0.0270593
742 1.02 0.0792618 0.0252469
743 1.02 0.0922258 0.0420116
744 1.02 0.0893621 0.036865
745 1.02 0.0693399 0.0230791
746 1.02 0.0587702 0.0138196
747 1.02 0.0703418 0.0273753
748 1.02 0.0838763 0.0394963
749 1.02 0.0728441 0.0399596
750 1.02 0.090477 0.0438419
751 1.02 0.0634854 0.0260029
752 1.02 0.0764893 0.0382968
753 1.02 0.0774722 0.0372984
754 1.02 0.0847612 0.0334957
755 1.02 0.0701763 0.0249134
756 1.02 0.0782955 0.0354
757 1.02 0.0723626 0.0235282
758 1.02 0.0954984 0.0420326
759 1.02 0.0679604 0.0213865
760 1.02 0.0684678 0.0203761
761 1.02 0.0814941 0.0348882
762 1.02 0.0783978 0.0333761
763 1.02 0.0931439 0.0424834
764 1.02 0.0628465 0.0211233
765 1.02 0.0758295 0.0360677
766 1.02 0.064804 0.0158008
767 1.02 0.0612883 0.0141589
768 1.02 0.0835144 0.0246554
769 1.02 0.0496827 0.00898683
770 1.02 0.0778365 0.0254995
771 1.02 0.0592279 0.0158673
772 1.02 0.061392 0.0117289
773 1.02 0.0665837 0.0118326
774 1.02 0.0519074 0.0100255
775 1.02 0.0586108 0.00957999
776 1.02 0.0548836 0.00953539
777 1.02 0.052656 0.0100605
778 1.02 0.0510733 0.00912701
779 1.02 0.0540905 0.0089326
780 1.02 0.0562062 0.00911472
781 1.02 0.0407642 0.00700606
782 1.02 0.0490501 0.00784079
783 1.02 0.0573997 0.0137141
784 1.02 0.0548682 0.0111534
785 1.02 0.0503415 0.00845395
786 1.02 0.0536399 0.00902819
787 1.02 0.0520857 0.00790027
788 1.02 0.0522049 0.00943351
789 1.02 0.0551337 0.0108844
790 1.02 0.0562868 0.0116459
791 1.02 0.0498789 0.009594
792 1.02 0.053841 0.00829648
793 1.02 0.0603284 0.0136302
794 1.02 0.060914 0.0116275
795 1.02 0.0510715 0.00963753
796 1.02 0.0484554 0.00825156
797 1.02 0.0590507 0.0147552
798 1.02 0.0453984 0.00929192
799 1.02 0.0650099 0.0130734
800 1.02 0.0548626 0.0088905
801 1.02 0.0522494 0.00982364
802 1.02 0.0632272 0.0141062
803 1.02 0.0608026 0.0135504
804 1.02 0.0600551 0.0156244
805 1.02 0.0420337 0.00716341
806 1.02 0.0572444 0.0123926
807 1.02 0.0609989 0.0124535
808 1.02 0.0504494 0.00970684
809 1.02 0.0615775 0.0117363
810 1.02 0.0520825 0.0152773
811 1.02 0.0635485 0.0159901
812 1.02 0.0630854 0.0152037
813 1.02 0.0578586 0.0106166
814 1.02 0.0617732 0.0124972
815 1.02 0.0574945 0.0119219
816 1.02 0.0565678 0.0122574
817 1.02 0.0499929 0.00773228
818 1.02 0.0580022 0.0123687
819 1.02 0.0542944 0.0123944
820 1.02 0.0742107 0.0141131
821 1.02 0.0697823 0.0129761
822 1.02 0.0718713 0.0143477
823 1.02 0.0626139 0.0120777
824 1.02 0.0571949 0.0123531
825 1.02 0.0498291 0.00898083
826 1.02 0.0511347 0.00785158
827 1.02 0.063639 0.0112436
828 1.02 0.0571605 0.013
829 1.02 0.0682901 0.0200059
830 1.02 0.0656306 0.0162819
831 1.02 0.0596977 0.0156619
832 1.02 0.0686449 0.0174745
833 1.02 0.0574264 0.0136587
834 1.02 0.0663356 0.0147331
835 1.02 0.0683214 0.0182768
836 1.02 0.0792591 0.0237477
837 1.02 0.0599078 0.0157925
838 1.02 0.0668954 0.0174604
839 1.02 0.0712978 0.028356
840 1.02 0.0674531 0.0206299
841 1.02 0.0784868 0.0265261
842 1.02 0.0701919 0.0251251
843 1.02 0.0784516 0.032598
844 1.02 0.0645961 0.0228225
845 1.02 0.0741593 0.0295919
846 1.02 0.0840849 0.0276705
847 1.02 0.0748228 0.0326024
848 1.02 0.0776568 0.0291154
849 1.02 0.0853638 0.05069
850 1.02 0.0821229 0.0332173
851 1.02 0.0817298 0.0310454
852 1.02 0.0686079 0.0301945
853 1.02 0.0786278 0.0351425
854 1.02 0.0704066 0.0314982
855 1.02 0.0785253 0.0351569
856 1.02 0.0805624 0.0321809
857 1.02 0.0770944 0.033267
858 1.02 0.0732937 0.0230376
859 1.02 0.0812948 0.0310389
860 1.02 0.0724227 0.0285738
861 1.02 0.0747743 0.0269321
862 1.02 0.0778742 0.037565
863 1.02 0.0850969 0.0321004
864 1.02 0.073375 0.0302678
865 1.02 0.0640676 0.0146758
866 1.02 0.0704839 0.0227821
867 1.02 0.0666139 0.0227526
868 1.02 0.0721819 0.0271696
869 1.02 0.0968977 0.041264
870 1.02 0.0798915 0.0381847
871 1.02 0.0750456 0.0228973
872 1.02 0.0779556 0.0263686
873 1.02 0.0727683 0.0263421
874 1.02 0.0796997 0.0316382
875 1.02 0.0851228 0.0383092
876 1.02 0.0742858 0.0374622
877 1.02 0.0898037 0.0349703
878 1.02 0.0669882 0.0281866
879 1.02 0.0585236 0.022023
880 1.02 0.078829 0.0400655
881 1.02 0.0592042 0.0180607
882 1.02 0.0784157 0.0342104
883 1.02 0.067472 0.0280897
884 1.02 0.0573177 0.0180032
885 1.02 0.07088 0.0247952
886 1.02 0.0767185 0.0286941
887 1.02 0.0712355 0.0223747
888 1.02 0.0755433 0.0332722
889 1.02 0.0800709 0.0320379
890 1.02 0.0710054 0.0290986
891 1.02 0.0731285 0.0192851
892 1.02 0.0758155 0.0280032
893 1.02 0.0667681 0.0228166
894 1.02 0.0738767 0.0236759
895 1.02 0.068018 0.0281304
896 1.02 0.0692078 0.0358825
897 1.02 0.0733111 0.0302456
898 1.02 0.0621433 0.0212806
899 1.02 0.0554646 0.0182762
900 1.02 0.0783546 0.0312575
901 1.02 0.0774534 0.032022
902 1.02 0.0856703 0.0316195
903 1.02 0.0692955 0.0200143
904 1.02 0.065575 0.0220987
905 1.03 0.0758602 0.0264809
906 1.03 0.0769748 0.0255403
907 1.03 0.0820457 0.0301479
908 1.03 0.071272 0.0228087
909 1.03 0.075142 0.0224212
910 1.03 0.0680372 0.0281093
911 1.03 0.0702399 0.0257922
912 1.03 0.0658055 0.0223649
913 1.03 0.0855191 0.0331444
914 1.03 0.0755036 0.0386431
915 1.03 0.0778392 0.0223985
916 1.03 0.0765696 0.0342651
917 1.03 0.0743384 0.0264605
918 1.03 0.066199 0.0237016
919 1.03 0.0877732 0.0437093
920 1.03 0.0807698 0.023122
921 1.03 0.0986863 0.0411755
922 1.03 0.0678914 0.0253356
923 1.03 0.0893179 0.0401844
924 1.03 0.0889751 0.0425784
925 1.03 0.0806242 0.0346405
926 1.03 0.0575931 0.0179057
927 1.03 0.0821226 0.0358938
928 1.03 0.081852 0.0323227
929 1.03 0.068446 0.020036
930 1.03 0.066526 0.0226894
931 1.03 0.0548134 0.0136266
932 1.03 0.0882504 0.0323801
933 1.03 0.0624254 0.0192306
934 1.03 0.0825134 0.0362304
935 1.03 0.072067 0.0248836
936 1.03 0.074852 0.0309087
937 1.03 0.063978 0.0209728
938 1.03 0.0728233 0.025112
939 1.03 0.0793489 0.0238243
940 1.03 0.0687263 0.0222075
941 1.03 0.0722893 0.0284787
942 1.03 0.0917222 0.0374029
943 1.03 0.0811242 0.0292179
944 1.03 0.0803044 0.0367805
945 1.03 0.0650379 0.0229566
946 1.03 0.0850736 0.0352953
947 1.03 0.0673156 0.0202956
948 1.03 0.0651717 0.0235758
949 1.03 0.0916811 0.0406962
950 1.03 0.0813034 0.0260343
951 1.03 0.0846224 0.0368872
952 1.03 0.0774623 0.0295701
953 1.03 0.0911132 0.0447398
954 1.03 0.0759283 0.0314664
955 1.03 0.0852694 0.0410791
956 1.03 0.0769535 0.0369601
957 1.03 0.0986114 0.0559516
958 1.03 0.0808612 0.0360946
959 1.03 0.0669894 0.0222469
960 1.03 0.0744437 0.0279594
961 1.03 0.0673623 0.0231233
962 1.03 0.0616523 0.0208084
963 1.03 0.0981687 0.0492852
964 1.03 0.102735 0.0480318
965 1.03 0.0810629 0.0410174
966 1.03 0.0611336 0.0176872
967 1.03 0.0718772 0.0201568
968 1.03 0.0888633 0.0381476
969 1.03 0.0628993 0.0211401
970 1.03 0.0699638 0.0256671
971 1.03 0.0786115 0.0308922
972 1.03 0.0571761 0.0177454
973 1.03 0.0722989 0.0233176
974 1.03 0.0749748 0.0239374
975 1.03 0.066283 0.0195395
976 1.03 0.0720188 0.0215258
977 1.03 0.0833655 0.0345177
978 1.03 0.0760183 0.0370057
979 1.03 0.0531938 0.0159405
980 1.03 0.0694881 0.0239131
981 1.03 0.0541893 0.0105141
982 1.03 0.0667465 0.0150537
983 1.03 0.0688518 0.0227934
984 1.03 0.0595532 0.0201302
985 1.03 0.0498785 0.0076939
986 1.03 0.0566183 0.0109136
987 1.03 0.0501688 0.0121959
988 1.03 0.0615857 0.0147572
989 1.03 0.0443236 0.00878914
990 1.03 0.0734326 0.0247919
991 1.03 0.0592577 0.0188381
992 1.03 0.0688682 0.0230381
993 1.03 0.0788267 0.0266521
994 1.03 0.0696889 0.0203075
995 1.03 0.08224 0.0364027
996 1.03 0.0866678 0.0287171
997 1.03 0.0883891 0.0392622
998 1.03 0.0725535 0.0235654
999 1.03 0.055094 0.0106282
1000 1.03 0.0647223 0.0169567
