0 0.22463 0.0444909 0.00365886
1 0.22463 0.0227997 0.00203884
2 0.23312 0.0205425 0.00182274
3 0.24709 0.0400552 0.00491052
4 0.27985 0.0306171 0.00282258
5 0.29254 0.0236488 0.00265537
6 0.32145 0.0223448 0.00236367
7 0.32145 0.0226843 0.00212927
8 0.32145 0.0309211 0.00376926
9 0.32145 0.0256745 0.00282356
10 0.32145 0.0314201 0.00319022
11 0.32145 0.0326746 0.00286952
12 0.32145 0.0321462 0.00332829
13 0.32145 0.0329691 0.00359333
14 0.32145 0.0255928 0.00241078
15 0.32145 0.0308883 0.00284248
16 0.32145 0.0390522 0.00446432
17 0.32145 0.0347552 0.00379818
18 0.32145 0.0320139 0.00327325
19 0.32145 0.0439006 0.00494525
20 0.32145 0.0308873 0.0026776
21 0.32145 0.0394122 0.00403117
22 0.32145 0.0332823 0.00342663
23 0.32145 0.0328432 0.00321506
24 0.32145 0.0429121 0.00464269
25 0.32145 0.0342693 0.00375178
26 0.32145 0.0365536 0.00406225
27 0.32145 0.0339522 0.00385333
28 0.32145 0.0436683 0.0047999
29 0.32145 0.0388713 0.00432576
30 0.32145 0.0382964 0.00430134
31 0.32145 0.0374571 0.00407138
32 0.32145 0.039956 0.00406864
33 0.32145 0.0365512 0.00408531
34 0.32145 0.0396081 0.00388686
35 0.32145 0.0388924 0.00384421
36 0.32145 0.0430632 0.00424682
37 0.32145 0.0386705 0.00404455
38 0.32145 0.0334396 0.00352793
39 0.32145 0.039276 0.00372144
40 0.32145 0.0355383 0.00387682
41 0.32145 0.0382698 0.00414737
42 0.32145 0.04291 0.00448045
43 0.32145 0.0381691 0.00404559
44 0.32145 0.041291 0.00422116
45 0.34418 0.0419923 0.00458543
46 0.34418 0.038109 0.00412753
47 0.34418 0.041315 0.00482143
48 0.34418 0.0502778 0.00552632
49 0.34418 0.0452047 0.00462993
50 0.34418 0.0472568 0.00493242
51 0.34418 0.0340679 0.00340898
52 0.34418 0.0447718 0.00520128
53 0.34418 0.0415036 0.00493919
54 0.34418 0.0390348 0.00407859
55 0.34418 0.0365965 0.00368041
56 0.34418 0.0382461 0.00406891
57 0.34418 0.038976 0.0037635
58 0.34418 0.0380803 0.00371557
59 0.34418 0.0441821 0.00417148
60 0.34418 0.0445244 0.00456319
61 0.34418 0.045798 0.00517745
62 0.34418 0.0427971 0.00448005
63 0.34418 0.0356631 0.00397795
64 0.34418 0.0432784 0.00452684
65 0.34418 0.0433083 0.00473113
66 0.34418 0.047894 0.00511035
67 0.34418 0.0440025 0.00458226
68 0.34418 0.0383201 0.00369317
69 0.34418 0.0393271 0.00439661
70 0.34418 0.0426215 0.00510979
71 0.34418 0.0425969 0.0046891
72 0.34418 0.047254 0.00539451
73 0.34418 0.0450444 0.00435574
74 0.34418 0.0428046 0.00450549
75 0.34418 0.0364568 0.00375959
76 0.34418 0.0417511 0.00448135
77 0.34418 0.0438634 0.00482349
78 0.34418 0.0361693 0.00371016
79 0.34418 0.0425052 0.00453659
80 0.3636 0.0437473 0.00466528
81 0.3636 0.0473217 0.00494006
82 0.3636 0.0475096 0.00500256
83 0.3636 0.0464372 0.00483021
84 0.3636 0.0437328 0.0044071
85 0.3636 0.0451403 0.00509247
86 0.3636 0.0478762 0.00547171
87 0.3636 0.0362858 0.00374026
88 0.3636 0.0439555 0.00480163
89 0.3636 0.0381924 0.00372941
90 0.3636 0.052605 0.00549541
91 0.3636 0.0517778 0.00576394
92 0.3636 0.0418139 0.00441186
93 0.3636 0.0357159 0.00340448
94 0.3636 0.0431565 0.00433379
95 0.3636 0.0399819 0.00399898
96 0.3636 0.0393525 0.00419164
97 0.3636 0.0434035 0.00424641
98 0.3636 0.0437561 0.0048179
99 0.3636 0.0403111 0.0043268
100 0.3636 0.044438 0.00482689
101 0.3636 0.0367218 0.00397734
102 0.3636 0.0391295 0.00420035
103 0.3636 0.0377987 0.00391053
104 0.3636 0.0425142 0.00454975
105 0.3636 0.040069 0.00414237
106 0.3636 0.0346588 0.00336017
107 0.3636 0.0488478 0.00593878
108 0.3636 0.0377825 0.00456356
109 0.3636 0.0426755 0.0045098
110 0.3636 0.0334123 0.00320751
111 0.3636 0.0455159 0.00492032
112 0.3636 0.0370212 0.00397526
113 0.3636 0.0405658 0.0043637
114 0.3636 0.0393832 0.00414463
115 0.3636 0.0434664 0.0049443
116 0.3636 0.0349189 0.00364626
117 0.3636 0.0288126 0.0027896
118 0.3636 0.0390029 0.00446387
119 0.3636 0.0423447 0.00482634
120 0.3636 0.0373036 0.00430042
121 0.3636 0.0396808 0.00389447
122 0.3636 0.043476 0.0043224
123 0.3636 0.0439671 0.00475625
124 0.3636 0.0362479 0.00380309
125 0.3636 0.0412764 0.00439466
126 0.3636 0.0356739 0.0037514
127 0.3636 0.0426336 0.00443295
128 0.3636 0.0330427 0.0029494
129 0.3636 0.0430219 0.00446637
130 0.3636 0.0328075 0.00355857
131 0.3636 0.0341085 0.00380413
132 0.3636 0.0527913 0.00595372
133 0.3636 0.0438672 0.00533532
134 0.3636 0.0409579 0.00433298
135 0.3636 0.0393171 0.00420454
136 0.3636 0.0432369 0.00473826
137 0.3636 0.0406699 0.00438408
138 0.3636 0.0387081 0.00445128
139 0.3636 0.035287 0.00430416
140 0.3636 0.0422755 0.00437883
141 0.3636 0.0350737 0.0035763
142 0.3636 0.0388346 0.00410079
143 0.3636 0.038513 0.00407484
144 0.3636 0.0418706 0.00478827
145 0.3636 0.0418312 0.00446027
146 0.37685 0.0387574 0.00461793
147 0.37685 0.0504892 0.00522448
148 0.37685 0.0409904 0.00426983
149 0.37685 0.0485881 0.00538571
150 0.37685 0.0418609 0.00437945
151 0.37685 0.0382701 0.00413839
152 0.37685 0.0442079 0.0046189
153 0.37685 0.0394566 0.00423951
154 0.37685 0.0353794 0.0038328
155 0.37685 0.0405933 0.00443007
156 0.37685 0.0328125 0.00354044
157 0.37685 0.0386886 0.00432714
158 0.41834 0.0448918 0.00564896
159 0.41834 0.03919 0.00391825
160 0.41834 0.0356631 0.00373427
161 0.41834 0.0419286 0.00491791
162 0.41834 0.0451163 0.00473612
163 0.41834 0.0339863 0.00355421
164 0.41834 0.0438406 0.00476319
165 0.41834 0.0406233 0.00492822
166 0.41834 0.0487985 0.00537364
167 0.41834 0.0397513 0.00458544
168 0.41834 0.0507405 0.00547562
169 0.45077 0.0444918 0.00562853
170 0.45077 0.0493123 0.0055176
171 0.45077 0.0432707 0.00516801
172 0.45077 0.0425809 0.00495866
173 0.45077 0.0365283 0.00395992
174 0.45077 0.0427526 0.00480518
175 0.45077 0.0377623 0.00395596
176 0.45077 0.0446375 0.00468362
177 0.53661 0.0431386 0.00611094
178 0.53661 0.0373565 0.00501394
179 0.53661 0.0365169 0.0041414
180 0.53661 0.0478825 0.00619327
181 0.59262 0.0450299 0.00701989
182 0.59262 0.0485953 0.00618446
183 0.59262 0.0415162 0.00532435
184 0.59262 0.0497528 0.00654951
185 0.59262 0.0420761 0.00551887
186 0.59262 0.0444093 0.00519267
187 0.59262 0.0382494 0.00474001
188 0.59262 0.0431822 0.00607262
189 0.59262 0.0419578 0.00575395
190 0.59262 0.0422159 0.00495467
191 0.59262 0.0378313 0.00540276
192 0.59262 0.0402186 0.0042468
193 0.59262 0.0382055 0.00434535
194 0.59262 0.0428384 0.00580078
195 0.59262 0.043916 0.00564082
196 0.59262 0.0528749 0.00812937
197 0.59262 0.0460253 0.00575327
198 0.59262 0.0474738 0.00655342
199 0.93673 0.043349 0.00983513
200 0.93673 0.0430369 0.00605956
201 0.93673 0.0522164 0.00977294
202 0.93673 0.0397364 0.00581853
203 0.93673 0.0557239 0.00738434
204 0.93673 0.0475405 0.00832199
205 0.93673 0.0550254 0.0123003
206 0.93673 0.0464555 0.00734851
207 0.93673 0.0520744 0.00851093
208 0.93673 0.0609366 0.00896061
209 0.93673 0.049148 0.00923623
210 0.93673 0.0478624 0.00749141
211 0.93673 0.0526232 0.00816822
212 0.93673 0.0392462 0.00448634
213 0.93673 0.0487655 0.00741572
214 0.93673 0.0453532 0.00549149
215 0.93673 0.041396 0.00748182
216 0.93673 0.0502588 0.00825757
217 0.93673 0.0488033 0.0076247
218 0.93673 0.0465894 0.00694474
219 0.93673 0.042935 0.00661455
220 0.93673 0.0382298 0.00516497
221 0.93673 0.0496727 0.00619637
222 0.93673 0.0488437 0.00734286
223 0.93673 0.0543924 0.00946886
224 0.93673 0.0394096 0.0060742
225 0.93673 0.0461933 0.00949269
226 0.93673 0.0533614 0.0104379
227 0.93673 0.0441797 0.00664089
228 0.93673 0.0441298 0.00621961
229 0.93673 0.0525223 0.0115712
230 0.93673 0.0413017 0.0069984
231 0.93673 0.0497239 0.00683401
232 1.02 0.0467964 0.0112219
232 0.69254 0.0570449 0.00960303
233 0.69254 0.0544522 0.00836396
234 0.69254 0.0536646 0.00846299
235 0.69254 0.0507923 0.00986507
236 0.69254 0.0469146 0.00779634
237 0.69254 0.0464675 0.00739533
238 0.69254 0.0624223 0.0111174
239 0.69254 0.0443989 0.00764113
240 0.69254 0.054913 0.00936398
241 0.69254 0.0475985 0.0067249
242 0.69254 0.0389256 0.00691606
243 0.69254 0.0547044 0.00831482
244 0.69254 0.0434342 0.00715388
245 0.69254 0.0521115 0.00906649
246 0.69254 0.0545584 0.00933006
247 0.69254 0.0398878 0.00543484
248 0.69254 0.0511353 0.0089098
249 0.69254 0.0499786 0.00892171
250 0.69254 0.0378678 0.00557998
251 0.69254 0.052741 0.00867306
252 0.69254 0.0435604 0.00668838
253 0.69254 0.0564568 0.010543
254 0.69254 0.0551791 0.0101224
255 0.69254 0.0528862 0.00985954
256 0.69254 0.040488 0.00618654
257 0.69254 0.0404912 0.00772084
258 0.69254 0.0667534 0.0128933
259 0.69254 0.0412213 0.00595453
260 0.69254 0.0507087 0.00909736
261 0.69254 0.0460948 0.00801547
262 0.69254 0.04408 0.00729359
263 0.69254 0.0557463 0.00959875
264 0.69254 0.0423524 0.00605994
265 0.69254 0.0589135 0.00984267
266 0.69254 0.0400945 0.00596802
267 0.69254 0.0376358 0.00503238
268 0.69254 0.0420887 0.00762893
269 0.69254 0.0407053 0.00577075
270 0.69254 0.0428633 0.00644579
271 0.69254 0.0453363 0.00742937
272 0.69254 0.0532077 0.00977297
273 0.69254 0.0597204 0.0107923
274 0.69254 0.0508044 0.00861905
275 0.69254 0.0535866 0.00954439
276 0.69254 0.052868 0.0101631
277 0.69254 0.0428899 0.00648564
278 0.69254 0.0428437 0.00714247
279 0.69254 0.0517009 0.00920585
280 0.69254 0.0390532 0.00616071
281 0.69254 0.0439529 0.00831684
282 0.69254 0.0509307 0.0103927
283 0.69254 0.044527 0.00817943
284 0.69254 0.0466897 0.00773381
285 0.69254 0.0464255 0.00859774
286 0.69254 0.044955 0.00651468
287 0.69254 0.0455484 0.00749161
288 0.69254 0.0537296 0.00916272
289 0.69254 0.0492804 0.00710788
290 0.69254 0.0472115 0.00743236
291 0.69254 0.0509494 0.0085952
292 0.69254 0.0384707 0.00542403
293 0.69254 0.0413379 0.00549218
294 0.69254 0.0404204 0.00614677
295 0.69254 0.0470587 0.00925122
296 0.69254 0.0540265 0.00936695
297 0.69254 0.0474345 0.00757883
298 0.69254 0.0417513 0.00738851
299 0.69254 0.0369624 0.00617385
300 0.69254 0.0414493 0.0076207
301 0.69254 0.048131 0.00698223
302 0.69254 0.0605001 0.0117967
303 0.69254 0.0488589 0.00901799
304 0.69254 0.0567657 0.0108122
305 0.69254 0.0542183 0.0120402
306 0.69254 0.0549283 0.011542
307 0.69254 0.0506529 0.00965982
308 0.69254 0.0510632 0.00845623
309 0.69254 0.0557009 0.0111004
310 0.69254 0.0537142 0.0106326
311 0.69254 0.0535515 0.0102052
312 0.69254 0.0592763 0.011223
313 0.69254 0.0577889 0.0106853
314 0.69254 0.0547695 0.0102573
315 0.69254 0.0501895 0.010584
316 0.69254 0.0505009 0.00910602
317 0.69254 0.051107 0.0094785
318 0.69254 0.056933 0.0107503
319 0.69254 0.0478866 0.00878793
320 0.91477 0.0526212 0.0134716
321 0.91477 0.0484675 0.00836807
322 0.91477 0.0563408 0.0111981
323 0.91477 0.0518469 0.00978204
324 0.91477 0.0413767 0.00712474
325 0.91477 0.0414217 0.00709692
326 0.91477 0.0504761 0.00880349
327 0.91477 0.058957 0.0105227
328 0.91477 0.0645465 0.0124697
329 0.91477 0.0497996 0.0087293
330 0.91477 0.0406504 0.00666743
331 0.91477 0.0572158 0.0110871
332 0.91477 0.048632 0.00774047
333 0.91477 0.0575568 0.0115963
334 0.91477 0.046933 0.00852989
335 0.91477 0.0543221 0.00944494
336 0.91477 0.0522362 0.0108674
337 0.91477 0.0609149 0.0126141
338 0.91477 0.0562733 0.011478
339 0.91477 0.0494457 0.00918039
340 0.91477 0.0466271 0.00682838
341 0.91477 0.0609004 0.0132724
342 0.91477 0.0576126 0.0103776
343 0.91477 0.0492252 0.00712891
344 0.91477 0.05723 0.00935922
345 0.91477 0.0526571 0.00894123
346 0.91477 0.050898 0.00822218
347 0.91477 0.0598491 0.0116602
348 0.91477 0.0534029 0.00893025
349 0.91477 0.0572891 0.00997719
350 0.91477 0.0438747 0.00812032
351 0.91477 0.0522939 0.00816524
352 0.91477 0.0498766 0.00776504
353 0.91477 0.0436289 0.0071689
354 0.91477 0.0585564 0.00965329
355 0.91477 0.0509433 0.00889702
356 0.91477 0.0562679 0.00855463
357 0.91477 0.0550743 0.0120316
358 0.91477 0.0573862 0.0103088
359 0.91477 0.0578625 0.0103188
360 0.91477 0.0584249 0.0113686
361 0.91477 0.0506739 0.00952804
362 0.91477 0.0639599 0.0113253
363 0.91477 0.0639982 0.0127025
364 0.91477 0.0581675 0.0116638
365 0.91477 0.0568034 0.00990559
366 0.91477 0.056565 0.0107916
367 0.91477 0.0681803 0.0134009
368 0.91477 0.0508032 0.00990277
369 0.91477 0.0560558 0.010707
370 0.91477 0.0561003 0.0101735
371 0.91477 0.0666548 0.0129912
372 0.91477 0.0516663 0.0111447
373 0.91477 0.0501909 0.00808176
374 0.91477 0.049233 0.00775498
375 0.91477 0.0476589 0.0085112
376 0.91477 0.0536777 0.00858341
377 0.91477 0.0576236 0.0111712
378 0.91477 0.0630979 0.012516
379 0.91477 0.058144 0.0112839
380 0.91477 0.0517211 0.0106234
381 0.91477 0.0548385 0.0109535
382 0.91477 0.0695126 0.0141275
383 0.91477 0.0654845 0.0138957
384 0.91477 0.0671989 0.0127986
385 0.91477 0.0600433 0.0119089
386 0.91477 0.0515991 0.00768112
387 0.91477 0.0588531 0.0108935
388 0.91477 0.060713 0.0119702
389 0.91477 0.0664936 0.0125612
390 0.91477 0.0610083 0.0120985
391 0.91477 0.0603879 0.0100634
392 0.91477 0.0590006 0.011863
393 0.91477 0.0607972 0.0112569
394 0.91477 0.0461591 0.00809854
395 0.91477 0.0544331 0.00963414
396 0.91477 0.0599395 0.0121314
397 0.91477 0.0551133 0.0101506
398 0.91477 0.0614931 0.0127454
399 0.91477 0.0453719 0.00722807
400 0.91477 0.0619623 0.0137495
401 0.91477 0.0668369 0.0132828
402 0.91477 0.0511535 0.00881807
403 0.91477 0.0558652 0.0123192
404 0.91477 0.0562542 0.0101484
405 0.91477 0.0532645 0.00979166
406 0.91477 0.0634525 0.0128649
407 0.91477 0.0636556 0.0122908
408 0.91477 0.0566374 0.0108287
409 0.91477 0.0540579 0.00935238
410 0.91477 0.0672418 0.0147474
411 1 0.0601632 0.0143093
411 0.4762 0.0564678 0.0113538
412 0.4762 0.0592971 0.0121029
413 1.01 0.0591925 0.0154819
413 0.4762 0.0507601 0.00917206
414 0.85106 0.0497546 0.00982791
415 0.85106 0.0497568 0.0090006
416 0.85106 0.0654813 0.0121381
417 0.85106 0.067094 0.0119094
418 0.85106 0.0638766 0.0100367
419 0.85106 0.0561777 0.00962787
420 0.85106 0.0485561 0.00803816
421 0.85106 0.0553313 0.00983399
422 0.85106 0.0597705 0.0117677
423 0.85106 0.0515547 0.0106159
424 0.85106 0.0605542 0.0111782
425 0.85106 0.056479 0.0105261
426 0.85106 0.0544081 0.00987477
427 1.01 0.0587942 0.013127
427 0.4762 0.0618005 0.0125577
428 0.4762 0.0619365 0.00987507
429 0.4762 0.0569271 0.00916732
430 0.4762 0.0604266 0.0104298
431 0.4762 0.0613775 0.0120974
432 0.4762 0.0546594 0.00869318
433 0.4762 0.0483511 0.00926406
434 0.4762 0.0604771 0.00995068
435 0.4762 0.0535667 0.0110958
436 0.4762 0.0654473 0.012824
437 0.4762 0.0473571 0.00746478
438 0.4762 0.0529227 0.00933826
439 0.4762 0.0520896 0.00910455
440 0.53381 0.0555954 0.011017
441 0.53381 0.0552782 0.0103483
442 0.53381 0.069309 0.0139644
443 0.53381 0.0514018 0.00928535
444 0.53381 0.0449679 0.00941495
445 0.53381 0.0509309 0.0104414
446 0.53381 0.0397448 0.00844373
447 0.53381 0.05028 0.00916764
448 0.53381 0.0420413 0.0063268
449 0.53381 0.049963 0.00822566
450 0.58612 0.0464018 0.00973419
451 0.58612 0.0592717 0.0113838
452 0.58612 0.0531904 0.0108658
453 0.58612 0.0524058 0.0106267
454 0.58612 0.0490675 0.00884197
455 0.58612 0.0523441 0.0083806
456 0.58612 0.0569845 0.00992872
457 0.58612 0.0539925 0.00937057
458 0.58612 0.0520469 0.00905983
459 0.58612 0.0760199 0.01574
460 0.58612 0.0517193 0.00995221
461 0.58612 0.0639585 0.0131244
462 0.58612 0.0637411 0.0112299
463 0.58612 0.0595276 0.0110082
464 0.58612 0.0502813 0.00885148
465 0.58612 0.0582018 0.0121222
466 0.58612 0.0490223 0.00803993
467 0.58612 0.0449512 0.007852
468 0.58612 0.0420942 0.00708528
469 0.58612 0.0560068 0.0102181
470 0.58612 0.0557564 0.0111119
471 0.58612 0.0623958 0.0132204
472 0.58612 0.0513174 0.00776944
473 0.58612 0.05605 0.0122048
474 0.58612 0.0484236 0.00931583
475 0.58612 0.0427593 0.00748678
476 0.58612 0.0499704 0.00987905
477 0.58612 0.0466598 0.00918895
478 0.58612 0.054484 0.0105592
479 0.58612 0.0570562 0.0110509
480 0.58612 0.0628963 0.0135362
481 0.58612 0.0539393 0.0113579
482 0.58612 0.0553776 0.011732
483 0.58612 0.0564671 0.0118524
484 0.58612 0.0575688 0.01056
485 0.58612 0.0626757 0.0102438
486 0.58612 0.0531561 0.00878092
487 0.58612 0.047932 0.00667287
488 0.58612 0.0518093 0.00880925
489 0.58612 0.0485517 0.00733404
490 0.58612 0.0608944 0.011287
491 0.58612 0.0674047 0.0118088
492 0.58612 0.0510073 0.00941023
493 0.58612 0.0484582 0.00766821
494 0.58612 0.0555251 0.00895104
495 0.58612 0.0498209 0.00976473
496 0.58612 0.0632943 0.0109727
497 0.58612 0.0612761 0.012517
498 0.58612 0.0548606 0.0101071
499 0.58612 0.053299 0.0105269
500 0.58612 0.0492029 0.00903997
501 0.58612 0.0539887 0.0123638
502 0.58612 0.0444889 0.00778526
503 0.58612 0.0634022 0.0128796
504 0.58612 0.0483484 0.00876625
505 0.58612 0.0541749 0.00960656
506 0.58612 0.0576644 0.00961884
507 0.58612 0.0600632 0.0114574
508 0.58612 0.05292 0.00948263
509 0.58612 0.0598464 0.0119017
510 0.58612 0.0645891 0.0139556
511 0.58612 0.0624941 0.0111062
512 0.58612 0.0619881 0.0125768
513 0.58612 0.0472717 0.00922745
514 0.58612 0.0628078 0.01242
515 0.58612 0.0510344 0.00896596
516 0.58612 0.0635154 0.0115016
517 0.58612 0.0614806 0.0119485
518 0.58612 0.0514998 0.0109636
519 0.58612 0.0526124 0.0105852
520 0.58612 0.0502886 0.00912182
521 0.58612 0.0465664 0.00851819
522 0.58612 0.0515018 0.0106303
523 0.58612 0.0516769 0.0103932
524 0.58612 0.0587082 0.0120143
525 0.58612 0.0569515 0.0110433
526 0.58612 0.0476944 0.00817088
527 0.58612 0.0548417 0.00986794
528 0.58612 0.0549853 0.0102867
529 0.58612 0.051724 0.0104098
530 0.58612 0.0585318 0.0107071
531 0.58612 0.0455846 0.00756253
532 0.58612 0.061752 0.0105153
533 0.58612 0.0483085 0.00760643
534 0.58612 0.0483967 0.00974671
535 0.58612 0.0506966 0.00907808
536 0.58612 0.0534698 0.0109744
537 0.58612 0.0567319 0.0128178
538 0.58612 0.0547272 0.00872925
539 0.58612 0.0508122 0.00862312
540 0.58612 0.0685777 0.0144868
541 0.58612 0.0676271 0.0122048
542 0.58612 0.0631281 0.0137016
543 0.58612 0.0474635 0.00895239
544 0.58612 0.0535137 0.00891874
545 0.58612 0.0607199 0.0100634
546 0.58612 0.0462335 0.00737188
547 0.58612 0.0514635 0.0107862
548 0.58612 0.0609238 0.0127052
549 0.58612 0.057163 0.0111482
550 0.58612 0.0540426 0.010783
551 0.58612 0.0508185 0.00864799
552 0.58612 0.0552416 0.00775984
553 0.58612 0.0593144 0.0113661
554 0.58612 0.057657 0.010816
555 0.58612 0.0579185 0.0121258
556 0.58612 0.0476246 0.00903023
557 0.58612 0.0592925 0.0132424
558 0.58612 0.0551058 0.00989629
559 0.58612 0.0567038 0.0106313
560 0.60535 0.05434 0.0109771
561 0.60535 0.0500065 0.00941653
562 0.60535 0.0564697 0.0105278
563 0.60535 0.0575303 0.0116225
564 0.60535 0.0650873 0.0119647
565 0.60535 0.0602732 0.0116327
566 0.60535 0.0657674 0.0116355
567 0.60535 0.0473024 0.00811298
568 0.60535 0.0514011 0.00946055
569 0.60535 0.0572191 0.0120911
570 0.60535 0.0596565 0.0107062
571 0.60535 0.0553371 0.0104444
572 0.60535 0.0534085 0.0100937
573 0.60535 0.0538754 0.0100408
574 0.60535 0.0550522 0.0110158
575 0.60535 0.0464554 0.0078913
576 0.60535 0.0455999 0.00824061
577 0.60535 0.0428809 0.00563603
578 0.60535 0.0466219 0.00779473
579 0.60535 0.0618588 0.0125535
580 0.60535 0.047679 0.00910172
581 0.60535 0.0514081 0.0081377
582 0.60535 0.0487024 0.00599626
583 0.60535 0.0539947 0.00897791
584 0.60535 0.0423639 0.00619226
585 0.60535 0.0474564 0.00775067
586 0.60535 0.0576087 0.0123204
587 0.60535 0.0475539 0.00675349
588 0.60535 0.0537466 0.0107009
589 0.60535 0.0542634 0.00981232
590 0.60535 0.0501859 0.00985755
591 0.60535 0.0522273 0.00983359
592 0.60535 0.0564409 0.00962804
593 0.60535 0.0614987 0.0114277
594 0.60535 0.0436707 0.00673077
595 0.60535 0.0474266 0.00879966
596 0.60535 0.0447709 0.00703482
597 0.60535 0.0429676 0.00710331
598 0.60535 0.0572988 0.0109151
599 0.60535 0.0493853 0.00798981
600 0.60535 0.0492741 0.00908491
601 0.60535 0.0450878 0.00837651
602 0.60535 0.0426407 0.00615859
603 0.60535 0.0529502 0.00904199
604 0.60535 0.0416821 0.00586664
605 0.60535 0.0568392 0.00912172
606 0.60535 0.0464797 0.00647112
607 0.60535 0.0472377 0.00738316
608 0.60535 0.0446526 0.00666298
609 0.60535 0.0453512 0.0064198
610 0.60535 0.0455327 0.00546572
611 0.60535 0.0439342 0.00566931
612 0.60535 0.0442262 0.00644295
613 0.60535 0.04336 0.00749679
614 0.60535 0.0386749 0.00526467
615 0.60535 0.0367539 0.00579767
616 0.60535 0.046891 0.00698139
617 0.60535 0.0449363 0.00659682
618 0.60535 0.0424001 0.00637
619 0.60535 0.0501139 0.00747598
620 0.60535 0.0493153 0.00725172
621 0.60535 0.0420765 0.00618893
622 0.60535 0.0355158 0.00455796
623 0.60535 0.0443824 0.00642396
624 0.60535 0.0449968 0.00635705
625 0.60535 0.0480588 0.00839515
626 0.60535 0.0414622 0.0056109
627 0.60535 0.0504414 0.00703139
628 0.60535 0.0337868 0.00461045
629 0.60535 0.041 0.00484402
630 0.60535 0.0402117 0.0056387
631 0.60535 0.0507836 0.00663623
632 0.60535 0.0368905 0.00507236
633 0.60535 0.0437987 0.00614778
634 1.01 0.0473642 0.0117916
634 0.45026 0.0503962 0.00784321
635 0.45026 0.0450405 0.00582425
636 0.83852 0.0538083 0.0113004
637 0.83852 0.0567851 0.0081232
638 1 0.05675 0.0136264
638 0.46537 0.0608406 0.00954184
639 0.46537 0.0441313 0.00777933
640 0.46537 0.0550474 0.00659905
641 0.50066 0.0538037 0.00931184
642 0.50066 0.0544393 0.00993951
643 0.50066 0.0651597 0.012383
644 0.50066 0.0601624 0.0105981
645 0.53969 0.0486372 0.0105643
646 0.53969 0.0604214 0.0118347
647 0.56871 0.05752 0.0106487
648 0.56871 0.0515614 0.010324
649 0.56871 0.0523706 0.00865987
650 0.56871 0.0501185 0.0082946
651 0.56871 0.0558349 0.0103762
652 0.56871 0.0554486 0.0113781
653 0.56871 0.0649768 0.0130666
654 0.56871 0.0566765 0.0112141
655 0.56871 0.0396573 0.00786913
656 0.56871 0.0512555 0.010048
657 0.56871 0.0445206 0.00632089
658 0.56871 0.0405865 0.00616422
659 0.56871 0.0551494 0.0100888
660 0.56871 0.0550454 0.00859847
661 0.56871 0.0538501 0.00935198
662 0.56871 0.0458835 0.00811415
663 0.56871 0.0511563 0.00971095
664 0.56871 0.0486193 0.009159
665 0.56871 0.0490706 0.00921703
666 0.56871 0.0512372 0.00921023
667 0.56871 0.0634405 0.012138
668 0.56871 0.0572015 0.00842108
669 0.56871 0.0517405 0.00730455
670 0.56871 0.0537452 0.00871022
671 0.56871 0.037331 0.00520593
672 0.56871 0.0577606 0.0111334
673 0.56871 0.0528216 0.00820159
674 0.56871 0.0483514 0.00815743
675 0.56871 0.0485803 0.00808111
676 0.56871 0.0409911 0.00651474
677 0.56871 0.0525421 0.00898643
678 0.56871 0.0523955 0.00804981
679 0.56871 0.0513866 0.00927073
680 0.56871 0.0581142 0.00737166
681 0.60239 0.0669358 0.012396
682 0.60239 0.0397238 0.0062709
683 0.60239 0.0527553 0.00739657
684 0.60239 0.0465515 0.00730759
685 0.60239 0.0522209 0.00860077
686 0.60239 0.0560462 0.0113244
687 0.60239 0.0544029 0.0107551
688 0.60239 0.0538448 0.00920161
689 0.60239 0.0544844 0.0124109
690 0.60239 0.0587808 0.0125118
691 0.60239 0.0652159 0.0124432
692 0.60239 0.0628807 0.0115881
693 0.60239 0.04394 0.00759238
694 0.60239 0.0468391 0.00768533
695 0.60239 0.0371166 0.00618765
696 0.60239 0.0460691 0.00851388
697 0.60239 0.0690723 0.0138692
698 0.60239 0.0647664 0.0142835
699 0.60239 0.0590426 0.00943721
700 0.60239 0.0520241 0.00891179
701 0.61809 0.0523704 0.010706
702 0.61809 0.0511405 0.00988307
703 0.61809 0.0512693 0.00965873
704 0.61809 0.0441414 0.00631873
705 0.61809 0.0611905 0.0119024
706 0.61809 0.0509129 0.010865
707 0.61809 0.0543728 0.0103676
708 0.72659 0.0606868 0.0115345
709 0.72659 0.059389 0.0115319
710 0.72659 0.061835 0.0106558
711 0.72659 0.0700685 0.0135045
712 0.72659 0.0499206 0.00912699
713 0.72659 0.0687638 0.0135479
714 0.72659 0.049913 0.00993368
715 0.72659 0.0606084 0.01332
716 0.72659 0.0534266 0.00984223
717 0.72659 0.0528236 0.0103686
718 0.72659 0.0548787 0.0121964
719 0.72659 0.0550762 0.0111472
720 0.72659 0.0496272 0.0105091
721 0.72659 0.0484789 0.00865898
722 0.72659 0.0478398 0.00877416
723 0.72659 0.0446462 0.00778735
724 0.72659 0.043373 0.00849261
725 0.72659 0.0562621 0.0115617
726 0.72659 0.0571763 0.0126514
727 0.72659 0.0481361 0.00943376
728 0.72659 0.0528935 0.0121019
729 0.72659 0.04602 0.00873978
730 0.72659 0.0501648 0.00973955
731 0.72659 0.0568245 0.013406
732 0.72659 0.0446282 0.0091879
733 0.72659 0.0577825 0.011774
734 0.72659 0.0555763 0.0125195
735 0.72659 0.0537226 0.0110817
736 0.72659 0.0504483 0.00963742
737 0.72659 0.0652408 0.0132775
738 0.72659 0.0515828 0.0100024
739 0.72659 0.060518 0.0111465
740 0.72659 0.0453989 0.00823859
741 0.72659 0.0607446 0.0108946
742 0.72659 0.0570937 0.0123943
743 0.72659 0.049402 0.0108317
744 0.72659 0.0528305 0.0099861
745 0.72659 0.0537268 0.0098794
746 0.72659 0.0550586 0.0101561
747 0.72659 0.0489244 0.00877098
748 0.72659 0.0616215 0.0110959
749 0.72659 0.0582219 0.0105157
750 0.72659 0.0586335 0.0122433
751 0.72659 0.043801 0.00907258
752 0.72659 0.0436643 0.00868002
753 0.72659 0.0456054 0.00822101
754 0.72659 0.0490453 0.00916257
755 0.72659 0.0573378 0.0104097
756 0.72659 0.0392355 0.00607289
757 0.72659 0.0512651 0.00865154
758 0.72659 0.054806 0.0108434
759 0.72659 0.0608167 0.0124219
760 0.72659 0.0494382 0.00797383
761 0.72659 0.0483331 0.00807997
762 0.72659 0.0585757 0.0108415
763 0.72659 0.051937 0.00983989
764 0.72659 0.0372907 0.00669413
765 0.72659 0.0530737 0.011709
766 0.72659 0.0524746 0.0104215
767 0.72659 0.0571448 0.011806
768 0.72659 0.0567565 0.0105631
769 0.72659 0.0452556 0.00838347
770 0.72659 0.0625196 0.0125801
771 0.72659 0.0621019 0.0138516
772 0.72659 0.0666265 0.0151858
773 0.72659 0.0496512 0.0100698
774 0.72659 0.0449223 0.00741966
775 0.72659 0.0608168 0.0130285
776 0.72659 0.0512694 0.0110159
777 0.72659 0.0382202 0.00734309
778 0.72659 0.0498189 0.00966892
779 0.72659 0.0485003 0.0100434
780 0.72659 0.0429939 0.00627102
781 0.72659 0.0542139 0.0108591
782 0.72659 0.066241 0.0121218
783 0.72659 0.0556095 0.0114787
784 0.72659 0.0549877 0.00864429
785 0.72659 0.0599564 0.0120077
786 0.72659 0.0557197 0.0104275
787 0.72659 0.0551092 0.0114512
788 0.72659 0.0435382 0.00869428
789 0.72659 0.0500981 0.010646
790 0.72659 0.0507767 0.0111126
791 0.72659 0.0574107 0.0125579
792 0.72659 0.05352 0.0121029
793 0.72659 0.056236 0.0107627
794 0.72659 0.0526683 0.010574
795 0.72659 0.0452376 0.0093455
796 0.72659 0.063254 0.012613
797 0.72659 0.052798 0.00908262
798 0.72659 0.0552637 0.0101418
799 0.72659 0.0579812 0.0110315
800 0.72659 0.049283 0.00730116
801 0.72659 0.0595693 0.0105943
802 0.72659 0.0532615 0.0102743
803 0.72659 0.053065 0.00889596
804 0.72659 0.0502263 0.0093172
805 0.72659 0.0461735 0.00850887
806 0.72659 0.0554613 0.00896687
807 0.72659 0.0513111 0.00972119
808 0.72659 0.0690719 0.0142896
809 0.72659 0.0491151 0.00845971
810 0.72659 0.053645 0.00990505
811 0.72659 0.0646282 0.0126256
812 0.72659 0.067897 0.0147594
813 0.72659 0.0477564 0.00838744
814 0.72659 0.0515484 0.008848
815 0.72659 0.0598272 0.0135511
816 0.72659 0.0732232 0.0164461
817 0.72659 0.0611916 0.0129763
818 0.72659 0.0568704 0.0111771
819 0.72659 0.0592747 0.0126678
820 0.72659 0.06257 0.0140896
821 0.72659 0.0553227 0.0129516
822 0.72659 0.0756994 0.0188655
823 0.72659 0.0589826 0.010766
824 0.72659 0.057365 0.0127375
825 0.72659 0.0631603 0.0136409
826 0.72659 0.0469112 0.00966426
827 0.72659 0.0516163 0.00901576
828 0.72659 0.045679 0.00754253
829 0.72659 0.055171 0.0118449
830 0.72659 0.0554781 0.00938796
831 0.72659 0.0486708 0.00801151
832 0.72659 0.0515765 0.0084185
833 0.72659 0.0550742 0.00924113
834 0.72659 0.044281 0.00694083
835 0.72659 0.0428158 0.00826743
836 0.72659 0.0361502 0.00643774
837 0.72659 0.0429368 0.00796307
838 0.72659 0.0394214 0.00642862
839 0.72659 0.0449869 0.00709075
840 0.72659 0.064245 0.0118285
841 0.72659 0.0507653 0.0104929
842 0.72659 0.054684 0.0101293
843 0.72659 0.0525168 0.0112508
844 0.72659 0.0504918 0.0105565
845 0.72659 0.0694333 0.013177
846 0.72659 0.0572826 0.0127998
847 0.72659 0.0549193 0.0116243
848 0.72659 0.0629123 0.0135584
849 0.72659 0.0618872 0.0127536
850 0.72659 0.0560491 0.0108647
851 0.72659 0.0468289 0.00868339
852 0.72659 0.0605773 0.0118131
853 0.72659 0.0585486 0.0126161
854 0.72659 0.0641051 0.0136152
855 0.72659 0.0471599 0.00852275
856 0.72659 0.0579766 0.0114268
857 0.72659 0.0496545 0.00902277
858 0.72659 0.050073 0.00980269
859 0.72659 0.0609788 0.0114252
860 0.72659 0.0468945 0.00710927
861 0.72659 0.0532707 0.0107555
862 0.72659 0.0492576 0.00953884
863 0.72659 0.0563213 0.00954182
864 0.72659 0.0551547 0.0119608
865 0.72659 0.0564296 0.00908183
866 0.72659 0.0615984 0.0118789
867 0.72659 0.0516825 0.0101342
868 0.72659 0.0516647 0.0105815
869 0.80953 0.0499454 0.0114814
870 0.80953 0.058808 0.0108883
871 0.80953 0.0549259 0.0126296
872 0.80953 0.0506452 0.011732
873 0.80953 0.0612243 0.0102001
874 0.80953 0.0628703 0.0135007
875 0.80953 0.0539013 0.0110781
876 0.80953 0.0694314 0.0142562
877 0.80953 0.052588 0.00988661
878 0.80953 0.059124 0.0110951
879 0.80953 0.062739 0.0128676
880 0.80953 0.0520522 0.00985442
881 0.80953 0.0553555 0.0123603
882 0.80953 0.0512051 0.00835987
883 0.80953 0.0558238 0.011911
884 0.81429 0.0645548 0.0146793
885 0.81429 0.0491829 0.0106654
886 0.81429 0.0651591 0.0127841
887 1 0.0561573 0.0142286
887 1 0.0558419 0.0136247
887 0.69254 0.0557154 0.0105199
888 0.69254 0.0537121 0.00947408
889 1 0.0770687 0.0195016
889 1.01 0.0674799 0.0177373
889 0.4762 0.0629657 0.0118307
890 0.4762 0.054762 0.00907288
891 0.4762 0.0533046 0.0111341
892 0.4762 0.0570582 0.00973397
893 0.4762 0.0507304 0.00950417
894 0.51794 0.0495924 0.00977987
895 0.51794 0.0501391 0.00854239
896 0.54558 0.0579038 0.0104418
897 0.77449 0.0504782 0.0109344
898 0.77449 0.0438157 0.00655681
899 0.77449 0.0518179 0.00842748
900 0.77449 0.0487956 0.00788686
901 0.77449 0.0521023 0.00969319
902 0.77449 0.0630931 0.0133676
903 0.77449 0.0422937 0.00720314
904 0.77449 0.0531087 0.00955596
905 0.77449 0.0476515 0.00958085
906 0.77449 0.048929 0.00921405
907 0.77449 0.0579622 0.00982555
908 0.77449 0.050767 0.00893249
909 0.77449 0.051681 0.00947959
910 0.77449 0.0520591 0.00804969
911 0.77449 0.0394057 0.00514664
912 0.77449 0.0479775 0.00724406
913 0.77449 0.0453377 0.00695996
914 0.77449 0.0601895 0.0104064
915 0.77449 0.0477905 0.0084852
916 0.77449 0.0479761 0.00872135
917 0.77449 0.0504925 0.00832365
918 0.77449 0.0470457 0.00773474
919 0.77449 0.0458066 0.00715032
920 0.77449 0.0556583 0.0104312
921 0.77449 0.0542368 0.0088181
922 0.77449 0.049135 0.00734426
923 0.77449 0.0384802 0.00684683
924 0.77449 0.0408925 0.00678811
925 0.77449 0.0521622 0.00886153
926 0.77449 0.0382309 0.00510298
927 0.77449 0.0459778 0.00666788
928 0.77449 0.0444832 0.00703108
929 0.77449 0.0431113 0.00716729
930 0.77449 0.0457373 0.0066616
931 0.77449 0.0444234 0.00690963
932 0.77449 0.0463324 0.0076364
933 0.77449 0.0403399 0.00727147
934 0.77449 0.0507283 0.00880404
935 0.77449 0.0473781 0.00641649
936 0.77449 0.0569748 0.0102298
937 0.77449 0.0580228 0.00913055
938 0.77449 0.053307 0.00937523
939 0.77449 0.0504463 0.00894823
940 0.77449 0.05662 0.0109024
941 0.77449 0.0626073 0.0109425
942 0.77449 0.0546519 0.0103546
943 0.77449 0.054968 0.0106728
944 0.77449 0.047195 0.00885144
945 0.77449 0.0571507 0.0112522
946 1 0.0693869 0.0185989
947 1 0.0527177 0.0106663
948 1 0.0680974 0.014097
949 1 0.0595817 0.0121269
950 1 0.0614772 0.0182939
951 1 0.056307 0.0113601
952 1 0.0594779 0.0124684
953 1 0.0599363 0.0156842
954 1.01 0.0614921 0.0167245
955 1.01 0.0493807 0.0104154
956 1.01 0.0538533 0.0104694
957 1.01 0.0658273 0.0207044
958 1.01 0.0606654 0.0140092
959 1.01 0.0630102 0.0157403
960 1.01 0.0686489 0.0194118
961 1.01 0.0582453 0.0157606
962 1.01 0.0702839 0.0170417
963 1.01 0.0668409 0.0198595
964 1.01 0.0684847 0.0165243
965 1.01 0.0708431 0.0172099
966 1.01 0.0724494 0.0174466
967 1.01 0.0622655 0.017657
968 1.01 0.0492624 0.00740974
969 1.01 0.0553783 0.0139368
970 1.01 0.0602721 0.0139361
971 1.01 0.0691111 0.0219739
972 1.01 0.0532277 0.0109684
973 1.01 0.0679011 0.0169404
974 1.01 0.0591198 0.012826
975 1.01 0.0737582 0.0179094
976 1.01 0.0576271 0.0117169
977 1.01 0.0667026 0.018823
978 1.01 0.0678759 0.0190745
979 1.01 0.0530966 0.0169425
980 1.01 0.0540131 0.0129168
981 1.01 0.0575663 0.0157638
982 1.01 0.0562801 0.0165141
983 1.01 0.0604904 0.0164013
984 1.01 0.0792243 0.0300338
985 1.01 0.0664898 0.0179784
986 1.02 0.0736039 0.0201451
987 1.02 0.0641734 0.0145849
988 1.02 0.0644846 0.0173454
989 1.02 0.0596868 0.0158128
990 1.02 0.0597476 0.0179642
991 1.02 0.0529676 0.0108838
992 1.02 0.0782244 0.0271855
993 1.02 0.0702075 0.0192106
994 1.02 0.0545739 0.0162972
995 1.02 0.0744345 0.0223557
996 1.02 0.0850817 0.038852
997 1.02 0.0698344 0.0198612
998 1.02 0.0717537 0.0311224
999 1.02 0.0716137 0.0255143
1000 1.02 0.0717326 0.0203574
