0 0.25555 0.0365454 0.00303018
1 0.25555 0.018673 0.00128605
2 0.25555 0.0184739 0.00153427
3 0.3012 0.0388115 0.00502238
4 0.3012 0.0231907 0.00177081
5 0.3012 0.0261092 0.00238769
6 0.3012 0.0224828 0.00240218
7 0.3012 0.0293754 0.00310044
8 0.3012 0.0242967 0.00191806
9 0.3012 0.0283631 0.00297925
10 0.3012 0.0306774 0.00328344
11 0.35227 0.0309261 0.0036418
12 0.35227 0.0323155 0.00351277
13 0.35227 0.030605 0.00273783
14 0.35227 0.0261469 0.00247014
15 0.35227 0.0249503 0.00287954
16 0.35227 0.0314842 0.0032951
17 0.35227 0.039135 0.00435547
18 0.35227 0.0257216 0.00253746
19 0.35227 0.0315943 0.00317743
20 0.35227 0.0298007 0.00305962
21 0.35227 0.0352895 0.00324735
22 0.35227 0.032873 0.00358509
23 0.35227 0.0324493 0.00349866
24 0.35227 0.0407729 0.00467297
25 0.35227 0.0417685 0.00452387
26 0.35227 0.0354716 0.00346217
27 0.35227 0.0380976 0.00417371
28 0.35227 0.0365893 0.00454352
29 0.35227 0.03544 0.00420723
30 0.35227 0.0316407 0.00348441
31 0.35227 0.0404918 0.00457268
32 0.35227 0.03699 0.00391782
33 0.35227 0.0348504 0.00362673
34 0.35227 0.0409266 0.00415473
35 0.35227 0.0413757 0.00425372
36 0.35227 0.0403526 0.00445694
37 0.35227 0.030016 0.00340089
38 0.35227 0.0371793 0.0041115
39 0.35227 0.0334351 0.00379775
40 0.35227 0.0453694 0.00440667
41 0.35227 0.0370637 0.00379768
42 0.35227 0.0333557 0.00297027
43 0.35227 0.0380227 0.00387145
44 0.35227 0.0398088 0.00409472
45 0.35227 0.0405596 0.00455113
46 0.35227 0.0403619 0.00417781
47 0.35227 0.0322896 0.00301334
48 0.35227 0.0399283 0.00409012
49 0.35227 0.032839 0.00352563
50 0.35227 0.0371935 0.00398981
51 0.35227 0.0322182 0.00313661
52 0.35227 0.0306939 0.0040552
53 0.35227 0.0316302 0.00327115
54 0.35227 0.0359517 0.0040941
55 0.35227 0.0339596 0.00373935
56 0.35227 0.0380373 0.00391798
57 0.35227 0.0327313 0.00351845
58 0.35227 0.0393274 0.00433587
59 0.35227 0.0405749 0.0043573
60 0.35227 0.0425891 0.00450405
61 0.35227 0.0388758 0.00424327
62 0.35227 0.0428362 0.00444285
63 0.35227 0.0390362 0.00428029
64 0.35227 0.0442722 0.00438248
65 0.35227 0.0450924 0.00465349
66 0.35227 0.0434752 0.00507862
67 0.35227 0.0438575 0.00411045
68 0.35227 0.0421435 0.00483452
69 0.35227 0.0466471 0.00481445
70 0.35227 0.0497734 0.00564381
71 0.35227 0.0329055 0.00306932
72 0.35227 0.04329 0.00503047
73 0.35227 0.0362206 0.0040079
74 0.35563 0.0428558 0.00488545
75 0.35563 0.0382458 0.00403463
76 0.35563 0.0401379 0.00467612
77 0.35563 0.0399011 0.00430638
78 0.35563 0.043804 0.00432938
79 0.35563 0.0406461 0.00452618
80 0.35563 0.0449509 0.00443672
81 0.35563 0.0415253 0.00483606
82 0.35563 0.0451455 0.00501022
83 0.35563 0.0385255 0.00418036
84 0.35563 0.0469364 0.0051479
85 0.35563 0.0379086 0.00392735
86 0.35563 0.0347311 0.00374264
87 0.35563 0.0359822 0.00417876
88 0.43493 0.0422062 0.00496407
89 0.43493 0.0444219 0.00450675
90 0.43493 0.0434609 0.00465934
91 0.43493 0.0433165 0.00449055
92 0.43493 0.0408192 0.00446999
93 0.43493 0.0405832 0.00412162
94 0.43493 0.0372325 0.00402061
95 0.43493 0.0386191 0.0043314
96 0.43493 0.0426287 0.00426461
97 0.43493 0.0421882 0.00416094
98 0.43493 0.0300726 0.00316211
99 0.43493 0.0354099 0.00382113
100 0.43493 0.0378938 0.00434156
101 0.43493 0.0432503 0.00499627
102 0.43493 0.036762 0.00409247
103 0.43493 0.0363889 0.00439287
104 0.43493 0.0409931 0.00392888
105 0.43493 0.0387861 0.00413121
106 0.43493 0.0414434 0.00432918
107 0.43493 0.0533921 0.00590713
108 0.43493 0.0447624 0.00501185
109 0.43493 0.0436784 0.00431018
110 0.43493 0.0404643 0.00450853
111 0.43493 0.0374633 0.0044159
112 0.43493 0.0401577 0.00412937
113 0.43493 0.0308944 0.00320321
114 0.43493 0.0512341 0.00585206
115 0.43493 0.0432166 0.00425824
116 0.43493 0.0422223 0.00420602
117 0.43493 0.038872 0.00387494
118 0.43493 0.0419777 0.00400328
119 0.43493 0.0381276 0.00457326
120 0.43493 0.038794 0.0041914
121 0.43493 0.0376076 0.0040878
122 0.43493 0.038017 0.00420028
123 0.43493 0.0434694 0.0043735
124 0.43493 0.0380494 0.00424076
125 0.43493 0.0443368 0.00449818
126 0.43493 0.043231 0.00434106
127 0.44608 0.0481171 0.00572951
128 0.44608 0.0481828 0.00575079
129 0.44608 0.0456818 0.00431442
130 0.44608 0.0432827 0.00423436
131 0.44608 0.0400916 0.00388623
132 0.44608 0.039612 0.003959
133 0.44608 0.0446654 0.00469993
134 0.44608 0.0377158 0.00408628
135 0.44608 0.0472928 0.00498837
136 0.44608 0.0430593 0.00511047
137 0.44608 0.0431192 0.00476789
138 0.44608 0.049791 0.00511198
139 0.44608 0.046886 0.00496196
140 0.44608 0.0489077 0.00545568
141 0.44608 0.0352598 0.00387071
142 0.44608 0.0382507 0.004544
143 0.44608 0.0393984 0.00374496
144 0.44608 0.0441014 0.00463343
145 0.44608 0.0435667 0.00508965
146 0.44608 0.0380475 0.00411738
147 0.44608 0.0376178 0.00457558
148 0.44608 0.0420058 0.00429819
149 0.44608 0.0465636 0.00557601
150 0.44608 0.0376223 0.00417045
151 0.44608 0.0405398 0.00413867
152 0.44608 0.0456993 0.00503189
153 0.44608 0.0419283 0.00426101
154 0.44608 0.0431533 0.00459875
155 0.44608 0.0366218 0.00400434
156 0.44608 0.0399573 0.00385385
157 0.44608 0.0359804 0.00422977
158 0.44608 0.0372916 0.00395526
159 0.44608 0.0391931 0.00424089
160 0.44608 0.0352326 0.00377177
161 0.44608 0.0415585 0.00438136
162 0.44608 0.0360108 0.00366601
163 0.44608 0.0412352 0.00431964
164 0.44608 0.0482368 0.0060996
165 0.44608 0.0461699 0.00494297
166 0.44608 0.0461257 0.00539609
167 0.44608 0.0346247 0.0037385
168 0.44608 0.0452766 0.00434697
169 0.44608 0.0418904 0.00446728
170 0.44608 0.0477102 0.00560607
171 0.44608 0.0442395 0.00497415
172 0.4762 0.040629 0.00579009
173 0.58143 0.041677 0.00601431
174 0.58143 0.0394388 0.00473841
175 0.58143 0.0389875 0.0056327
176 0.58143 0.0406012 0.00495967
177 0.58143 0.0457812 0.00550902
178 0.58143 0.0506143 0.00668529
179 0.58143 0.0433218 0.00615824
180 0.58143 0.0467251 0.00704474
181 0.58143 0.0581472 0.00868282
182 0.58143 0.0459482 0.00781386
183 0.58143 0.0529209 0.00781683
184 0.58143 0.0510756 0.00886392
185 0.58143 0.0567999 0.00978623
186 0.66153 0.0541715 0.010429
187 0.66153 0.0475992 0.00738734
188 0.66153 0.049476 0.00754992
189 0.66153 0.0466085 0.00798424
190 0.66153 0.0598048 0.00974918
191 0.66153 0.0550583 0.00980946
192 0.66153 0.0592862 0.00954109
193 0.66153 0.0490223 0.0079486
194 0.66153 0.0431265 0.00620116
195 0.66153 0.0451586 0.00774323
196 0.66153 0.0445982 0.00762029
197 0.66153 0.0444726 0.00604009
198 0.66153 0.0554884 0.0102116
199 0.66153 0.0503725 0.00813248
200 0.66153 0.0533389 0.00961961
201 0.66153 0.0493709 0.00826844
202 0.66153 0.0450531 0.00816844
203 0.66153 0.0514671 0.00906989
204 0.66153 0.0560339 0.00871598
205 0.66153 0.0439783 0.00629883
206 0.66153 0.0580831 0.0103452
207 0.66153 0.0383767 0.00637068
208 0.66153 0.0497064 0.00670819
209 0.66153 0.0594609 0.0106927
210 0.66153 0.0562493 0.0106741
211 0.66153 0.0509274 0.0097327
212 0.66153 0.0511123 0.0103282
213 0.66153 0.0514242 0.00958508
214 0.66153 0.0655801 0.0125693
215 0.66153 0.056525 0.0130601
216 0.66153 0.0552388 0.0101339
217 0.66153 0.0515506 0.0104104
218 0.66153 0.0626862 0.012753
219 0.66153 0.0481512 0.00943779
220 0.66153 0.0561845 0.0115787
221 0.66153 0.0467538 0.00842161
222 0.66153 0.0575297 0.0112154
223 0.66153 0.0445622 0.00895645
224 0.66153 0.0554307 0.011194
225 0.66153 0.0464684 0.00891818
226 0.66153 0.050015 0.0104307
227 0.66153 0.0562461 0.0113644
228 0.66153 0.0584401 0.010554
229 0.66153 0.0607682 0.0130264
230 0.66153 0.0613166 0.0123763
231 0.66153 0.0548367 0.00866668
232 0.66153 0.043658 0.00880007
233 0.66153 0.0515948 0.0105089
234 0.66153 0.0577145 0.0125912
235 0.66153 0.0496978 0.00905324
236 0.66153 0.0596647 0.0115014
237 0.66153 0.0520169 0.0114335
238 0.66153 0.058747 0.0113427
239 0.66153 0.0641396 0.0135664
240 0.66153 0.0624959 0.0129285
241 0.66153 0.0711703 0.0149705
242 0.66153 0.0631202 0.0121723
243 0.66153 0.0438794 0.00876707
244 0.66153 0.0503316 0.0107972
245 0.66153 0.0582389 0.0120989
246 0.66153 0.0584134 0.0125724
247 1 0.0702353 0.0185097
247 0.4762 0.0486896 0.00962675
248 0.4762 0.0612965 0.0122067
249 0.4762 0.0619818 0.0136978
250 0.4762 0.0477251 0.00751259
251 0.4762 0.0600762 0.0122548
252 0.4762 0.0449289 0.00785372
253 0.4762 0.0493039 0.00757258
254 0.4762 0.0469047 0.00878934
255 0.4762 0.0541114 0.0107328
256 0.4762 0.0571688 0.0119216
257 0.4762 0.0507802 0.0083024
258 0.4762 0.0632401 0.011766
259 0.50794 0.0753957 0.0155467
260 0.50794 0.0498423 0.00981778
261 0.50794 0.0549287 0.00907928
262 0.50794 0.0537625 0.00868872
263 0.50794 0.0512253 0.00915831
264 0.50794 0.0414985 0.00766883
265 0.50794 0.0569071 0.0122829
266 0.50794 0.0573799 0.0112859
267 0.50794 0.0498234 0.0101424
268 0.50794 0.0531946 0.00958961
269 0.50794 0.0604617 0.0133051
270 0.50794 0.0475836 0.00939885
271 0.50794 0.0490311 0.00884788
272 0.50794 0.0615573 0.0126093
273 0.50794 0.0594156 0.0121411
274 0.50794 0.0640812 0.0127208
275 0.50794 0.0654269 0.0149066
276 0.50794 0.0621349 0.0118723
277 0.50794 0.0507995 0.0091222
278 0.50794 0.0563713 0.0109658
279 0.50794 0.0511705 0.00862943
280 0.50794 0.0630176 0.0125084
281 0.50794 0.0672326 0.0142373
282 0.55382 0.0603507 0.0118354
283 0.55382 0.0523449 0.00990865
284 0.55382 0.0502035 0.00875337
285 0.55382 0.0399244 0.00620902
286 0.55382 0.0564383 0.0108231
287 0.58731 0.0535203 0.010966
288 0.58731 0.0401871 0.00696594
289 0.58731 0.0589757 0.0106266
290 0.58731 0.0623792 0.0114372
291 0.58731 0.0528704 0.00996935
292 0.58731 0.0609229 0.012572
293 0.58731 0.0557513 0.0109707
294 0.58731 0.0484998 0.00939323
295 0.58731 0.0541118 0.0101444
296 0.58731 0.0489807 0.00975333
297 0.58731 0.0528885 0.0116844
298 0.58731 0.0536589 0.00967377
299 0.58731 0.0536422 0.00961102
300 0.58731 0.0452238 0.00713414
301 0.58731 0.0559512 0.0123058
302 0.58731 0.0545556 0.0106191
303 0.58731 0.047968 0.00956098
304 0.58731 0.0529601 0.0117584
305 0.61568 0.0536615 0.00958816
306 0.61568 0.0510736 0.00888617
307 0.61568 0.0604694 0.0113438
308 0.61568 0.0529656 0.00943341
309 0.61568 0.0585938 0.0128709
310 0.61568 0.0568777 0.0106034
311 0.61568 0.0633543 0.0131015
312 0.61568 0.0619371 0.0128924
313 0.73656 0.0705708 0.0154363
314 0.73656 0.0573646 0.011005
315 0.73656 0.0676903 0.0125589
316 0.73656 0.0629363 0.0121802
317 0.73656 0.0651644 0.0129244
318 0.73656 0.0623734 0.013288
319 0.73656 0.0549697 0.0124608
320 0.73656 0.0625474 0.0124414
321 0.73656 0.0615312 0.0115686
322 0.73656 0.0559593 0.0106746
323 0.86222 0.0591163 0.012691
324 0.86222 0.0493163 0.0100165
325 0.86222 0.0500896 0.00907365
326 0.86222 0.0445603 0.00761298
327 0.86222 0.0500112 0.00846835
328 0.86222 0.0494387 0.00815439
329 0.86222 0.0436559 0.00718162
330 0.86222 0.0538788 0.00965544
331 0.86222 0.0460091 0.00928314
332 0.86222 0.0485215 0.0100651
333 0.86222 0.0404611 0.00752718
334 0.86222 0.0521058 0.00963257
335 0.86222 0.0479617 0.00901118
336 0.86222 0.0457309 0.00847964
337 0.86222 0.0488146 0.0102229
338 0.86222 0.0345419 0.0049465
339 0.86222 0.0439719 0.00915359
340 0.86222 0.0468913 0.00831135
341 0.86222 0.0562156 0.0106805
342 0.86222 0.0572008 0.0112789
343 0.86222 0.0522197 0.0113368
344 0.86222 0.0538315 0.0100771
345 0.86222 0.0580946 0.0140686
346 0.86222 0.0418027 0.00758248
347 0.86222 0.0473845 0.00948752
348 0.86222 0.039717 0.00736188
349 0.86222 0.0554208 0.0106039
350 0.86222 0.0486968 0.00841812
351 0.86222 0.0375829 0.00583519
352 0.86222 0.0639597 0.0130805
353 0.86222 0.0538656 0.00933629
354 0.86222 0.0507402 0.0101307
355 0.86222 0.045268 0.00933015
356 0.86222 0.0453696 0.00707248
357 0.86222 0.0534817 0.0120546
358 0.86222 0.0412612 0.00719116
359 0.86222 0.044129 0.00865442
360 0.86222 0.0563284 0.0115817
361 0.86222 0.0539551 0.0116175
362 0.86222 0.0474172 0.00916486
363 0.86222 0.0484169 0.00803798
364 0.86222 0.0547345 0.0108262
365 0.86222 0.0482845 0.00870532
366 0.86222 0.0450585 0.00892506
367 0.86222 0.0599601 0.0120774
368 0.86222 0.0573144 0.0106626
369 0.86222 0.062293 0.012384
370 0.86222 0.0660425 0.014043
371 0.86222 0.0597658 0.013171
372 0.86222 0.0590057 0.012683
373 0.86222 0.0614762 0.0108311
374 0.86222 0.0538848 0.0107858
375 0.86222 0.060697 0.0113226
376 0.86222 0.0711415 0.0148275
377 0.86222 0.0659675 0.0111184
378 0.86222 0.0607182 0.0108452
379 0.86222 0.0545627 0.0115172
380 0.86222 0.0659681 0.0120408
381 0.86222 0.0520714 0.0100523
382 0.86222 0.0444279 0.00809889
383 0.86222 0.0585071 0.0096484
384 0.86222 0.0535541 0.00857199
385 0.86222 0.0483087 0.00877727
386 0.86222 0.059821 0.0125118
387 0.86222 0.0618878 0.0103029
388 0.86222 0.0529548 0.0103169
389 0.86222 0.0499196 0.00970595
390 0.86222 0.0597829 0.0105084
391 0.86222 0.0572235 0.0107162
392 0.91477 0.0658479 0.0165336
393 0.91477 0.0614333 0.011616
394 0.91477 0.0525109 0.0102416
395 0.91477 0.0531086 0.0104537
396 0.91477 0.0537537 0.0102325
397 0.91477 0.0629506 0.01177
398 0.91477 0.0559173 0.0103892
399 0.91477 0.0627002 0.0123263
400 0.91477 0.0624942 0.0112688
401 0.91477 0.0480035 0.00823847
402 0.91477 0.0495107 0.00903571
403 0.91477 0.0579549 0.0103962
404 0.91477 0.0533596 0.00964019
405 0.91477 0.0602489 0.0117434
406 0.91477 0.0634377 0.0131633
407 0.91477 0.0587068 0.0125776
408 0.91477 0.0506844 0.00953058
409 0.91477 0.0529548 0.00990265
410 0.91477 0.0571285 0.0100019
411 0.91477 0.0473885 0.00800438
412 0.91477 0.0616144 0.0132029
413 0.91477 0.0618589 0.0103282
414 0.91477 0.0548548 0.0105655
415 0.91477 0.0601833 0.0123798
416 0.91477 0.0494658 0.00932979
417 0.91477 0.0664587 0.0140536
418 0.91477 0.0667035 0.0132316
419 0.91477 0.0474467 0.00842751
420 0.91477 0.0574041 0.0116508
421 0.91477 0.0616929 0.0135533
422 0.91477 0.0583794 0.0110875
423 0.91477 0.0630763 0.0120635
424 0.91477 0.0680792 0.0140966
425 0.91477 0.0679545 0.0141029
426 0.91477 0.050849 0.0086539
427 0.91477 0.0530721 0.00974586
428 0.91477 0.0697995 0.0125553
429 0.91477 0.0752371 0.0149964
430 0.91477 0.0577966 0.0104818
431 0.91477 0.0504475 0.00897378
432 0.91477 0.0473663 0.0083558
433 0.91477 0.0492381 0.0106072
434 0.91477 0.0540904 0.0103278
435 0.91477 0.0569693 0.0100943
436 0.91477 0.0485218 0.00781083
437 0.91477 0.0578884 0.0105874
438 0.91477 0.0539142 0.00906953
439 0.91477 0.0670249 0.0141439
440 0.91477 0.0583798 0.0126193
441 0.91477 0.0562106 0.0106326
442 0.91477 0.0555128 0.0111859
443 0.91477 0.0550819 0.00961575
444 0.91477 0.0524618 0.00975269
445 0.91477 0.0495163 0.00754723
446 0.91477 0.0479141 0.00872477
447 0.91477 0.0641803 0.0138305
448 0.91477 0.0588179 0.0100554
449 0.91477 0.0533029 0.0110248
450 0.91477 0.0466543 0.00787248
451 0.91477 0.0446619 0.00780372
452 0.91477 0.0623001 0.0133272
453 0.91477 0.0530534 0.0102383
454 0.91477 0.0567471 0.0112403
455 0.91477 0.0594816 0.0114281
456 0.91477 0.04597 0.00699512
457 0.91477 0.0607657 0.0113757
458 0.91477 0.0546053 0.0109373
459 0.91477 0.0432001 0.00687164
460 0.91477 0.0478831 0.00891524
461 0.91477 0.0479714 0.00757375
462 0.91477 0.0570232 0.0113272
463 0.91477 0.0541093 0.00969014
464 0.91477 0.0527712 0.00797546
465 0.91477 0.0522128 0.0100239
466 0.91477 0.0550507 0.0094975
467 0.91477 0.0701362 0.0124766
468 0.91477 0.0513889 0.0100835
469 0.91477 0.0528722 0.0101705
470 0.91477 0.0457876 0.00847413
471 0.91477 0.0563286 0.00992603
472 0.91477 0.0559368 0.0129288
473 0.91477 0.0552358 0.0113703
474 0.91477 0.0636049 0.0130883
475 0.91477 0.0367758 0.0069304
476 0.91477 0.0566522 0.0111701
477 0.91477 0.0577595 0.0113211
478 0.91477 0.0620346 0.0118887
479 0.91477 0.0611729 0.012154
480 0.91477 0.0566249 0.0101924
481 0.91477 0.0560108 0.010008
482 0.91477 0.0555704 0.011873
483 0.91477 0.0611852 0.0115273
484 0.91477 0.0609029 0.012772
485 0.91477 0.0622434 0.0126707
486 0.91477 0.0628548 0.0137343
487 0.91477 0.0537058 0.0105521
488 0.91477 0.0490931 0.00908162
489 0.91477 0.0535952 0.00984887
490 0.91477 0.057196 0.012452
491 0.91477 0.0542684 0.0107554
492 0.91477 0.0593787 0.0128272
493 0.91477 0.0452027 0.00851087
494 0.91477 0.0489137 0.00998436
495 0.91477 0.0663001 0.0138027
496 0.91477 0.0634441 0.0128508
497 0.91477 0.0620438 0.0122278
498 0.91477 0.0545601 0.0103766
499 0.91477 0.0657467 0.0139609
500 0.91477 0.0641161 0.0121448
501 0.91477 0.0635488 0.0122816
502 0.91477 0.0659453 0.0128237
503 0.91477 0.0513281 0.00949585
504 0.91477 0.0652075 0.0124068
505 0.91477 0.0482679 0.00937017
506 0.91477 0.0510272 0.00849442
507 0.91477 0.0578086 0.0123736
508 0.91477 0.0494708 0.00889913
509 0.91477 0.0588116 0.012017
510 0.91477 0.0470489 0.00868324
511 0.91477 0.0560939 0.0114083
512 0.91477 0.065026 0.0121437
513 0.91477 0.0606845 0.0115055
514 0.91477 0.045651 0.00889507
515 0.91477 0.0511339 0.00987516
516 0.91477 0.0614618 0.0110008
517 0.91477 0.0625397 0.0123438
518 0.91477 0.0625452 0.0125818
519 0.91477 0.0584858 0.0123083
520 0.91477 0.0538365 0.01215
521 0.91477 0.0597012 0.0109327
522 0.91477 0.0509982 0.00983494
523 0.91477 0.0565941 0.0141791
524 0.91477 0.0555167 0.0123878
525 0.91477 0.0412597 0.00808276
526 0.91477 0.0465631 0.00972466
527 0.91477 0.0525094 0.0113253
528 0.91477 0.045685 0.0078762
529 0.91477 0.0596857 0.0134565
530 0.91477 0.0515744 0.0120917
531 0.91477 0.0523012 0.0105102
532 0.91477 0.0379224 0.00630081
533 0.91477 0.0480628 0.00976952
534 0.91477 0.050483 0.00930115
535 0.91477 0.0541085 0.0104139
536 0.91477 0.0521134 0.0101851
537 0.91477 0.0592135 0.0110894
538 0.91477 0.042636 0.00660968
539 0.91477 0.0588367 0.0109491
540 0.91477 0.0415194 0.00685718
541 0.91477 0.0496384 0.00727433
542 0.91477 0.0621164 0.011734
543 0.91477 0.0518699 0.00886579
544 0.91477 0.0549919 0.0101542
545 0.91477 0.0529664 0.00957919
546 0.91477 0.0529833 0.00839687
547 0.91477 0.053381 0.00944858
548 0.91477 0.056653 0.0119954
549 0.91477 0.0590612 0.0106702
550 0.91477 0.0552162 0.00910461
551 0.91477 0.0578967 0.0107283
552 0.91477 0.073193 0.0161448
553 0.91477 0.0544805 0.0117783
554 0.91477 0.0497264 0.00945839
555 0.91477 0.0492424 0.00935339
556 0.91477 0.0619098 0.0133183
557 0.91477 0.0540991 0.0100789
558 0.91477 0.044413 0.008659
559 0.91477 0.0498462 0.00914163
560 0.91477 0.0591392 0.00959238
561 0.91477 0.0524292 0.00833072
562 0.91477 0.0514985 0.0103656
563 0.91477 0.0502256 0.00973548
564 0.91477 0.060461 0.011156
565 0.91477 0.0513853 0.00956408
566 0.91477 0.047552 0.00824018
567 0.91477 0.0461845 0.00881566
568 0.91477 0.0496819 0.00848123
569 0.91477 0.0549551 0.0106876
570 0.91477 0.0402135 0.00546338
571 0.91477 0.0509441 0.00817214
572 0.91477 0.0491188 0.00804102
573 0.91477 0.0368913 0.00458785
574 0.91477 0.0482636 0.00812252
575 0.91477 0.0472294 0.00809
576 0.91477 0.0477155 0.00739333
577 0.91477 0.0522206 0.00880391
578 0.91477 0.0497853 0.00969747
579 0.91477 0.0626212 0.0111537
580 0.91477 0.0511069 0.007894
581 0.91477 0.0531974 0.00951559
582 0.91477 0.0504726 0.00883799
583 0.91477 0.0466624 0.00634718
584 0.91477 0.0628805 0.0116983
585 0.91477 0.048955 0.00757222
586 0.91477 0.058067 0.0109028
587 0.91477 0.0456907 0.00676854
588 0.91477 0.0550935 0.00860802
589 0.91477 0.0479389 0.0079719
590 0.91477 0.0523294 0.00804387
591 0.91477 0.0563245 0.00912644
592 0.91477 0.0507464 0.00836659
593 0.91477 0.0524861 0.00999812
594 0.91477 0.0496716 0.00864924
595 0.91477 0.0454514 0.00796589
596 0.91477 0.0516597 0.0097645
597 0.91477 0.0639979 0.0103876
598 0.91477 0.0524653 0.00841972
599 0.91477 0.0486614 0.00732445
600 0.91477 0.0357127 0.00590794
601 0.91477 0.0575368 0.0104047
602 0.91477 0.0472077 0.00848947
603 0.91477 0.0618505 0.011978
604 0.91477 0.0552051 0.00966933
605 0.91477 0.0519168 0.00806397
606 0.91477 0.0471387 0.00871706
607 0.91477 0.0652696 0.0124286
608 0.91477 0.0600256 0.0110926
609 0.91477 0.0596238 0.011847
610 0.91477 0.0608685 0.0103008
611 0.91477 0.0586057 0.0107576
612 0.91477 0.0607331 0.0130255
613 0.91477 0.0530332 0.0108809
614 0.91477 0.0674122 0.0116371
615 0.91477 0.068033 0.015094
616 0.91477 0.0496553 0.0111131
617 0.91477 0.0661305 0.0115623
618 0.91477 0.0507653 0.00813388
619 0.91477 0.0507365 0.00993928
620 0.91477 0.0574683 0.00961045
621 0.91477 0.0514437 0.00810334
622 0.91477 0.0547596 0.00951735
623 0.91477 0.0601556 0.0112318
624 0.91477 0.0728651 0.0148097
625 0.91477 0.063936 0.0129289
626 0.91477 0.0703137 0.0136686
627 0.91477 0.0670134 0.0153286
628 0.91477 0.0613968 0.0111428
629 1 0.0626859 0.0165332
629 0.4762 0.0588614 0.0109711
630 0.4762 0.0522403 0.0103528
631 0.4762 0.0464728 0.00726534
632 0.49207 0.0551492 0.0107791
633 0.56615 0.0631425 0.0133088
634 0.56615 0.0578089 0.0117575
635 0.56615 0.0581664 0.0115655
636 0.56615 0.0552778 0.00863163
637 0.56615 0.0653972 0.0135267
638 0.56615 0.0559471 0.0108731
639 0.56615 0.0508101 0.00834312
640 0.56615 0.0551859 0.00991666
641 0.56615 0.0526447 0.0099405
642 0.56615 0.0582006 0.0122545
643 0.56615 0.0528599 0.010123
644 0.56615 0.0580116 0.0112446
645 0.56615 0.0419213 0.00762049
646 0.56615 0.0476362 0.00886619
647 0.56615 0.0612347 0.0125563
648 0.56615 0.0458916 0.00753982
649 0.56615 0.055251 0.0108972
650 0.56615 0.0552685 0.00945215
651 0.56615 0.0545123 0.00948975
652 0.56615 0.0583646 0.0118415
653 0.56615 0.0648379 0.0121656
654 0.56615 0.0678187 0.0138091
655 0.56615 0.0588268 0.0121929
656 0.56615 0.0545202 0.0104167
657 0.56615 0.0486696 0.010388
658 0.58731 0.0699674 0.0163547
659 0.58731 0.050706 0.0107335
660 0.58731 0.055089 0.0113181
661 0.58731 0.0581523 0.0117014
662 0.58731 0.0627077 0.0122694
663 0.58731 0.0558481 0.0111079
664 0.61526 0.0638899 0.0143933
665 0.61526 0.0459711 0.00892514
666 0.61526 0.0658405 0.0127139
667 0.61526 0.0629439 0.0121414
668 0.61526 0.061317 0.0117331
669 0.61526 0.0459563 0.00742216
670 0.61526 0.053816 0.0100952
671 0.61526 0.0658984 0.0140516
672 0.61526 0.058194 0.0102078
673 0.61526 0.0483554 0.0100017
674 0.61526 0.0573464 0.0105563
675 0.61526 0.0630572 0.0128728
676 0.61526 0.0476722 0.00898219
677 0.61526 0.0511566 0.00926855
678 0.61526 0.0597376 0.00961051
679 0.61526 0.0600839 0.012063
680 0.61526 0.048811 0.0101496
681 0.66602 0.0571774 0.0111791
682 0.66602 0.0692184 0.0122526
683 0.66602 0.0672027 0.0116855
684 0.66602 0.0590177 0.011955
685 0.66602 0.0568586 0.0104072
686 0.66602 0.055341 0.0110946
687 0.66602 0.0700809 0.0153486
688 0.66602 0.0657751 0.0132643
689 0.66602 0.0668745 0.0128933
690 0.66602 0.0683993 0.015115
691 0.66602 0.058464 0.0109267
692 0.66602 0.0722499 0.0143139
693 0.66602 0.0616739 0.0131107
694 0.66602 0.0619536 0.0134897
695 0.66602 0.0636307 0.0142113
696 0.66602 0.0589416 0.0115437
697 0.66602 0.0549488 0.0103205
698 0.66602 0.0636982 0.0130465
699 0.66602 0.0605487 0.0126247
700 0.66602 0.0530534 0.0111607
701 0.66602 0.0569806 0.0120189
702 0.66602 0.0623474 0.0137309
703 0.66602 0.0600988 0.0114027
704 0.66602 0.0611439 0.0131019
705 0.66602 0.055913 0.0105422
706 0.66602 0.0497645 0.0104923
707 0.66602 0.0596431 0.0102251
708 0.66602 0.0429626 0.00644625
709 0.66602 0.049453 0.00943704
710 0.66602 0.0582738 0.0111652
711 0.66602 0.0588712 0.0105905
712 0.66602 0.0570926 0.01124
713 0.66602 0.0595137 0.011537
714 0.66602 0.0445598 0.00775677
715 0.66602 0.0475447 0.00880385
716 0.66602 0.049286 0.00897336
717 0.66602 0.0467649 0.00834063
718 0.66602 0.0484967 0.00951452
719 0.66602 0.0563407 0.0112278
720 0.66602 0.0473652 0.00780909
721 0.66602 0.054498 0.00951125
722 0.66602 0.0628635 0.0128191
723 0.66602 0.0575573 0.0100804
724 0.66602 0.0588266 0.01117
725 0.66602 0.0533501 0.00981435
726 0.66602 0.0678839 0.0118515
727 0.66602 0.0612991 0.0115421
728 0.66602 0.0576677 0.0113609
729 0.66602 0.0442252 0.0065131
730 0.66602 0.0513373 0.00819298
731 0.66602 0.0453163 0.00778728
732 0.66602 0.0579368 0.012079
733 0.66602 0.0558029 0.00975619
734 0.66602 0.0579407 0.0109686
735 0.66602 0.0601556 0.0126682
736 0.66602 0.0583319 0.0112858
737 0.66602 0.0555529 0.0112942
738 0.66602 0.0548757 0.0106869
739 0.66602 0.0541304 0.0105887
740 0.66602 0.058976 0.0121081
741 0.66602 0.0492972 0.0103064
742 0.66602 0.0577905 0.0127973
743 0.66602 0.0547764 0.0111577
744 0.66602 0.0576375 0.0119651
745 0.66602 0.0524339 0.0103315
746 0.66602 0.050447 0.0100755
747 0.66602 0.0583205 0.0140403
748 0.66602 0.0566788 0.0105602
749 0.66602 0.0488365 0.00964591
750 0.66602 0.0614846 0.0128066
751 0.66602 0.0631552 0.0138033
752 0.66602 0.0550465 0.00990037
753 0.66602 0.0597272 0.0126107
754 0.66602 0.0601482 0.0115189
755 0.66602 0.0724648 0.0148011
756 0.66602 0.062799 0.0116718
757 0.66602 0.0655828 0.0139977
758 0.66602 0.0630312 0.0135465
759 0.66602 0.0568476 0.0104104
760 0.66602 0.058728 0.0127141
761 0.66602 0.0626142 0.0120273
762 0.66602 0.055759 0.0107799
763 0.66602 0.0526469 0.0100157
764 0.66602 0.0631287 0.0123395
765 0.66602 0.0519118 0.00884688
766 0.66602 0.0604904 0.0112314
767 0.66602 0.0718253 0.0176521
768 0.66602 0.0619069 0.0120359
769 0.66602 0.0585688 0.0112013
770 0.66602 0.0695296 0.0135562
771 0.66602 0.0684503 0.0144243
772 0.66602 0.0639093 0.0129473
773 0.66602 0.0595395 0.0125566
774 0.66602 0.0614972 0.0124727
775 0.66602 0.0704485 0.0149894
776 0.66602 0.0685773 0.015414
777 0.66602 0.0560626 0.0136794
778 0.66602 0.0703801 0.0141116
779 0.66602 0.0648902 0.0149028
780 0.66602 0.069673 0.0142127
781 0.66602 0.0733156 0.0172105
782 0.66602 0.0612745 0.013338
783 0.66602 0.0608337 0.0128107
784 0.66602 0.0589329 0.0117332
785 0.66602 0.0564553 0.0108926
786 0.66602 0.0487814 0.00916121
787 0.66602 0.04674 0.00990497
788 0.66602 0.0655021 0.0123795
789 0.66602 0.0584457 0.0121166
790 0.66602 0.0833912 0.0158587
791 0.66602 0.0464132 0.0082247
792 0.66602 0.0549914 0.00985563
793 0.66602 0.059863 0.0142649
794 0.66602 0.0528077 0.0105629
795 0.66602 0.0549712 0.00998754
796 0.66602 0.0559053 0.0106761
797 0.66602 0.0537642 0.00873702
798 0.66602 0.0645803 0.013459
799 0.66602 0.0585641 0.0124434
800 0.66602 0.0547079 0.00948183
801 0.66602 0.0676851 0.0138495
802 0.66602 0.0605767 0.0114134
803 0.66602 0.0565889 0.00988658
804 0.66602 0.0716941 0.0145966
805 0.66602 0.0534714 0.008955
806 0.66602 0.0496047 0.00849324
807 0.66602 0.046656 0.00824124
808 0.66602 0.0589868 0.011082
809 0.66602 0.0553274 0.0112526
810 0.66602 0.0527398 0.0091785
811 0.66602 0.0446678 0.00829562
812 0.88088 0.0590606 0.0152285
813 0.88088 0.0509127 0.00985969
814 0.88088 0.0573458 0.011095
815 0.88088 0.0681089 0.0127481
816 0.88088 0.074181 0.0137951
817 0.88088 0.0531058 0.0096433
818 0.88088 0.0608992 0.0106819
819 0.88088 0.057823 0.0109939
820 0.88088 0.0477222 0.00916075
821 0.88088 0.0617138 0.0121112
822 0.88088 0.0661053 0.0132952
823 0.88088 0.0458977 0.00896773
824 0.88088 0.0594767 0.0126391
825 0.88088 0.0655319 0.0136846
826 0.88088 0.0687433 0.0154835
827 0.88088 0.0624182 0.0130569
828 0.88088 0.063777 0.0119593
829 0.88088 0.0582102 0.0119301
830 0.88088 0.0531517 0.0119712
831 0.88088 0.0478213 0.0083243
832 0.88088 0.0476468 0.00937786
833 0.88088 0.0568548 0.00878127
834 0.88088 0.0589488 0.0124979
835 0.88088 0.0581107 0.0100682
836 0.88088 0.0396977 0.00665586
837 0.88088 0.0521496 0.00965592
838 0.88088 0.0615363 0.0125425
839 0.88088 0.0579746 0.010981
840 0.88088 0.0594042 0.0120042
841 0.88088 0.0583261 0.0110691
842 0.88088 0.0534579 0.0101876
843 0.88088 0.04384 0.00682009
844 0.88088 0.0521707 0.00839578
845 0.88088 0.0454197 0.00815685
846 0.88088 0.0566319 0.0112308
847 0.88088 0.0481416 0.00886235
848 0.88088 0.0613497 0.0129862
849 0.88088 0.05013 0.00766461
850 0.88088 0.040465 0.00724591
851 0.88088 0.0468582 0.00765583
852 0.88088 0.0507568 0.0100765
853 0.88088 0.0577313 0.0116425
854 0.88088 0.0569507 0.011605
855 0.88088 0.0617242 0.0141472
856 0.88088 0.0699378 0.0135493
857 0.88088 0.0556275 0.0107993
858 0.88088 0.0526781 0.0107269
859 0.88088 0.0502804 0.0105781
860 0.88088 0.0552925 0.0106988
861 0.88088 0.0451087 0.00844051
862 0.88088 0.0623727 0.0142836
863 0.88088 0.0497355 0.00841607
864 0.88088 0.0511905 0.0103252
865 0.88088 0.0553524 0.0109404
866 0.88088 0.0544543 0.00975338
867 0.88088 0.0655646 0.0133899
868 0.88088 0.0661909 0.014176
869 0.88088 0.058749 0.0125629
870 0.88088 0.0508844 0.0112075
871 0.88088 0.0642681 0.0131413
872 0.88088 0.0563847 0.0105333
873 0.88088 0.0668286 0.0167245
874 0.88088 0.0572483 0.0120563
875 0.88088 0.0667833 0.012962
876 0.88088 0.0529247 0.00901907
877 0.88088 0.0635791 0.0122533
878 0.88088 0.0545714 0.00974552
879 0.88088 0.0735062 0.0142714
880 0.88088 0.0681798 0.0125301
881 0.88088 0.0650022 0.0140734
882 0.88088 0.0641312 0.0128997
883 0.88088 0.0702556 0.016453
884 0.88088 0.059319 0.0114038
885 0.88088 0.0592286 0.0107206
886 0.88088 0.0539627 0.00958686
887 0.88088 0.0644496 0.0124237
888 0.88088 0.0575281 0.0103749
889 0.88088 0.0578793 0.0103081
890 0.88088 0.0618814 0.0116588
891 0.88088 0.0746408 0.0164607
892 0.88088 0.0772192 0.0176369
893 0.88088 0.0550695 0.0103522
894 0.88088 0.063872 0.0125813
895 1 0.0642524 0.0171708
895 0.51048 0.0579977 0.0101096
896 0.51048 0.0572663 0.0107324
897 0.58143 0.062134 0.0133331
898 0.61231 0.0709869 0.0129853
899 0.61231 0.0518607 0.00848241
900 0.61231 0.0511537 0.00946411
901 0.61231 0.0601268 0.0118679
902 0.61231 0.058765 0.0131054
903 0.61231 0.0472835 0.0103558
904 0.61231 0.0537452 0.0110344
905 0.61231 0.0556815 0.0109657
906 0.61231 0.0496222 0.00894382
907 0.61231 0.0509355 0.00956415
908 0.61231 0.0636046 0.0146903
909 0.61231 0.0606192 0.0129457
910 0.61231 0.0572411 0.0118809
911 0.61231 0.0557772 0.01277
912 0.61231 0.0538954 0.0110979
913 0.61231 0.0596986 0.0124842
914 0.61231 0.0700754 0.0146954
915 0.61231 0.0598406 0.0111546
916 0.61231 0.0539745 0.00970274
917 0.61231 0.0541015 0.00976497
918 0.61231 0.0550153 0.011071
919 0.61231 0.0621155 0.0120684
920 0.61231 0.0553552 0.0104272
921 0.61231 0.0691515 0.0142347
922 0.61231 0.0597209 0.0108866
923 0.61231 0.0685327 0.0131155
924 0.61231 0.0592094 0.0101997
925 0.63009 0.063497 0.013074
926 0.63009 0.0653591 0.0145058
927 0.63009 0.0599484 0.0112133
928 0.63009 0.0533226 0.00995283
929 0.63009 0.0585984 0.013332
930 0.63009 0.0634315 0.0128693
931 0.63009 0.0553848 0.0101782
932 0.63009 0.0535791 0.0103689
933 0.63009 0.064114 0.0138674
934 0.63009 0.0700457 0.0134581
935 0.63009 0.0569004 0.0119545
936 0.63009 0.0696117 0.0151797
937 0.63009 0.0564429 0.00974816
938 1.01 0.0754998 0.0189945
938 0.4762 0.0577088 0.0129964
939 0.55279 0.0684193 0.0156315
940 0.69254 0.0605958 0.0139082
941 0.70674 0.0687905 0.0157588
942 0.70674 0.0628497 0.0123973
943 0.76055 0.0629593 0.0144598
944 0.76055 0.0703799 0.0152717
945 0.76055 0.0682456 0.0142884
946 0.76055 0.0679354 0.0145861
947 0.76055 0.0533018 0.0110975
948 0.76055 0.0587896 0.0124417
949 0.76055 0.062804 0.0115608
950 0.76055 0.0659971 0.012667
951 0.76055 0.055518 0.0126011
952 0.76055 0.0567663 0.0103833
953 0.76055 0.0587375 0.011541
954 0.76055 0.0510331 0.00885563
955 0.76055 0.0544746 0.0106885
956 0.76055 0.0659536 0.0136233
957 0.76055 0.0745253 0.0152556
958 0.76055 0.0687637 0.0150857
959 0.76055 0.0555897 0.0112024
960 0.76055 0.0662563 0.0143921
961 0.76055 0.0532401 0.010873
962 0.76055 0.0686079 0.0130249
963 0.76055 0.0666764 0.0133755
964 0.76055 0.0605132 0.0111255
965 0.76055 0.0645436 0.0135904
966 0.76055 0.0570299 0.0105426
967 0.76055 0.0414865 0.00692767
968 0.76055 0.0462833 0.00760023
969 0.76055 0.0582735 0.0108894
970 0.76055 0.0447223 0.00748027
971 0.76055 0.0522412 0.00841698
972 0.76055 0.0659773 0.0124796
973 0.76055 0.0525411 0.0101581
974 0.76055 0.063665 0.0139712
975 0.76055 0.0598565 0.0105907
976 0.76055 0.0605975 0.0115649
977 0.76055 0.0528911 0.0105817
978 0.76055 0.0439063 0.0085916
979 0.76055 0.0536399 0.0111603
980 0.76055 0.0520757 0.00910325
981 0.76055 0.0600471 0.0124887
982 0.76055 0.062714 0.0128106
983 0.76055 0.0617471 0.0128596
984 0.76055 0.0654695 0.011682
985 0.76055 0.0581433 0.0105846
986 0.76055 0.0540573 0.0114149
987 0.76055 0.070647 0.0166349
988 0.76055 0.0638786 0.0123219
989 0.76055 0.0502526 0.00894005
990 0.76055 0.0539152 0.0120056
991 0.76055 0.0632209 0.0140398
992 0.76055 0.0514139 0.0096935
993 0.76055 0.059503 0.0116356
994 0.76055 0.0510836 0.00801294
995 0.76055 0.0471274 0.0093157
996 0.76055 0.0564314 0.0113116
997 0.76055 0.0532897 0.0107581
998 0.76055 0.0641302 0.0132137
999 0.76055 0.0590349 0.0104274
1000 0.76055 0.056222 0.0102672
1000 0.4762 0.060585 0.0103705
1000 0.49207 0.053608 0.010814
1000 0.4762 0.0594782 0.0108229
1000 0.4762 0.0580537 0.0107122
1000 0.4762 0.059076 0.0113073
1000 0.4762 0.0644148 0.0112105
