0 0.20069 0.0389231 0.00302209
1 0.26799 0.0241794 0.00266767
2 0.26799 0.0198389 0.0014773
3 0.26799 0.0383856 0.00496492
4 0.29712 0.0306064 0.00298709
5 0.29712 0.0279293 0.00284002
6 0.29712 0.0199317 0.00196618
7 0.29712 0.0169813 0.00142866
8 0.29712 0.0362228 0.00359038
9 0.29712 0.0281959 0.00355821
10 0.29712 0.022743 0.00201407
11 0.29712 0.0320469 0.00316404
12 0.29712 0.0270853 0.00224853
13 0.29712 0.0316773 0.00336782
14 0.29712 0.0320542 0.00296466
15 0.29712 0.0326723 0.00324344
16 0.29712 0.0324808 0.00309207
17 0.29712 0.0275522 0.00264026
18 0.29712 0.0381464 0.00357745
19 0.29712 0.0290899 0.0028557
20 0.29712 0.0309204 0.00307771
21 0.29712 0.0338164 0.00359617
22 0.29712 0.036382 0.00385174
23 0.29712 0.0271387 0.00243348
24 0.29712 0.0307522 0.00304712
25 0.29712 0.0296364 0.00276613
26 0.29712 0.0413601 0.00468114
27 0.29712 0.0368209 0.00387662
28 0.29712 0.0375111 0.00382603
29 0.29712 0.0283498 0.00311004
30 0.29712 0.0332138 0.00331287
31 0.29712 0.0343617 0.00349889
32 0.33338 0.0321636 0.00367069
33 0.33338 0.0361751 0.00395402
34 0.33338 0.0268904 0.00256561
35 0.33338 0.0284622 0.00293686
36 0.33338 0.025514 0.00255226
37 0.33338 0.0381952 0.00391227
38 0.33338 0.029512 0.00313193
39 0.33338 0.0393254 0.00392623
40 0.33338 0.035427 0.0035793
41 0.33338 0.0252724 0.00233174
42 0.33338 0.0332331 0.00314163
43 0.33338 0.0356919 0.00450762
44 0.33338 0.037427 0.00403418
45 0.33338 0.0383447 0.00405104
46 0.33338 0.044004 0.00536179
47 0.33338 0.0320895 0.00349931
48 0.33338 0.0354383 0.00356052
49 0.33338 0.0321715 0.00317923
50 0.33338 0.0391989 0.00417805
51 0.33338 0.0308111 0.00289139
52 0.33338 0.0411145 0.00437842
53 0.33338 0.0394355 0.00406622
54 0.33338 0.0320606 0.00318531
55 0.33338 0.0413099 0.0041488
56 0.33338 0.0405483 0.00444651
57 0.33338 0.0418101 0.00483135
58 0.33338 0.0343361 0.00350144
59 0.33338 0.0392751 0.00459069
60 0.33338 0.0348098 0.00377081
61 0.33338 0.0378636 0.00367919
62 0.33338 0.0400247 0.00412695
63 0.33338 0.0266011 0.00264132
64 0.33338 0.0355874 0.00377634
65 0.33338 0.0394461 0.00388205
66 0.33338 0.0337752 0.00345084
67 0.33338 0.0402028 0.00416984
68 0.33338 0.0298618 0.00324555
69 0.33338 0.0401656 0.00437247
70 0.33338 0.0435281 0.00523214
71 0.33338 0.0367653 0.00449803
72 0.33338 0.0459478 0.00538122
73 0.33338 0.0360322 0.00381999
74 0.33338 0.0389402 0.00384824
75 0.33338 0.0354829 0.00368056
76 0.33338 0.0370882 0.003747
77 0.33338 0.0364263 0.00395347
78 0.33338 0.0393961 0.0038604
79 0.33338 0.0457203 0.00479156
80 0.33338 0.0373157 0.00395787
81 0.33338 0.0422133 0.00436547
82 0.33338 0.0352608 0.00367011
83 0.33338 0.0353996 0.00356783
84 0.33338 0.0435453 0.00448876
85 0.33338 0.0449952 0.0048996
86 0.33338 0.0429178 0.00453111
87 0.33338 0.0341437 0.00366331
88 0.33338 0.0439829 0.00460939
89 0.33338 0.0439251 0.00480794
90 0.33338 0.031716 0.00343487
91 0.33338 0.0441752 0.00508045
92 0.33338 0.0427531 0.00466823
93 0.33338 0.0415904 0.00476824
94 0.33338 0.0312195 0.00308364
95 0.33338 0.0330912 0.00345325
96 0.33338 0.0365387 0.00383309
97 0.33338 0.0461135 0.00457366
98 0.33338 0.0393825 0.00430139
99 0.33338 0.0374395 0.0038815
100 0.3407 0.0441313 0.00474551
101 0.3407 0.0454822 0.00536201
102 0.3407 0.0492717 0.00491229
103 0.3407 0.0470534 0.00527749
104 0.3407 0.0404845 0.0044101
105 0.3407 0.0395149 0.00402182
106 0.3407 0.0459849 0.00498449
107 0.3407 0.0398323 0.00500544
108 0.3407 0.054465 0.00549199
109 0.3407 0.0377731 0.00396515
110 0.3407 0.0389364 0.00417264
111 0.3407 0.04475 0.00466884
112 0.3407 0.0394092 0.00467968
113 0.3407 0.0423339 0.00442281
114 0.3407 0.0483172 0.00542253
115 0.3407 0.0347447 0.00378226
116 0.3407 0.049982 0.00540754
117 0.3407 0.0429356 0.00493062
118 0.3407 0.0373131 0.00420692
119 0.3407 0.0511004 0.00561892
120 0.3407 0.0459632 0.00522916
121 0.3407 0.0363385 0.0040262
122 0.3407 0.0383626 0.00403625
123 0.3407 0.0443103 0.00472962
124 0.35668 0.0376701 0.00460293
125 0.35668 0.0431995 0.00497194
126 0.35668 0.0250273 0.00261267
127 0.35668 0.0361961 0.0039039
128 0.35831 0.039366 0.00460085
129 0.35831 0.0400174 0.00465518
130 0.35831 0.0444689 0.00486146
131 0.35831 0.0378227 0.00392937
132 0.35831 0.0398263 0.00460304
133 0.35831 0.0405467 0.00463239
134 0.35831 0.0459762 0.0055314
135 0.35831 0.0441061 0.00447082
136 0.35831 0.036295 0.00394589
137 0.35831 0.0435658 0.00461021
138 0.35831 0.0382738 0.00400323
139 0.35831 0.0416167 0.00518498
140 0.35831 0.0371651 0.00400644
141 0.35831 0.0393365 0.00433669
142 0.35831 0.0402748 0.00412639
143 0.35831 0.0470528 0.00489608
144 0.35831 0.0431514 0.00446914
145 0.35831 0.0413664 0.00413709
146 0.35831 0.0382677 0.00389318
147 0.35831 0.0408827 0.00424509
148 0.45445 0.0418891 0.0052982
149 0.45445 0.0453813 0.00466829
150 0.45445 0.0436228 0.00483933
151 0.45445 0.0474573 0.00546474
152 0.45445 0.047351 0.00513642
153 0.45445 0.0406772 0.00421551
154 0.45445 0.0470933 0.004902
155 0.4762 0.0473938 0.00564221
156 0.4762 0.0467027 0.00505592
157 0.4762 0.0373803 0.0039765
158 0.4762 0.0459651 0.00462239
159 0.4762 0.0451298 0.00516327
160 0.4762 0.0455577 0.00545725
161 0.4762 0.0452633 0.00512086
162 0.4762 0.0394641 0.0039137
163 0.4762 0.0417159 0.00471871
164 0.4762 0.0497977 0.00584082
165 0.4762 0.04302 0.00478786
166 0.4762 0.0409955 0.00404502
167 0.4762 0.0482135 0.00520163
168 0.4762 0.0441168 0.00454251
169 0.4762 0.0461207 0.00496011
170 0.4762 0.0408636 0.00426888
171 0.4762 0.0401069 0.00430587
172 0.4762 0.0399531 0.00420099
173 0.4762 0.0482066 0.00543038
174 0.4762 0.0391837 0.00499526
175 0.4762 0.046481 0.00564989
176 0.4762 0.039597 0.00482653
177 0.4762 0.0504925 0.00526512
178 0.4762 0.0496032 0.00530568
179 0.4762 0.0370935 0.00446143
180 0.4762 0.0404674 0.00450131
181 0.4762 0.0448566 0.0056055
182 0.4762 0.0355696 0.00386335
183 0.4762 0.053489 0.00569854
184 0.4762 0.0397819 0.00492771
185 0.4762 0.0419691 0.00458905
186 0.4762 0.0381197 0.00404086
187 0.4762 0.0481173 0.00488153
188 0.4762 0.0387353 0.00425069
189 0.4762 0.0438712 0.00470278
190 0.4762 0.0450671 0.0052727
191 0.4762 0.0376074 0.00379785
192 0.4762 0.0460306 0.00475334
193 0.4762 0.0444182 0.00540769
194 0.4762 0.0438652 0.00496443
195 0.4762 0.0525922 0.00599243
196 0.4762 0.0442491 0.00467659
197 0.4762 0.0487754 0.00578188
198 0.4762 0.0444718 0.00538802
199 0.4762 0.0505565 0.00567419
200 0.4762 0.0511947 0.00597611
201 0.4762 0.0446537 0.00465865
202 0.4762 0.0377874 0.00398579
203 0.4762 0.0438204 0.00516548
204 0.4762 0.0487738 0.0056466
205 0.4762 0.050314 0.00626197
206 0.4762 0.0524118 0.00612743
207 0.4762 0.050589 0.00652399
208 0.4762 0.0491633 0.00715482
209 0.4762 0.0534169 0.00647738
210 0.4762 0.058626 0.00847379
211 0.4762 0.0580532 0.00769632
212 0.4762 0.0518847 0.00698285
213 0.4762 0.0529728 0.00757806
214 0.4762 0.0464292 0.00613714
215 0.4762 0.0445628 0.0065873
216 0.4762 0.0527743 0.00806467
217 0.4762 0.0436511 0.00679633
218 0.4762 0.0538796 0.00769622
219 0.4762 0.0621434 0.00900222
220 0.4762 0.050351 0.00678392
221 0.4762 0.0528964 0.00819826
222 0.4762 0.0462275 0.00670419
223 0.4762 0.0637736 0.00812429
224 0.4762 0.0590004 0.00789093
225 0.4762 0.0490406 0.00744721
226 0.4762 0.0484133 0.00690502
227 0.4762 0.0635385 0.0101528
228 0.4762 0.0456196 0.00721154
229 0.4762 0.0527498 0.00918949
230 0.4762 0.0613705 0.0106906
231 0.4762 0.0490492 0.00864673
232 0.4762 0.0553702 0.00926806
233 0.4762 0.0506684 0.00894149
234 0.4762 0.0524578 0.00808152
235 0.4762 0.0534397 0.00903103
236 0.4762 0.0507045 0.00879727
237 0.53554 0.055665 0.0116338
238 0.53554 0.0549925 0.00932081
239 0.53554 0.0528791 0.00940739
240 0.53554 0.0571376 0.011017
241 0.53554 0.0494051 0.00842657
242 0.53554 0.0598152 0.00925564
243 0.53554 0.0600647 0.0097034
244 0.53554 0.0553273 0.00964077
245 0.53554 0.0619053 0.0110268
246 0.53554 0.0523167 0.0096678
247 0.53554 0.0651736 0.011817
248 0.53554 0.0630296 0.01105
249 0.55556 0.0614764 0.0125275
250 0.55556 0.0630292 0.00982182
251 0.55556 0.0582946 0.00892745
252 0.55556 0.0567329 0.00983982
253 0.55556 0.0476442 0.00772935
254 0.55556 0.0448023 0.0063753
255 0.55556 0.051932 0.00839912
256 0.55556 0.0456644 0.00828882
257 0.55556 0.0584711 0.0101967
258 0.55556 0.0569977 0.0108919
259 0.55556 0.0540712 0.00850484
260 0.55556 0.0576835 0.0102632
261 0.55556 0.0466459 0.00713287
262 0.55556 0.0462821 0.00811167
263 0.55556 0.0562909 0.00904949
264 0.55556 0.0657621 0.0126629
265 0.55556 0.0583687 0.0108259
266 0.55556 0.0591369 0.0119586
267 0.55556 0.0529119 0.00879748
268 0.55556 0.0547793 0.0100229
269 0.55556 0.0583015 0.0113149
270 0.55556 0.0604392 0.00981159
271 0.55556 0.0462336 0.00756841
272 0.55556 0.0608246 0.0108604
273 0.55556 0.0565997 0.00989533
274 0.55556 0.0430661 0.00862222
275 0.55556 0.059899 0.0140882
276 0.55556 0.050963 0.0108962
277 0.66667 0.0650556 0.0149069
278 0.66667 0.0580093 0.0132706
279 0.66667 0.0585009 0.0126189
280 0.66667 0.0551441 0.0109212
281 0.66667 0.0590418 0.0107274
282 0.66667 0.0462237 0.00840353
283 0.66667 0.0491899 0.00953539
284 0.66667 0.0528031 0.0110148
285 0.66667 0.0532639 0.00945767
286 0.66667 0.045365 0.00999313
287 0.66667 0.0560027 0.0111324
288 0.66667 0.0505156 0.0102191
289 0.66667 0.0651565 0.0141976
290 0.66667 0.0520483 0.011186
291 0.66667 0.0488439 0.00940079
292 0.66667 0.0536783 0.0110944
293 0.66667 0.0429104 0.0072179
294 0.66667 0.0437963 0.00841233
295 0.66667 0.051554 0.0109653
296 0.66667 0.05803 0.0104154
297 0.66667 0.0508806 0.0100541
298 0.66667 0.0499274 0.00916024
299 0.66667 0.0473678 0.00814439
300 0.66667 0.0534237 0.0101606
301 0.66667 0.0425057 0.00722065
302 0.66667 0.0449969 0.00721675
303 0.66667 0.0580159 0.0107245
304 0.66667 0.050714 0.00980426
305 0.66667 0.0528087 0.00882683
306 0.66667 0.0529779 0.0100264
307 0.66667 0.0523114 0.0100587
308 0.66667 0.0549313 0.0103498
309 0.66667 0.0616157 0.0112947
310 0.66667 0.058296 0.0113367
311 0.66667 0.0530391 0.0104981
312 0.66667 0.0548298 0.0112657
313 0.66667 0.0507679 0.0106188
314 0.66667 0.0527414 0.0104289
315 0.66667 0.0636735 0.0134875
316 0.66667 0.0696961 0.014457
317 0.66667 0.0675928 0.0144086
318 0.66667 0.0601658 0.0118264
319 0.66667 0.0644017 0.0139313
320 0.66667 0.0640516 0.0124505
321 0.66667 0.0736708 0.0146159
322 0.66667 0.0467524 0.00789614
323 0.66667 0.0595076 0.0113341
324 0.66667 0.0541014 0.010554
325 0.66667 0.0563531 0.0103118
326 0.66667 0.062906 0.0115488
327 0.66667 0.0631799 0.0113133
328 0.66667 0.0613361 0.0116339
329 0.66667 0.0574259 0.0119942
330 0.66667 0.0597828 0.0113796
331 0.66667 0.0543833 0.0102008
332 1 0.0627052 0.017089
332 1 0.0603657 0.0146812
332 0.4762 0.067665 0.0121739
333 0.4762 0.0576364 0.00994487
334 0.4762 0.0543088 0.00930524
335 0.4762 0.0687209 0.0119951
336 0.4762 0.0470981 0.00778629
337 0.4762 0.0582216 0.0102684
338 0.4762 0.0639549 0.0127295
339 0.4762 0.0565156 0.0104199
340 0.4762 0.0494132 0.00852038
341 0.4762 0.0428988 0.00717666
342 0.4762 0.0646886 0.0128754
343 0.4762 0.0575586 0.0112238
344 0.4762 0.0614083 0.0117573
345 0.4762 0.0506012 0.00855802
346 0.4762 0.0627438 0.011033
347 0.50362 0.0581455 0.010508
348 0.52381 0.053643 0.011384
349 0.52381 0.0481912 0.00804002
350 0.58731 0.0593463 0.0105879
351 0.58731 0.0547904 0.0107401
352 0.58731 0.0620149 0.0121246
353 0.58731 0.0624008 0.0115883
354 0.58731 0.0694987 0.0142271
355 0.58731 0.0476582 0.00824025
356 0.58731 0.047315 0.00866506
357 0.58731 0.0506263 0.00924481
358 0.58731 0.0542008 0.0107967
359 0.58731 0.0539258 0.00986048
360 0.58731 0.0573806 0.0104237
361 0.58731 0.0524277 0.00935115
362 0.58731 0.0503975 0.00802829
363 0.58731 0.0487302 0.00745869
364 0.58731 0.0550581 0.0106543
365 0.58731 0.0511217 0.00847026
366 0.58731 0.0479678 0.00837548
367 0.58731 0.0454238 0.0075929
368 0.58731 0.0465499 0.00875009
369 0.58731 0.05381 0.00926097
370 0.58731 0.0439455 0.00748527
371 0.58731 0.0546044 0.0110014
372 0.58731 0.0527823 0.0115898
373 0.58731 0.0433868 0.00718151
374 0.58731 0.0551576 0.0115915
375 0.58731 0.0524596 0.0090277
376 0.58731 0.0497897 0.00784583
377 0.58731 0.0572335 0.00905057
378 0.58731 0.0484208 0.00741888
379 0.58731 0.0681879 0.0126519
380 0.58731 0.052116 0.010308
381 0.58731 0.0504589 0.00973583
382 0.58731 0.0583942 0.0112301
383 0.58731 0.0530013 0.00946725
384 0.58731 0.0574415 0.0111394
385 0.58731 0.0516171 0.00912463
386 0.58731 0.0444228 0.00795888
387 0.58731 0.0441212 0.00755948
388 0.58731 0.0432316 0.00768632
389 0.58731 0.0523958 0.00835571
390 0.58731 0.0488498 0.00732684
391 0.58731 0.0466327 0.00995332
392 0.58731 0.0541138 0.0106844
393 0.58731 0.0503708 0.00765811
394 0.58731 0.0590973 0.0120065
395 0.58731 0.0551959 0.00875928
396 0.79778 0.0591841 0.0130184
397 0.79778 0.0549843 0.0106351
398 0.79778 0.0620815 0.011727
399 0.79778 0.0468511 0.00863466
400 0.79778 0.0587597 0.0100506
401 0.79778 0.0434566 0.00842817
402 0.79778 0.0566247 0.00996191
403 0.79778 0.051835 0.0111533
404 0.79778 0.0434053 0.00710843
405 0.79778 0.0649835 0.0102272
406 0.79778 0.0446535 0.00704147
407 0.79778 0.0522002 0.0105549
408 0.79778 0.0642267 0.0136406
409 0.79778 0.0443448 0.0094289
410 0.79778 0.0643867 0.0136356
411 0.79778 0.0704852 0.0159381
412 0.79778 0.0606859 0.0136179
413 0.79778 0.047346 0.00946447
414 0.79778 0.0519514 0.00821473
415 0.79778 0.0528654 0.00885329
416 0.79778 0.0522843 0.00978267
417 0.79778 0.0732615 0.0153299
418 0.79778 0.0562689 0.0123055
419 0.79778 0.0460309 0.00859976
420 0.79778 0.0532072 0.0111326
421 0.79778 0.0541594 0.00994422
422 0.79778 0.0512029 0.0102365
423 0.79778 0.0564589 0.0108407
424 0.79778 0.0583582 0.0100052
425 0.79778 0.0577426 0.0127395
426 0.79778 0.0545318 0.0117218
427 0.79778 0.052454 0.0117589
428 0.79778 0.0708416 0.0172326
429 0.79778 0.0594677 0.0140029
430 0.79778 0.0644039 0.0140776
431 0.79778 0.055735 0.010971
432 0.79778 0.0611792 0.0136957
433 0.79778 0.0586631 0.0129014
434 0.79778 0.065464 0.0131106
435 0.79778 0.04969 0.00850325
436 0.79778 0.0589477 0.0125194
437 0.79778 0.0629729 0.0154125
438 0.79778 0.0560257 0.011725
439 0.79778 0.0621149 0.0122563
440 0.79778 0.06686 0.0138329
441 0.79778 0.0586552 0.0122879
442 0.79778 0.0402656 0.00712869
443 0.79778 0.0526557 0.0102073
444 0.79778 0.0485764 0.00768555
445 0.79778 0.0531527 0.0112415
446 0.79778 0.046514 0.00819695
447 0.79778 0.0508986 0.0100539
448 0.79778 0.0516755 0.00817783
449 0.79778 0.0540235 0.0103654
450 0.79778 0.0517727 0.0106279
451 0.79778 0.0555795 0.00955786
452 0.79778 0.0629736 0.0129797
453 0.79778 0.0514769 0.00970485
454 0.79778 0.0477265 0.0086557
455 0.79778 0.0536054 0.0108271
456 0.79778 0.0634981 0.013263
457 0.79778 0.0609956 0.0120047
458 0.79778 0.0501358 0.0073416
459 0.79778 0.058613 0.0112857
460 0.79778 0.071242 0.014333
461 0.79778 0.0584422 0.0119871
462 0.79778 0.0649418 0.0126964
463 0.79778 0.0604755 0.0145288
464 0.79778 0.0629089 0.0129298
465 0.79778 0.0615286 0.0134681
466 0.79778 0.0567032 0.0109329
467 0.79778 0.061 0.0134971
468 0.79778 0.0583617 0.0112999
469 0.79778 0.0556032 0.0113807
470 0.79778 0.0571164 0.0112184
471 0.79778 0.0630721 0.0144151
472 0.79778 0.0660644 0.0132838
473 0.79778 0.0508573 0.0113044
474 0.79778 0.0568474 0.0106452
475 0.79778 0.054155 0.0139734
476 0.79778 0.0645152 0.0131175
477 0.79778 0.0507182 0.00861805
478 0.79778 0.0690651 0.0113086
479 0.79778 0.0548428 0.0101016
480 0.79778 0.0725575 0.0139698
481 0.79778 0.0545743 0.0108695
482 0.79778 0.0557372 0.0100173
483 0.79778 0.0472097 0.00710063
484 0.79778 0.0596643 0.0124676
485 0.79778 0.0507147 0.00851359
486 0.79778 0.0524226 0.0110267
487 0.79778 0.0414475 0.0069962
488 0.79778 0.0473737 0.00909809
489 0.79778 0.0579017 0.0136757
490 0.79778 0.062231 0.0146888
491 0.79778 0.0457372 0.00872837
492 0.79778 0.0635039 0.0146603
493 0.79778 0.0702581 0.0170448
494 0.79778 0.0701031 0.0147674
495 0.79778 0.0677997 0.0144629
496 0.79778 0.0623896 0.014537
497 0.79778 0.060944 0.0123558
498 0.79778 0.0603404 0.0125437
499 0.79778 0.0552562 0.0104199
500 0.79778 0.0737038 0.0140024
501 0.79778 0.0628049 0.0126664
502 0.79778 0.0667605 0.0135831
503 0.79778 0.0649253 0.0125252
504 0.79778 0.0565635 0.0121111
505 0.79778 0.0652815 0.0138725
506 0.79778 0.0549992 0.0121174
507 0.79778 0.0700915 0.0166139
508 0.79778 0.0611903 0.0145788
509 0.79778 0.059889 0.0139746
510 0.79778 0.0532349 0.0114774
511 0.79778 0.0762359 0.0169872
512 0.79778 0.0673109 0.0158149
513 0.79778 0.0580964 0.0123036
514 0.79778 0.0636189 0.0153339
515 0.79778 0.0601892 0.0128404
516 0.79778 0.0548347 0.00967589
517 0.79778 0.0561977 0.0124959
518 0.79778 0.0590383 0.0137082
519 0.79778 0.048922 0.00943237
520 0.79778 0.0534876 0.0112094
521 0.79778 0.0526562 0.0113992
522 0.79778 0.0493824 0.00972716
523 0.79778 0.0595481 0.0123038
524 0.79778 0.0455201 0.00686141
525 0.79778 0.0521968 0.0105483
526 0.79778 0.0526956 0.00970272
527 0.79778 0.0478611 0.00966605
528 0.79778 0.0523195 0.00827652
529 0.79778 0.0550628 0.00996215
530 0.79778 0.0532236 0.0106392
531 0.79778 0.05896 0.0135616
532 0.79778 0.0642598 0.0131711
533 0.79778 0.057404 0.0111973
534 0.79778 0.0528278 0.0106047
535 0.79778 0.0656856 0.0132363
536 0.79778 0.0761242 0.0142468
537 0.79778 0.0527948 0.0101082
538 0.79778 0.0744002 0.0179867
539 0.79778 0.0600748 0.0152081
540 0.79778 0.0674957 0.0146729
541 0.79778 0.0659359 0.0136715
542 0.79778 0.0512649 0.010717
543 0.79778 0.0660522 0.0139793
544 0.79778 0.0442345 0.00821557
545 0.79778 0.0502225 0.0111225
546 0.79778 0.0436926 0.00667829
547 0.79778 0.0489661 0.00828641
548 0.79778 0.0461024 0.00775291
549 0.79778 0.0365725 0.00517708
550 0.79778 0.0469585 0.0101411
551 0.79778 0.0512609 0.00901137
552 0.79778 0.0544861 0.010441
553 0.79778 0.0594243 0.014497
554 0.79778 0.064339 0.0142483
555 0.79778 0.0600145 0.0112312
556 0.79778 0.067165 0.0153432
557 0.79778 0.0578811 0.0110861
558 0.79778 0.0593016 0.011034
559 0.79778 0.0545887 0.00990092
560 0.79778 0.0582521 0.0111697
561 0.79778 0.0628572 0.0133482
562 0.79778 0.0578381 0.0101837
563 0.79778 0.068836 0.0129741
564 0.79778 0.0497223 0.00910362
565 0.79778 0.0493359 0.0100301
566 0.79778 0.0610286 0.0136523
567 0.79778 0.042721 0.00754652
568 0.79778 0.059448 0.0130675
569 0.79778 0.054969 0.0103723
570 0.79778 0.0571925 0.0105152
571 0.79778 0.0622448 0.0150973
572 0.79778 0.0712332 0.0161999
573 0.79778 0.0543998 0.00944522
574 0.79778 0.0565396 0.0106001
575 0.79778 0.0436223 0.00721211
576 0.79778 0.0548214 0.0109949
577 0.79778 0.0528484 0.00960592
578 0.79778 0.0586939 0.0127944
579 0.79778 0.056497 0.0120806
580 0.79778 0.0607835 0.0104392
581 0.79778 0.0588991 0.0113023
582 1 0.0713249 0.0176156
582 0.4762 0.059457 0.0113395
583 0.4762 0.0555986 0.0108876
584 0.4762 0.0567849 0.0125047
585 0.4762 0.0553513 0.0123275
586 0.49207 0.0468828 0.00954542
587 0.49207 0.059887 0.0123183
588 0.49207 0.0506388 0.010038
589 0.49207 0.061302 0.0109596
590 0.49207 0.0473933 0.00784356
591 0.49207 0.0500347 0.00906004
592 0.49207 0.0544982 0.0106978
593 0.49207 0.0510031 0.00928959
594 0.49207 0.0501692 0.0095162
595 0.49207 0.0528778 0.00968089
596 0.49207 0.0553696 0.0110679
597 0.49207 0.0638356 0.0124566
598 0.49207 0.0484778 0.00919011
599 0.49207 0.0589452 0.0122221
600 0.49207 0.0590919 0.00990579
601 0.49207 0.05513 0.00985228
602 0.49207 0.0425079 0.00644152
603 0.49207 0.049383 0.0077315
604 0.49207 0.0525725 0.00991691
605 0.49207 0.0458725 0.00745919
606 0.50794 0.0429214 0.00707836
607 0.50794 0.0460299 0.00769183
608 0.50794 0.0471182 0.00859151
609 0.50794 0.0514932 0.00805802
610 0.50794 0.0446462 0.00685073
611 0.50794 0.0429 0.0073083
612 0.50794 0.0496349 0.00938357
613 0.50794 0.0418885 0.00541842
614 0.69254 0.0531643 0.0104572
615 0.69254 0.058773 0.0117714
616 0.69254 0.0492097 0.00831939
617 0.69254 0.0489138 0.00859491
618 0.69254 0.0575877 0.0111036
619 0.69254 0.0467807 0.00795327
620 0.69254 0.0516058 0.0102541
621 0.69254 0.0547982 0.00974139
622 0.69254 0.0532762 0.00989858
623 0.69254 0.061262 0.0111583
624 0.69254 0.0409884 0.00659331
625 0.69254 0.0644489 0.0120092
626 0.69254 0.0560037 0.0106319
627 0.69254 0.0533647 0.00805505
628 0.69254 0.0638214 0.0138665
629 0.69254 0.0536575 0.0112498
630 0.69254 0.0582685 0.00935169
631 0.69254 0.0500382 0.00955068
632 0.69254 0.0525483 0.00996726
633 0.69254 0.0488744 0.00915782
634 0.69254 0.0527787 0.0113342
635 0.69254 0.0645846 0.0129064
636 0.69254 0.0533164 0.0104611
637 0.69254 0.0580795 0.00948026
638 0.69254 0.0656822 0.0128839
639 0.69254 0.0646579 0.0135028
640 0.69254 0.053392 0.011452
641 0.69254 0.0660351 0.0130087
642 0.69254 0.0511639 0.0102691
643 0.69254 0.060425 0.0131243
644 0.69254 0.0613407 0.0121471
645 0.69254 0.0563253 0.0109757
646 0.69254 0.0499892 0.00989569
647 0.69254 0.0671451 0.0150015
648 0.69254 0.0667267 0.0132657
649 0.69254 0.0575023 0.0102056
650 0.69254 0.0622031 0.0124327
651 0.69254 0.0621788 0.0131613
652 0.69254 0.0610807 0.0122923
653 0.69254 0.0597521 0.0121225
654 0.69254 0.0623896 0.0115846
655 0.69254 0.0682093 0.0156813
656 0.69254 0.0601333 0.0120732
657 0.69254 0.0590273 0.0103631
658 0.69254 0.0490425 0.00994969
659 0.69254 0.0609716 0.0113872
660 0.69254 0.0537107 0.00996669
661 0.69254 0.0625293 0.0114743
662 0.69254 0.0446241 0.00682982
663 0.69254 0.0602492 0.0111946
664 0.69254 0.0421881 0.0072562
665 0.69254 0.057657 0.0107334
666 0.69254 0.0542816 0.00910609
667 0.69254 0.0588266 0.0100371
668 0.69254 0.044874 0.00801585
669 0.69254 0.0529895 0.00890173
670 0.69254 0.0605688 0.0128554
671 0.69254 0.0523239 0.0105251
672 0.69254 0.0549916 0.0092173
673 0.69254 0.0586897 0.0100284
674 0.69254 0.0605733 0.00991164
675 0.69254 0.0534081 0.00855965
676 0.69254 0.0465045 0.00794567
677 0.69254 0.0534569 0.00847372
678 0.69254 0.0607284 0.0111487
679 0.69254 0.0444887 0.00763304
680 0.69254 0.0512271 0.00918959
681 0.69254 0.0477937 0.00951659
682 0.69254 0.0577647 0.0124981
683 0.69254 0.0578095 0.0118202
684 0.69254 0.0626946 0.0110619
685 0.69254 0.0555373 0.0104035
686 0.69254 0.0455155 0.00732755
687 0.69254 0.0509368 0.00817806
688 0.69254 0.0523647 0.0092961
689 0.69254 0.0491612 0.0089355
690 0.69254 0.0558872 0.00854482
691 0.69254 0.0504691 0.00994033
692 0.69254 0.0663474 0.0108251
693 0.69254 0.0363516 0.00416907
694 0.69254 0.0538574 0.0098945
695 0.69254 0.0471038 0.00803635
696 0.69254 0.0502314 0.00898347
697 0.69254 0.0511629 0.0102469
698 0.69254 0.0524911 0.00866104
699 0.69254 0.0503653 0.00844556
700 0.69254 0.0543311 0.00948114
701 0.69254 0.0631179 0.0128378
702 0.69254 0.0647813 0.013973
703 0.69254 0.0705804 0.0147024
704 0.69254 0.054399 0.00903955
705 0.69254 0.0587157 0.0113989
706 0.69254 0.0520907 0.00774875
707 0.69254 0.0490142 0.00779311
708 0.69254 0.0528078 0.00922569
709 0.69254 0.0620446 0.0115658
710 0.69254 0.0662439 0.0119375
711 0.69254 0.0554597 0.00923337
712 0.69254 0.0581185 0.0108177
713 0.69254 0.0587139 0.0108725
714 0.69254 0.0451002 0.00808924
715 0.69254 0.0569372 0.0097144
716 0.69254 0.0523602 0.00897402
717 0.69254 0.0520266 0.00906113
718 0.69254 0.0501908 0.009509
719 0.69254 0.0496933 0.00873905
720 0.69254 0.073615 0.0140637
721 0.85715 0.0683772 0.015375
722 0.85715 0.0649927 0.0130525
723 0.85715 0.0576931 0.011402
724 0.85715 0.044999 0.00850564
725 0.85715 0.0586814 0.0104848
726 0.85715 0.0508138 0.0103801
727 0.85715 0.0528253 0.0103185
728 0.85715 0.0574051 0.0116429
729 0.85715 0.0585077 0.0117638
730 0.85715 0.0557538 0.0101309
731 0.85715 0.0516713 0.00712733
732 0.85715 0.0676188 0.0117752
733 0.85715 0.0579448 0.0121497
734 0.85715 0.0599571 0.0131397
735 0.85715 0.0559835 0.0113667
736 0.85715 0.0569834 0.0120473
737 0.85715 0.0448479 0.00694959
738 0.85715 0.0572203 0.0113582
739 0.85715 0.0547216 0.0101257
740 0.85715 0.0704326 0.0143152
741 0.85715 0.0588361 0.0107134
742 0.85715 0.0543278 0.0107051
743 0.85715 0.0618128 0.0126339
744 0.85715 0.061274 0.012212
745 0.85715 0.061856 0.0111911
746 0.85715 0.0574011 0.0105267
747 0.85715 0.0624591 0.0128722
748 0.85715 0.0551019 0.0113629
749 0.85715 0.0661325 0.012722
750 0.85715 0.0547199 0.0117099
751 0.85715 0.0555615 0.0126265
752 0.85715 0.0500336 0.00817086
753 0.85715 0.0517994 0.0095808
754 0.85715 0.0568371 0.0105495
755 0.85715 0.0516296 0.0084472
756 0.85715 0.0475947 0.00819852
757 0.85715 0.0576634 0.0122253
758 0.85715 0.0608034 0.0118234
759 0.85715 0.0629176 0.0124144
760 0.85715 0.0637178 0.0113497
761 0.85715 0.0603752 0.0124972
762 0.85715 0.0608315 0.0122944
763 0.85715 0.0685161 0.0165917
764 0.85715 0.0576494 0.0126512
765 0.85715 0.0700925 0.0133524
766 0.85715 0.0658066 0.0131316
767 0.85715 0.0613502 0.0126527
768 0.85715 0.0637481 0.0114804
769 0.85715 0.0648942 0.0150332
770 0.85715 0.0731732 0.0159582
771 0.85715 0.0573897 0.0110749
772 0.85715 0.0736463 0.0178053
773 0.85715 0.0661517 0.0124634
774 0.85715 0.0529566 0.0106874
775 0.85715 0.0555383 0.0106234
776 0.85715 0.0557031 0.0106734
777 0.85715 0.0584753 0.0109476
778 0.85715 0.0567861 0.00933483
779 0.85715 0.0623828 0.0124123
780 0.85715 0.0591308 0.0136479
781 0.85715 0.0492337 0.00924376
782 0.85715 0.057624 0.0108316
783 0.85715 0.0559756 0.0128003
784 0.85715 0.0611524 0.0134719
785 0.85715 0.0485031 0.0100254
786 0.85715 0.0609381 0.0112841
787 0.85715 0.0686884 0.0135881
788 0.85715 0.057151 0.0108008
789 0.85715 0.0603136 0.013646
790 0.85715 0.080205 0.0176556
791 0.85715 0.0604199 0.01436
792 0.85715 0.0487489 0.0117997
793 0.85715 0.0545182 0.012153
794 0.85715 0.0731995 0.0164331
795 0.85715 0.0675305 0.0134553
796 0.85715 0.0617608 0.0142859
797 0.85715 0.0576099 0.0113105
798 0.85715 0.0635051 0.0142226
799 0.85715 0.0429772 0.00785898
800 0.85715 0.0554694 0.00981243
801 0.85715 0.0711116 0.0144953
802 0.85715 0.0681314 0.012244
803 0.85715 0.0563783 0.0103064
804 0.85715 0.0513428 0.00798401
805 0.85715 0.0502464 0.0084001
806 0.85715 0.0631453 0.0125224
807 0.85715 0.0668658 0.0151114
808 0.85715 0.0580457 0.011614
809 0.85715 0.0535196 0.00989637
810 0.85715 0.0515258 0.0095013
811 0.85715 0.0615154 0.0116714
812 0.85715 0.0617903 0.0117517
813 0.85715 0.0617231 0.0140385
814 0.85715 0.0483582 0.00868175
815 0.85715 0.0501414 0.00856636
816 0.85715 0.0589413 0.0104046
817 0.85715 0.0555946 0.0105529
818 0.85715 0.0546151 0.0108803
819 0.85715 0.0459871 0.00679745
820 0.85715 0.0481734 0.00869787
821 0.85715 0.0571393 0.00976597
822 0.85715 0.0599382 0.0105714
823 0.85715 0.0546698 0.0107577
824 0.85715 0.0665425 0.0146054
825 0.85715 0.066427 0.0142273
826 0.85715 0.0575228 0.0125228
827 0.85715 0.0645423 0.012173
828 0.85715 0.0625198 0.0120149
829 0.85715 0.0558736 0.0118026
830 0.85715 0.0610311 0.0122938
831 0.85715 0.0649068 0.0140995
832 0.85715 0.0563937 0.0115047
833 0.85715 0.0534902 0.0125221
834 0.85715 0.0632998 0.0130528
835 0.85715 0.0464818 0.00903744
836 0.85715 0.0581891 0.0120622
837 0.85715 0.056739 0.0111549
838 0.85715 0.0565472 0.00913708
839 0.85715 0.0483439 0.0097231
840 0.85715 0.061384 0.0129244
841 0.85715 0.0612063 0.0135641
842 0.85715 0.0637113 0.0130451
843 0.85715 0.0669573 0.0145831
844 0.85715 0.0616838 0.0112635
845 0.85715 0.0598273 0.013835
846 0.85715 0.0663251 0.0133568
847 0.85715 0.0597888 0.0146068
848 0.85715 0.0623837 0.0126754
849 0.85715 0.0600605 0.0116894
850 0.85715 0.0421828 0.0062878
851 0.85715 0.0494312 0.00933992
852 0.85715 0.0537677 0.0117455
853 0.85715 0.0456034 0.0080383
854 0.85715 0.0628171 0.0143009
855 0.85715 0.0625131 0.0120335
856 0.85715 0.0570737 0.010605
857 0.85715 0.0568766 0.0111607
858 0.85715 0.0557955 0.0114483
859 0.85715 0.0508051 0.0100137
860 0.85715 0.0521822 0.0101216
861 1 0.0661146 0.01523
861 0.68254 0.0578602 0.0125531
862 1 0.047051 0.0116823
862 1 0.0567964 0.0145751
862 0.4762 0.0622508 0.0114215
863 0.4762 0.0455458 0.0106602
864 0.4762 0.0555237 0.0136302
865 0.4762 0.0565658 0.0114769
866 0.4762 0.0488096 0.0086477
867 0.4762 0.0509678 0.0112902
868 0.48564 0.0465944 0.00927502
869 0.48564 0.0454622 0.00856905
870 0.48564 0.0470024 0.00850846
871 0.48564 0.053197 0.0113549
872 0.48564 0.0481152 0.0104935
873 0.48564 0.0614959 0.0136241
874 0.48564 0.0573268 0.0109999
875 0.48564 0.0442611 0.00712114
876 0.48564 0.0453601 0.00687342
877 0.48564 0.056796 0.0117896
878 0.48564 0.0540424 0.0103565
879 0.48564 0.0471826 0.0100803
880 0.48564 0.0540781 0.011252
881 0.52381 0.0522474 0.0109929
882 0.52381 0.0576751 0.0131529
883 0.52381 0.0472924 0.0075091
884 0.52381 0.0586759 0.0112498
885 0.52381 0.0633081 0.0114543
886 0.52381 0.0384743 0.00684326
887 0.52381 0.0567504 0.0106411
888 0.57143 0.0553625 0.0108395
889 0.57143 0.046817 0.00817818
890 0.57143 0.0529322 0.00963195
891 0.57143 0.0531499 0.00968672
892 0.57143 0.0459249 0.00886632
893 0.57143 0.069158 0.0144725
894 0.57143 0.0612701 0.0110028
895 0.57143 0.0572566 0.0110076
896 0.57143 0.0619233 0.0111089
897 0.57143 0.0471582 0.00895363
898 0.57143 0.0558441 0.0113247
899 0.57143 0.0679982 0.0142613
900 0.57143 0.0570402 0.0106288
901 0.57143 0.0561997 0.0128693
902 0.57143 0.0538553 0.010189
903 0.57143 0.0435375 0.00820808
904 0.57143 0.0651853 0.0124663
905 0.57143 0.0579792 0.0105137
906 0.57143 0.05068 0.00928155
907 0.57143 0.0507257 0.00864168
908 0.57143 0.0545059 0.0110073
909 0.57143 0.0474679 0.0076878
910 0.57143 0.0498415 0.00944103
911 0.57143 0.054116 0.0118338
912 0.57143 0.0450605 0.00728331
913 0.57143 0.0619052 0.0117829
914 0.57143 0.063145 0.0128672
915 0.57143 0.0495261 0.00950171
916 0.57143 0.0668311 0.0130611
917 0.57143 0.0531796 0.0096776
918 0.57143 0.0486581 0.00975596
919 0.57143 0.0568722 0.0111402
920 0.57143 0.0619919 0.0125043
921 0.57143 0.0538811 0.00996706
922 0.57143 0.0617045 0.0121758
923 0.57143 0.0694759 0.0147688
924 0.57143 0.0571606 0.0106395
925 0.57143 0.0497446 0.00956765
926 0.57143 0.0416705 0.00678301
927 0.57143 0.0614564 0.0124254
928 0.57143 0.0597891 0.00999045
929 0.57143 0.0598182 0.0119542
930 0.57143 0.0671968 0.0125293
931 0.57143 0.049499 0.00990082
932 0.57143 0.0532028 0.0101228
933 0.57143 0.0542561 0.0112981
934 0.58143 0.0552474 0.0109078
935 0.58143 0.0583142 0.0118947
936 0.58143 0.0618253 0.0157103
937 0.58731 0.0698133 0.0146487
938 0.58731 0.0620945 0.0142889
939 0.58731 0.0689341 0.0164235
940 0.58731 0.0615134 0.0130248
941 0.58731 0.0494503 0.00885085
942 0.58731 0.0653783 0.0129212
943 0.58731 0.0429198 0.00709676
944 0.58731 0.0522155 0.00891974
945 0.58731 0.0487915 0.00911779
946 0.58731 0.0544916 0.0123495
947 0.58731 0.0574924 0.0120641
948 0.58731 0.0617696 0.0125189
949 0.58731 0.0650701 0.0168162
950 0.58731 0.0589227 0.0111106
951 0.58731 0.0546157 0.0125561
952 0.58731 0.0592526 0.0123988
953 0.58731 0.0672039 0.0129645
954 0.58731 0.0527491 0.0103769
955 0.58731 0.0604167 0.013378
956 0.58731 0.0521779 0.0121235
957 0.58731 0.0529764 0.0112595
958 0.58731 0.0463256 0.00901295
959 0.58731 0.0620112 0.0123269
960 0.58731 0.0459585 0.00943697
961 0.58731 0.0655617 0.0122077
962 0.58731 0.0500463 0.0106894
963 0.58731 0.0651935 0.0143316
964 0.58731 0.0592751 0.0119631
965 0.59897 0.0713899 0.0164791
966 0.59897 0.0637066 0.0106592
967 0.59897 0.0517344 0.0100254
968 0.59897 0.0617823 0.00939447
969 0.59897 0.0701761 0.01429
970 0.59897 0.0547286 0.00958513
971 0.59897 0.0523292 0.00869781
972 0.59897 0.054688 0.00961159
973 0.59897 0.0610491 0.0128895
974 0.59897 0.0663707 0.0133542
975 0.59897 0.0477199 0.00800547
976 0.59897 0.0693338 0.0138193
977 0.59897 0.0473061 0.00706845
978 0.59897 0.0505076 0.008519
979 0.59897 0.0597148 0.0106878
980 0.59897 0.0539708 0.00966812
981 0.59897 0.0484885 0.00785003
982 0.59897 0.0473592 0.00842899
983 0.59897 0.0539275 0.0111847
984 0.59897 0.0588096 0.0113244
985 0.59897 0.0572881 0.0104531
986 0.59897 0.056793 0.0110761
987 0.59897 0.0558483 0.00926897
988 0.59897 0.0431016 0.00663788
989 0.59897 0.0648168 0.0134825
990 0.59897 0.0513677 0.00997564
991 0.59897 0.0589103 0.0120719
992 0.59897 0.0511838 0.0106213
993 0.59897 0.0543562 0.0100869
994 0.59897 0.0517913 0.0102057
995 0.59897 0.0535668 0.0103136
996 0.59897 0.0571544 0.0111686
997 0.59897 0.0578602 0.0105361
998 0.59897 0.0523241 0.0117962
999 0.59897 0.0574007 0.0104495
1000 0.59897 0.0587008 0.0113417
1000 0.4862 0.0550839 0.00983177
1000 0.4762 0.0520554 0.00937888
1000 0.4762 0.0524362 0.00845073
1000 0.4762 0.0536474 0.00883768
