0 0.2223 0.042145 0.00373981
1 0.2223 0.0300723 0.0030182
2 0.2223 0.0238115 0.00202149
3 0.2406 0.0449827 0.00540951
4 0.2585 0.0314147 0.00283666
5 0.27128 0.0279549 0.00297269
6 0.27128 0.0343772 0.00387392
7 0.27128 0.0345892 0.00399312
8 0.27128 0.0340133 0.00385133
9 0.33806 0.0333129 0.00395565
10 0.34334 0.0306213 0.00377964
11 0.34334 0.0329781 0.00336958
12 0.34334 0.0333114 0.00389406
13 0.39601 0.0360704 0.0041968
14 0.39601 0.0364763 0.00418517
15 0.39601 0.0434555 0.00538312
16 0.68667 0.0421352 0.00653784
17 0.68667 0.0349242 0.00330105
18 0.68667 0.03528 0.00412733
19 0.68667 0.0256537 0.00260314
20 0.68667 0.0390559 0.00597638
21 0.68667 0.0394007 0.00473615
22 0.97442 0.0415814 0.00921897
23 0.97442 0.0477967 0.00713761
24 0.97442 0.0493949 0.00886289
25 0.97442 0.0464238 0.00757077
26 0.97442 0.0476758 0.00676478
27 0.97442 0.0489122 0.00953386
28 0.97442 0.0535529 0.00857107
29 0.97442 0.0533526 0.00948282
30 0.97442 0.0546174 0.0102118
31 0.97442 0.0578786 0.0121418
32 0.97442 0.0407113 0.00619272
33 0.97442 0.0456919 0.00931929
34 0.97442 0.0450245 0.00744728
35 0.97442 0.0522538 0.00988327
36 0.97442 0.0436449 0.0073467
37 0.97442 0.0476187 0.00777531
38 0.97442 0.054067 0.0106584
39 0.97442 0.0518665 0.00986749
40 0.97442 0.0490087 0.0078783
41 0.97442 0.0558092 0.0097346
42 0.97442 0.0492974 0.00829537
43 0.97442 0.047547 0.0075903
44 0.97442 0.043315 0.0064425
45 0.97442 0.0585447 0.010655
46 0.97442 0.0434401 0.0075502
47 0.97442 0.0525977 0.00762637
48 0.97442 0.0470438 0.00752472
49 0.97442 0.041267 0.00785243
50 0.97442 0.050398 0.0087758
51 0.97442 0.0444577 0.00789202
52 0.97442 0.0610107 0.0110303
53 0.97442 0.0494226 0.00877873
54 0.97442 0.0608137 0.00978164
55 0.97442 0.0473225 0.00877823
56 0.97442 0.0600514 0.0125416
57 0.97442 0.0551453 0.0091213
58 0.97442 0.0530115 0.00933964
59 0.97442 0.0622316 0.0120869
60 0.97442 0.0427846 0.00710151
61 0.97442 0.0666591 0.0110447
62 0.97442 0.0431148 0.0082563
63 0.97442 0.0512268 0.00786161
64 0.97442 0.0645831 0.0130173
65 0.97442 0.0563126 0.0104255
66 0.97442 0.0504308 0.00849454
67 0.97442 0.0591882 0.0108701
68 0.97442 0.0561243 0.00929119
69 0.97442 0.0485212 0.00934433
70 0.97442 0.0429422 0.00736395
71 0.97442 0.0607594 0.0110285
72 0.97442 0.0482831 0.00758798
73 1 0.0656752 0.0154017
73 1 0.0426225 0.00968115
73 0.58143 0.0592428 0.0108275
74 0.58143 0.0598327 0.0105904
75 0.58143 0.0439245 0.00693973
76 0.58143 0.0499744 0.00881619
77 0.58143 0.0495396 0.00857254
78 0.58143 0.0394697 0.00586203
79 0.58143 0.052757 0.00845134
80 0.60776 0.0436211 0.00728409
81 0.60776 0.0480495 0.00882643
82 0.60776 0.0486073 0.0093049
83 0.60776 0.0531977 0.00983071
84 0.60776 0.0460836 0.00899281
85 0.60776 0.0612217 0.0116282
86 0.60776 0.0643263 0.0123655
87 0.60776 0.0534221 0.0104059
88 0.60776 0.0577824 0.0100122
89 0.60776 0.047916 0.00981034
90 0.60776 0.0384953 0.00564548
91 0.60776 0.0421712 0.00708482
92 0.60776 0.0432437 0.0083579
93 0.60776 0.0548574 0.00925707
94 0.60776 0.0550311 0.0101508
95 0.60776 0.053302 0.00895076
96 0.60776 0.0524181 0.00937438
97 0.60776 0.0431584 0.00730216
98 0.60776 0.0542014 0.00807339
99 0.60776 0.0557114 0.0112554
100 1.01 0.0473822 0.0107426
100 0.47032 0.0543956 0.00889669
101 0.47032 0.0418969 0.00569944
102 0.53024 0.0631688 0.0117475
103 0.68962 0.06142 0.0107003
104 0.68962 0.0517795 0.00913713
105 0.68962 0.0581762 0.00976795
106 0.68962 0.0414121 0.00566718
107 0.68962 0.0440172 0.00763812
108 0.68962 0.0383636 0.0051224
109 0.68962 0.0549778 0.00875732
110 0.68962 0.0529187 0.00870464
111 0.68962 0.0542276 0.00963723
112 0.68962 0.0492722 0.0078953
113 0.68962 0.0423004 0.00745657
114 0.68962 0.0521629 0.00748733
115 0.68962 0.047433 0.0079697
116 0.68962 0.0548753 0.00899605
117 0.68962 0.0624535 0.0123555
118 0.68962 0.0463814 0.00666544
119 0.68962 0.0615733 0.0104479
120 0.68962 0.043307 0.00609845
121 0.68962 0.0610046 0.00933535
122 0.68962 0.0494672 0.00875098
123 0.68962 0.0563205 0.0103255
124 0.68962 0.0572746 0.011471
125 0.68962 0.0556012 0.0116353
126 0.68962 0.0658798 0.0115095
127 0.68962 0.0584662 0.00951652
128 0.68962 0.0655395 0.0127257
129 0.7605 0.0655254 0.0119027
130 0.7605 0.0537596 0.00860404
131 0.7605 0.0525718 0.00874318
132 0.7605 0.0659145 0.012124
133 0.7605 0.0540681 0.00973506
134 0.7605 0.0576598 0.0116946
135 0.7605 0.0540039 0.0105981
136 0.7605 0.0535025 0.0111301
137 0.7605 0.0567858 0.0102033
138 0.7605 0.0520773 0.0089584
139 0.7605 0.0513959 0.00818293
140 0.7605 0.0470288 0.00847305
141 0.7605 0.045047 0.00752704
142 0.7605 0.0590077 0.0101533
143 0.7605 0.0638864 0.00940239
144 0.7605 0.0633979 0.0122567
145 0.7605 0.0567178 0.0110073
146 0.7605 0.042224 0.00752107
147 0.7605 0.0614721 0.0106256
148 0.7605 0.0492703 0.00892659
149 0.7605 0.0586696 0.0114161
150 0.7605 0.0513015 0.00898481
151 0.7605 0.0639287 0.0106372
152 0.7605 0.0596197 0.010716
153 0.7605 0.0560058 0.00974999
154 0.7605 0.0546102 0.00920686
155 0.7605 0.0473667 0.00833954
156 0.7605 0.0459274 0.00718194
157 0.7605 0.0455665 0.00757862
158 0.7605 0.054253 0.00900353
159 0.7605 0.0510041 0.00860661
160 0.7605 0.0396153 0.00556429
161 0.7605 0.0589631 0.010406
162 0.7605 0.0555986 0.00926798
163 0.7605 0.053953 0.00930409
164 0.7605 0.0489114 0.00863163
165 0.7605 0.0470292 0.00654974
166 0.7605 0.0501755 0.00587477
167 0.7605 0.0395645 0.00781206
168 0.7605 0.0410696 0.00606294
169 0.7605 0.0573257 0.0109189
170 0.7605 0.0589841 0.00961755
171 0.7605 0.0448343 0.00691828
172 0.7605 0.0453498 0.00643334
173 0.7605 0.0541039 0.00904025
174 0.7605 0.0626802 0.0107417
175 0.7605 0.0712541 0.013025
176 0.7605 0.068179 0.0132355
177 0.7605 0.0664278 0.0109911
178 0.7605 0.0510856 0.0117461
179 0.7605 0.0556348 0.0103736
180 0.7605 0.0523413 0.0105858
181 0.7605 0.0543949 0.0105167
182 0.7605 0.0669502 0.0120518
183 0.7605 0.0489618 0.0087274
184 0.7605 0.0560001 0.0103147
185 0.7605 0.0486042 0.00870714
186 0.7605 0.0557541 0.00938039
187 0.7605 0.0561834 0.0110826
188 0.7605 0.0560974 0.0105085
189 0.7605 0.0549313 0.00977255
190 0.7605 0.061995 0.0101861
191 0.7605 0.0492349 0.00901697
192 0.7605 0.0679988 0.0125795
193 0.7605 0.0535282 0.00935728
194 0.7605 0.0488784 0.00811018
195 0.7605 0.0537195 0.00782959
196 0.7605 0.0569377 0.0101113
197 0.7605 0.054664 0.0100355
198 0.7605 0.0623357 0.0115359
199 0.7605 0.0518282 0.00989779
200 0.7605 0.053196 0.00969439
201 0.7605 0.0491376 0.0079755
202 0.7605 0.0657036 0.0120563
203 0.7605 0.0595191 0.0116127
204 0.7605 0.0388126 0.00651881
205 0.7605 0.0552563 0.00981933
206 0.7605 0.0564532 0.0112869
207 0.7605 0.0556879 0.00913303
208 0.7605 0.0534278 0.00876486
209 0.7605 0.0470151 0.00769363
210 0.7605 0.0386292 0.0068703
211 0.7605 0.051099 0.00894306
212 0.7605 0.0601166 0.0118197
213 0.7605 0.0503552 0.00886043
214 0.7605 0.0524762 0.0101096
215 0.7605 0.0424692 0.00784974
216 0.7605 0.0542785 0.00969704
217 0.7605 0.0597072 0.011619
218 0.7605 0.0589127 0.011895
219 0.7605 0.050934 0.00994423
220 0.7605 0.0662439 0.0143149
221 0.7605 0.0539233 0.0114523
222 0.7605 0.0575747 0.0120844
223 0.7605 0.0569349 0.0110682
224 0.7605 0.0727142 0.0141028
225 0.7605 0.0587706 0.0127865
226 0.7605 0.0586631 0.0120106
227 0.7605 0.0555879 0.0102258
228 0.7605 0.0659041 0.0145515
229 0.7605 0.058058 0.0125056
230 0.7605 0.0672041 0.0130237
231 0.7605 0.0570244 0.0111758
232 0.7605 0.0514202 0.0078488
233 0.7605 0.0522031 0.01107
234 0.7605 0.0480957 0.00746271
235 0.7605 0.0653686 0.0134833
236 0.7605 0.0558233 0.0122035
237 0.7605 0.0631213 0.0120106
238 0.7605 0.0554912 0.00930668
239 0.7605 0.0503604 0.00958543
240 0.7605 0.0573511 0.011204
241 0.7605 0.0713765 0.0122715
242 0.7605 0.0626135 0.012182
243 1 0.0566139 0.012371
243 0.91477 0.0602497 0.0141741
244 1 0.0548281 0.0125343
244 0.4762 0.0461942 0.00696567
245 0.58143 0.0597536 0.011257
246 0.59143 0.0508212 0.0105278
247 0.80366 0.0642133 0.0149905
248 0.80366 0.0518828 0.011428
249 0.80366 0.0495355 0.00705741
250 0.80366 0.0660591 0.0105448
251 0.80366 0.0699161 0.012002
252 0.80366 0.0644427 0.0116629
253 0.80366 0.050808 0.0089976
254 0.80366 0.0582266 0.0116051
255 0.80366 0.0579409 0.0111228
256 0.80366 0.0604971 0.0103582
257 0.80366 0.0602113 0.0110132
258 0.80366 0.0700268 0.0139754
259 0.80366 0.0554779 0.0106742
260 0.80366 0.0652354 0.0125642
261 0.80366 0.0500814 0.00959842
262 0.80366 0.0665304 0.0134855
263 0.80366 0.0561715 0.00934657
264 0.80366 0.0624182 0.0121478
265 0.80366 0.0509452 0.00798679
266 0.80366 0.0567029 0.0112
267 0.80366 0.0640302 0.0120188
268 0.80366 0.0673203 0.0164129
269 0.80366 0.0716532 0.0137803
270 0.80366 0.0542683 0.0110773
271 0.80366 0.0597605 0.0125549
272 0.80366 0.0569502 0.0119723
273 0.80366 0.0530197 0.00962212
274 0.80366 0.0585033 0.0109475
275 0.80366 0.0494658 0.00750098
276 0.80366 0.0551171 0.00990377
277 0.80366 0.0518532 0.0122173
278 0.80366 0.0615767 0.0128249
279 0.80366 0.0532785 0.00884987
280 0.80366 0.0451353 0.0089951
281 0.80366 0.0515235 0.00934229
282 0.80366 0.0496987 0.00819512
283 0.80366 0.069681 0.0144903
284 0.80366 0.0637537 0.0126258
285 0.80366 0.0496421 0.0100085
286 0.80366 0.0527979 0.00782265
287 0.80366 0.0552639 0.0111648
288 0.80366 0.0482294 0.0103398
289 0.80366 0.0593582 0.0129312
290 0.80366 0.0629221 0.0124443
291 0.80366 0.0502409 0.00884085
292 0.80366 0.0518349 0.0116846
293 0.80366 0.0553666 0.0119375
294 0.80366 0.0543275 0.00932959
295 0.80366 0.0674608 0.0145697
296 0.80366 0.0636034 0.0119136
297 0.80366 0.0531686 0.0102771
298 0.80366 0.0608575 0.0112492
299 0.80366 0.0528328 0.00965987
300 0.80366 0.0467141 0.00941978
301 0.80366 0.0542573 0.00961967
302 0.91477 0.0559927 0.0137869
303 0.91477 0.0562014 0.011615
304 1 0.0677858 0.022808
304 0.90373 0.0556499 0.0133171
305 0.90373 0.062033 0.0137755
306 0.92064 0.0599408 0.0151119
307 1.01 0.065378 0.0189307
307 0.80366 0.0602286 0.0132918
308 1 0.0625476 0.0176665
308 0.80366 0.069758 0.0163495
309 1.01 0.0604238 0.016977
309 1 0.0712327 0.0227356
309 0.69254 0.0617909 0.0131587
310 1 0.0743925 0.0212218
311 1 0.0567079 0.0167405
312 1 0.0657252 0.0220689
313 1 0.0762519 0.0302283
314 1.01 0.0692122 0.0235896
315 1.02 0.0718797 0.027518
316 1.02 0.062933 0.0191095
317 1.02 0.072177 0.028375
318 1.02 0.068207 0.0190346
319 1.02 0.0734332 0.0324107
320 1.02 0.0687217 0.0231458
321 1.02 0.0640539 0.0198104
322 1.02 0.0637248 0.0192544
323 1.02 0.0703345 0.0193773
324 1.02 0.075714 0.0276655
325 1.02 0.0703539 0.0215448
326 1.02 0.0752215 0.0297976
327 1.02 0.0776532 0.0338053
328 1.02 0.0613234 0.0229104
329 1.02 0.075913 0.028287
330 1.02 0.0673006 0.0220567
331 1.02 0.0713946 0.0247596
332 1.02 0.0700576 0.0273527
333 1.02 0.0714574 0.0286695
334 1.02 0.0681637 0.0208174
335 1.02 0.0690696 0.0244698
336 1.02 0.0683923 0.0271205
337 1.02 0.059538 0.0198272
338 1.02 0.0800255 0.0274527
339 1.02 0.0724146 0.0250766
340 1.02 0.0801207 0.0288848
341 1.02 0.0591313 0.0164313
342 1.02 0.0567883 0.0142235
343 1.02 0.0663765 0.0222632
344 1.02 0.078733 0.020497
345 1.02 0.0756818 0.0261196
346 1.02 0.0746078 0.0247429
347 1.02 0.0800185 0.0249039
348 1.02 0.0736935 0.0265347
349 1.02 0.0773281 0.0293406
350 1.02 0.0632322 0.0133489
351 1.02 0.05884 0.0101591
352 1.02 0.0647658 0.0150589
353 1.02 0.0611016 0.0135018
354 1.02 0.0554481 0.00863362
355 1.02 0.0670252 0.013344
356 1.02 0.0542508 0.0100693
357 1.02 0.0665931 0.016821
358 1.02 0.0560967 0.010152
359 1.02 0.0710798 0.0199656
360 1.02 0.0721534 0.0220132
361 1.02 0.0702007 0.0206205
362 1.02 0.0640802 0.0193575
363 1.02 0.0549698 0.0149234
364 1.02 0.0566631 0.0121444
365 1.02 0.0531483 0.016628
366 1.02 0.0556064 0.0176017
367 1.02 0.045975 0.0109949
368 1.02 0.0663761 0.0224066
369 1.02 0.0738237 0.034112
370 1.02 0.0718424 0.0315451
371 1.02 0.072142 0.0228509
372 1.02 0.0601362 0.0214421
373 1.02 0.0783545 0.0273079
374 1.02 0.0671109 0.0324485
375 1.02 0.0687644 0.024569
376 1.02 0.0816774 0.0321447
377 1.02 0.0834569 0.0393901
378 1.02 0.0922343 0.0376529
379 1.02 0.0907826 0.0373745
380 1.02 0.0816865 0.039698
381 1.02 0.0918671 0.044651
382 1.02 0.0896022 0.0390923
383 1.02 0.0846648 0.034126
384 1.02 0.0654693 0.0192052
385 1.02 0.0807414 0.0356657
386 1.02 0.0717539 0.0231241
387 1.02 0.075862 0.0257769
388 1.02 0.0623508 0.0173789
389 1.02 0.0667179 0.0218036
390 1.02 0.0616394 0.0129923
391 1.02 0.0805681 0.0260501
392 1.02 0.0617201 0.0214966
393 1.02 0.0831625 0.0343021
394 1.02 0.0829458 0.0227549
395 1.02 0.0743001 0.0247385
396 1.02 0.0937769 0.0416011
397 1.02 0.0674736 0.0199192
398 1.02 0.0767707 0.0213826
399 1.02 0.0818851 0.0309932
400 1.02 0.0808847 0.0304009
401 1.02 0.071249 0.0246218
402 1.02 0.0682672 0.0258526
403 1.02 0.0785279 0.0303034
404 1.02 0.0733439 0.0334323
405 1.02 0.0917959 0.043553
406 1.02 0.097246 0.0474948
407 1.02 0.0974477 0.0387737
408 1.02 0.0905529 0.0420623
409 1.02 0.099375 0.0452014
410 1.02 0.0870186 0.0382533
411 1.02 0.0908992 0.0409589
412 1.02 0.07823 0.0330145
413 1.02 0.0860872 0.0431791
414 1.02 0.0827843 0.0355993
415 1.02 0.0696963 0.0325003
416 1.02 0.0765375 0.0287295
417 1.02 0.0588899 0.0238995
418 1.02 0.0732143 0.0279647
419 1.02 0.0743021 0.0296254
420 1.02 0.086747 0.0402817
421 1.02 0.0734397 0.0319191
422 1.02 0.0979296 0.0504498
423 1.02 0.0871376 0.0426145
424 1.02 0.0816375 0.0411603
425 1.02 0.0675234 0.0265906
426 1.02 0.0963571 0.0439163
427 1.02 0.0930877 0.0433704
428 1.02 0.0810007 0.0289948
429 1.02 0.0842563 0.0369901
430 1.02 0.0765411 0.0322902
431 1.02 0.0910191 0.0412402
432 1.02 0.101448 0.0465552
433 1.02 0.0754813 0.0271043
434 1.02 0.0907753 0.0461047
435 1.02 0.0883316 0.0335856
436 1.02 0.0897 0.0304133
437 1.02 0.0900887 0.035766
438 1.02 0.0792949 0.0298281
439 1.02 0.0764977 0.0245493
440 1.02 0.0852875 0.0286095
441 1.02 0.0805719 0.0310363
442 1.02 0.0907484 0.0289762
443 1.02 0.0877076 0.0440319
444 1.02 0.0653351 0.02483
445 1.02 0.0677773 0.0260679
446 1.02 0.0954013 0.0452176
447 1.02 0.0765724 0.029913
448 1.02 0.0851161 0.0305184
449 1.02 0.0771391 0.024534
450 1.02 0.0826873 0.0324082
451 1.02 0.0747825 0.0220762
452 1.02 0.0704729 0.0195775
453 1.02 0.054064 0.0127687
454 1.02 0.0727541 0.0187222
455 1.02 0.0777056 0.0256649
456 1.02 0.0725313 0.0202067
457 1.02 0.0851913 0.0277937
458 1.02 0.0866935 0.0333449
459 1.02 0.0795193 0.0287758
460 1.02 0.0683634 0.0238446
461 1.02 0.0696231 0.0219072
462 1.02 0.0940856 0.0356776
463 1.02 0.0879193 0.0326129
464 1.02 0.0907126 0.0343085
465 1.02 0.0682469 0.0188889
466 1.02 0.0812249 0.0235199
467 1.02 0.0825982 0.0352213
468 1.02 0.0696655 0.0201183
469 1.02 0.0528119 0.0120602
470 1.02 0.0612014 0.011848
471 1.02 0.0696139 0.0126486
472 1.02 0.052993 0.00872182
473 1.02 0.0497054 0.00610876
474 1.02 0.0613474 0.00962114
475 1.02 0.0632195 0.0173649
476 1.02 0.053558 0.00838586
477 1.02 0.0548169 0.00749802
478 1.02 0.0502088 0.00841342
479 1.02 0.0556691 0.00839231
480 1.02 0.0674672 0.0174422
481 1.02 0.0679934 0.0159921
482 1.02 0.0484795 0.00817733
483 1.02 0.0702117 0.0171803
484 1.02 0.0702174 0.0181073
485 1.02 0.0630959 0.0162167
486 1.02 0.0603005 0.0163319
487 1.02 0.0638145 0.018274
488 1.02 0.0568624 0.0124013
489 1.02 0.0521229 0.0117618
490 1.02 0.0539324 0.0105882
491 1.02 0.0575846 0.0175448
492 1.02 0.0636991 0.0133371
493 1.02 0.0627247 0.0206597
494 1.02 0.073361 0.0235051
495 1.02 0.0793828 0.0231365
496 1.02 0.0673912 0.0238646
497 1.02 0.0666651 0.024266
498 1.02 0.0507365 0.0099552
499 1.02 0.0592971 0.0197176
500 1.02 0.0582304 0.0206866
501 1.02 0.0746812 0.0220958
502 1.02 0.0843158 0.033919
503 1.02 0.0700681 0.0240666
504 1.02 0.0712163 0.0251213
505 1.02 0.070969 0.0253589
506 1.02 0.0710756 0.0273761
507 1.02 0.0661027 0.0179464
508 1.02 0.0860101 0.0316926
509 1.02 0.079669 0.0352736
510 1.02 0.0927575 0.0382605
511 1.02 0.0771345 0.0262722
512 1.02 0.0738589 0.0241242
513 1.02 0.0801257 0.0302624
514 1.02 0.081017 0.0266401
515 1.02 0.078419 0.0327355
516 1.02 0.0806997 0.0366593
517 1.02 0.0773661 0.0286939
518 1.02 0.0805012 0.0291575
519 1.02 0.0846911 0.031901
520 1.02 0.062663 0.0155224
521 1.02 0.076439 0.0295221
522 1.02 0.0816768 0.0299957
523 1.02 0.0785159 0.0234043
524 1.02 0.0607247 0.0150695
525 1.02 0.0852758 0.0224238
526 1.02 0.0871821 0.0261339
527 1.02 0.0830631 0.0316143
528 1.02 0.0706199 0.0241093
529 1.02 0.0646844 0.0213998
530 1.02 0.0740078 0.0205687
531 1.02 0.0735624 0.0263489
532 1.02 0.07245 0.0260771
533 1.02 0.0811632 0.0297808
534 1.02 0.0774763 0.0283115
535 1.02 0.0889906 0.0419249
536 1.02 0.0734635 0.0277805
537 1.02 0.0785737 0.0305575
538 1.02 0.0716191 0.0294634
539 1.02 0.074401 0.0327025
540 1.02 0.0852824 0.0390095
541 1.02 0.0994847 0.0446609
542 1.02 0.0895097 0.039243
543 1.02 0.094357 0.0476559
544 1.02 0.100156 0.0466912
545 1.02 0.0831843 0.0385908
546 1.02 0.0880375 0.0400317
547 1.02 0.0808963 0.0350992
548 1.02 0.0895419 0.0488557
549 1.02 0.0926553 0.045963
550 1.02 0.0799323 0.0347038
551 1.02 0.08792 0.0375395
552 1.02 0.0885951 0.0400628
553 1.02 0.0635649 0.0179444
554 1.02 0.0768173 0.0317513
555 1.02 0.0801322 0.0253754
556 1.02 0.0997962 0.051555
557 1.02 0.0731452 0.0238629
558 1.02 0.0584582 0.0157469
559 1.02 0.0483215 0.0115066
560 1.02 0.0568668 0.00961425
561 1.02 0.0556248 0.0146149
562 1.02 0.056912 0.0174647
563 1.02 0.0648646 0.0215602
564 1.02 0.0641099 0.0234864
565 1.02 0.0710676 0.0218844
566 1.02 0.0805801 0.0284748
567 1.02 0.0589623 0.0200982
568 1.02 0.0674714 0.0244519
569 1.02 0.0564351 0.0221827
570 1.02 0.0704443 0.0253627
571 1.02 0.0639052 0.0224837
572 1.02 0.0690262 0.0305203
573 1.02 0.0826747 0.0315152
574 1.02 0.0903693 0.0385043
575 1.02 0.0948074 0.0428689
576 1.02 0.0784971 0.0389107
577 1.02 0.073565 0.033189
578 1.02 0.0935343 0.0531896
579 1.02 0.0722197 0.0306861
580 1.03 0.0735784 0.0304487
581 1.03 0.0868274 0.0320121
582 1.03 0.0836247 0.0374972
583 1.03 0.0878149 0.0436275
584 1.03 0.0880474 0.0422763
585 1.03 0.066488 0.0277595
586 1.03 0.0774153 0.0333892
587 1.03 0.0942414 0.0447194
588 1.03 0.0865765 0.0380202
589 1.03 0.0920544 0.0414119
590 1.03 0.0858896 0.0429541
591 1.03 0.0853443 0.039007
592 1.03 0.0910457 0.0421794
593 1.03 0.0833052 0.0323657
594 1.03 0.089609 0.0449835
595 1.03 0.067306 0.029483
596 1.03 0.101827 0.0532061
597 1.03 0.098839 0.0470271
598 1.03 0.0836699 0.0333982
599 1.03 0.0921743 0.0429222
600 1.03 0.107466 0.0545634
601 1.03 0.0996553 0.0431587
602 1.03 0.077461 0.0303605
603 1.03 0.0861277 0.0311634
604 1.03 0.0774214 0.031833
605 1.03 0.0836782 0.0478614
606 1.03 0.0729737 0.0332846
607 1.03 0.0847937 0.0386091
608 1.03 0.0926234 0.0436531
609 1.03 0.0744125 0.0335739
610 1.03 0.076928 0.032024
611 1.03 0.0912244 0.0473231
612 1.03 0.107543 0.0476877
613 1.03 0.0954463 0.0550603
614 1.03 0.0947394 0.0453937
615 1.03 0.103633 0.0424976
616 1.03 0.0871708 0.0327892
617 1.03 0.0870845 0.0445467
618 1.03 0.107721 0.0501773
619 1.03 0.0728578 0.0268243
620 1.03 0.0779562 0.0333863
621 1.03 0.0936211 0.0449127
622 1.03 0.0887892 0.0404798
623 1.03 0.0750127 0.0332487
624 1.03 0.0933838 0.0481
625 1.03 0.0951426 0.0464785
626 1.03 0.0610957 0.0206479
627 1.03 0.0617765 0.0224717
628 1.03 0.0860496 0.0377867
629 1.03 0.0761971 0.0300931
630 1.03 0.0772615 0.0308582
631 1.03 0.0846765 0.0379477
632 1.03 0.095372 0.0450899
633 1.03 0.0837694 0.0391323
634 1.03 0.0608534 0.0196363
635 1.03 0.0793783 0.031283
636 1.03 0.1025 0.0551625
637 1.03 0.112306 0.0561971
638 1.03 0.0867441 0.0349369
639 1.03 0.0785744 0.0346468
640 1.03 0.0964938 0.03896
641 1.03 0.0857087 0.036002
642 1.03 0.114675 0.0433655
643 1.03 0.0917914 0.0419896
644 1.03 0.11116 0.0542403
645 1.03 0.0892191 0.036898
646 1.03 0.0778794 0.0314286
647 1.03 0.102308 0.0478391
648 1.03 0.103327 0.0485519
649 1.03 0.104609 0.0518102
650 1.03 0.0865737 0.0361193
651 1.03 0.102976 0.0464007
652 1.03 0.0886177 0.0400282
653 1.03 0.105958 0.0497123
654 1.03 0.092188 0.0374802
655 1.03 0.0804112 0.0331563
656 1.03 0.0954084 0.0376553
657 1.03 0.0748112 0.0277211
658 1.03 0.0771724 0.0310476
659 1.03 0.0662421 0.0221183
660 1.03 0.0819786 0.0336891
661 1.03 0.0849298 0.0368398
662 1.03 0.0890145 0.0459902
663 1.03 0.0786322 0.0336969
664 1.03 0.0860575 0.0389509
665 1.03 0.081734 0.0403606
666 1.03 0.0634321 0.025851
667 1.03 0.092833 0.0408559
668 1.03 0.0786182 0.0362668
669 1.03 0.0697281 0.0242928
670 1.03 0.075851 0.0316981
671 1.03 0.0887788 0.0471169
672 1.03 0.0514364 0.0190093
673 1.03 0.0739981 0.0277952
674 1.03 0.0988513 0.0534371
675 1.03 0.0810439 0.0344807
676 1.03 0.095967 0.0420927
677 1.03 0.0807369 0.0354977
678 1.03 0.0863128 0.0387174
679 1.03 0.100699 0.0398893
680 1.03 0.0838801 0.0394458
681 1.03 0.0894189 0.035498
682 1.03 0.0887155 0.0405663
683 1.03 0.0946749 0.0467617
684 1.03 0.0918184 0.0454604
685 1.03 0.106783 0.0438365
686 1.03 0.0801437 0.0342522
687 1.03 0.0863717 0.0328013
688 1.03 0.0833698 0.0327833
689 1.03 0.0958303 0.0523666
690 1.03 0.0769434 0.0325205
691 1.03 0.0860675 0.0257379
692 1.03 0.0661072 0.0218043
693 1.03 0.0906235 0.0390926
694 1.03 0.0956681 0.0449229
695 1.03 0.0888028 0.0415644
696 1.03 0.0668077 0.0282832
697 1.03 0.0668226 0.0257031
698 1.03 0.0759394 0.0310482
699 1.03 0.0760066 0.0275025
700 1.03 0.0593318 0.022192
701 1.03 0.0696717 0.0272992
702 1.03 0.0846228 0.0381228
703 1.03 0.0777587 0.0300526
704 1.03 0.0703302 0.027719
705 1.03 0.0651798 0.018172
706 1.03 0.0718506 0.0251764
707 1.03 0.0862041 0.0328055
708 1.03 0.0822681 0.0284589
709 1.03 0.0747108 0.0229053
710 1.03 0.0659317 0.0229137
711 1.03 0.0810258 0.0203744
712 1.03 0.0573363 0.0111166
713 1.03 0.0541475 0.00974255
714 1.03 0.0811329 0.0218017
715 1.03 0.0723065 0.0218369
716 1.03 0.0780961 0.0261924
717 1.03 0.0740828 0.021894
718 1.03 0.0668319 0.0212544
719 1.03 0.0987609 0.0418095
720 1.03 0.0823741 0.0357749
721 1.03 0.0651646 0.0196294
722 1.03 0.0584008 0.0135591
723 1.03 0.0484226 0.00989771
724 1.03 0.0544824 0.0112474
725 1.03 0.0761644 0.0170737
726 1.03 0.0677835 0.0126022
727 1.03 0.0594318 0.0127915
728 1.03 0.0705618 0.0166217
729 1.03 0.0578242 0.0170943
730 1.03 0.0791514 0.0195134
731 1.03 0.0684947 0.0192434
732 1.03 0.0642015 0.0167809
733 1.03 0.0767791 0.0177044
734 1.03 0.057044 0.0175907
735 1.03 0.0663782 0.0123678
736 1.03 0.0789496 0.0168006
737 1.03 0.078743 0.02024
738 1.03 0.0667405 0.0175048
739 1.03 0.0692016 0.0144377
740 1.03 0.0749665 0.0178411
741 1.03 0.0732899 0.0199361
742 1.03 0.048617 0.00912345
743 1.03 0.0742205 0.0182424
744 1.03 0.0658113 0.0159206
745 1.03 0.058637 0.0138011
746 1.03 0.0550227 0.0133134
747 1.03 0.06038 0.0172991
748 1.03 0.0589316 0.0122574
749 1.03 0.0713782 0.0159801
750 1.03 0.0653491 0.0139921
751 1.03 0.064379 0.013543
752 1.03 0.065966 0.0123673
753 1.03 0.0501209 0.0109764
754 1.03 0.0488406 0.00900864
755 1.03 0.0652699 0.0161072
756 1.03 0.0631388 0.0123887
757 1.03 0.0469794 0.00958095
758 1.03 0.0458054 0.00806427
759 1.03 0.0520445 0.00861802
760 1.03 0.0493334 0.00897944
761 1.03 0.0624102 0.0120578
762 1.03 0.0586948 0.00993673
763 1.03 0.0455145 0.00780759
764 1.03 0.0487546 0.00812541
765 1.03 0.053026 0.00839394
766 1.03 0.0495791 0.00841849
767 1.03 0.0633061 0.0107569
768 1.03 0.0580109 0.00968853
769 1.03 0.0470722 0.00944163
770 1.03 0.0627255 0.0118902
771 1.03 0.0752261 0.0141197
772 1.03 0.0558526 0.0104999
773 1.03 0.0719137 0.0137885
774 1.03 0.0616888 0.0099154
775 1.03 0.0621236 0.0127855
776 1.03 0.0597277 0.0120295
777 1.03 0.0691725 0.0132843
778 1.03 0.0533132 0.0103583
779 1.03 0.0681492 0.0127923
780 1.03 0.0659022 0.0124044
781 1.03 0.0590426 0.0101967
782 1.03 0.0593853 0.0116545
783 1.03 0.0597448 0.0115316
784 1.03 0.0493803 0.00881302
785 1.03 0.0562156 0.0109762
786 1.03 0.0683943 0.0162068
787 1.03 0.0470674 0.0077921
788 1.03 0.0658478 0.0120277
789 1.03 0.0608537 0.010743
790 1.03 0.060063 0.0123068
791 1.03 0.0697901 0.0134171
792 1.03 0.0563256 0.0123238
793 1.03 0.0626077 0.0122147
794 1.03 0.0714319 0.0151494
795 1.03 0.059841 0.0110177
796 1.03 0.0628851 0.0117052
797 1.03 0.0724164 0.0147574
798 1.03 0.0616432 0.0120933
799 1.03 0.0496832 0.00981125
800 1.03 0.0589617 0.0125261
801 1.03 0.0493571 0.00991643
802 1.03 0.0556939 0.00850007
803 1.03 0.0518386 0.00842937
804 1.03 0.0574441 0.00954203
805 1.03 0.0595237 0.0117525
806 1.03 0.0587069 0.0119418
807 1.03 0.0556036 0.00965228
808 1.03 0.0486504 0.00755861
809 1.03 0.0512196 0.00922881
810 1.03 0.0592606 0.0118286
811 1.03 0.0544907 0.00995476
812 1.03 0.0478258 0.0077265
813 1.03 0.0498885 0.00878127
814 1.03 0.0609665 0.0117018
815 1.03 0.0545291 0.0103845
816 1.03 0.0452758 0.00728569
817 1.03 0.0708478 0.0159538
818 1.03 0.0549552 0.0114364
819 1.03 0.0547576 0.0103356
820 1.03 0.0601945 0.00999578
821 1.03 0.058524 0.0109761
822 1.03 0.0458715 0.00865565
823 1.03 0.0531922 0.0103045
824 1.03 0.0551083 0.0106457
825 1.03 0.0530667 0.011086
826 1.03 0.0538759 0.0107556
827 1.03 0.0542495 0.010414
828 1.03 0.0503188 0.00965258
829 1.03 0.0714937 0.0148348
830 1.03 0.0557621 0.0099954
831 1.03 0.0464025 0.0093698
832 1.03 0.0532982 0.00902956
833 1.03 0.0654162 0.0148857
834 1.03 0.0676715 0.0133889
835 1.03 0.0617964 0.0136263
836 1.03 0.0672294 0.0140985
837 1.03 0.0702478 0.0153544
838 1.03 0.064449 0.0135872
839 1.03 0.0711076 0.0132512
840 1.03 0.0569774 0.0122979
841 1.03 0.0746245 0.0146576
842 1.03 0.0643285 0.012299
843 1.03 0.0727769 0.0147687
844 1.03 0.0627079 0.0114365
845 1.03 0.0632913 0.0135013
846 1.03 0.0602887 0.0130854
847 1.03 0.0696353 0.0159047
848 1.03 0.0491493 0.00855525
849 1.03 0.061747 0.0102356
850 1.03 0.0584874 0.010183
851 1.03 0.0662211 0.0130428
852 1.03 0.0623889 0.0106735
853 1.03 0.0619365 0.0151476
854 1.03 0.0458501 0.010106
855 1.03 0.0528275 0.00952558
856 1.03 0.0671828 0.0119451
857 1.03 0.0529829 0.00949192
858 1.03 0.0594499 0.00948578
859 1.03 0.0479722 0.00963738
860 1.03 0.0499529 0.00961311
861 1.03 0.055354 0.0109698
862 1.03 0.0441343 0.0063562
863 1.03 0.0530756 0.0113054
864 1.03 0.0598796 0.0101556
865 1.03 0.0561652 0.0111988
866 1.03 0.0584804 0.0106807
867 1.03 0.0633254 0.012089
868 1.03 0.0684099 0.0126703
869 1.03 0.059185 0.0120472
870 1.03 0.0632193 0.0146798
871 1.03 0.0670932 0.015559
872 1.03 0.0647759 0.0132323
873 1.03 0.0521145 0.0104758
874 1.03 0.0885211 0.024771
875 1.03 0.0693036 0.0129008
876 1.03 0.0761114 0.0166931
877 1.03 0.0568528 0.0113556
878 1.03 0.0591542 0.0114518
879 1.03 0.0515775 0.0105537
880 1.03 0.0692039 0.0163682
881 1.03 0.071068 0.016997
882 1.03 0.0543109 0.0137654
883 1.03 0.0727571 0.0168815
884 1.03 0.064956 0.017877
885 1.03 0.0712299 0.0183584
886 1.03 0.0782907 0.0182506
887 1.03 0.0719469 0.0148881
888 1.03 0.0674827 0.0177931
889 1.03 0.0821072 0.0211466
890 1.03 0.0728032 0.0168144
891 1.03 0.0841005 0.0216761
892 1.03 0.0737526 0.020269
893 1.03 0.0710003 0.0233411
894 1.03 0.0897892 0.0204887
895 1.03 0.0723112 0.0160842
896 1.03 0.0615804 0.0124533
897 1.03 0.0463667 0.0103819
898 1.03 0.0568269 0.0117352
899 1.03 0.0567914 0.0124871
900 1.03 0.0569272 0.01252
901 1.03 0.0547386 0.0110414
902 1.03 0.043512 0.007875
903 1.03 0.0477304 0.0074472
904 1.03 0.0463375 0.00706009
905 1.03 0.0534833 0.00731651
906 1.03 0.0527345 0.00793605
907 1.03 0.0595817 0.00847563
908 1.03 0.0481315 0.00900277
909 1.03 0.0541495 0.00814333
910 1.03 0.054322 0.0103974
911 1.03 0.051594 0.00896951
912 1.03 0.0575123 0.0106248
913 1.03 0.0539978 0.00834673
914 1.03 0.0536003 0.00834598
915 1.03 0.0487666 0.00775378
916 1.03 0.0526849 0.0101877
917 1.03 0.0645471 0.0112947
918 1.03 0.0528281 0.00989456
919 1.03 0.04935 0.00906999
920 1.03 0.0652746 0.0119642
921 1.03 0.0573698 0.00966827
922 1.03 0.0541787 0.00983544
923 1.03 0.0525551 0.00890612
924 1.03 0.0610769 0.0126485
925 1.03 0.0636105 0.0133656
926 1.03 0.0608913 0.0102283
927 1.03 0.0493896 0.00936271
928 1.03 0.0589085 0.0121294
929 1.03 0.0649583 0.0146003
930 1.03 0.0559303 0.0113107
931 1.03 0.0441749 0.00866791
932 1.03 0.0545742 0.0123601
933 1.03 0.0561704 0.0123754
934 1.03 0.0631844 0.0131626
935 1.03 0.0726577 0.0163671
936 1.03 0.0539072 0.0120515
937 1.03 0.0743311 0.0159343
938 1.03 0.0681883 0.0140603
939 1.03 0.0730022 0.0146311
940 1.03 0.0662224 0.0147771
941 1.03 0.0646619 0.0119343
942 1.03 0.0568916 0.0129006
943 1.03 0.0532223 0.00958501
944 1.03 0.0517519 0.0104513
945 1.03 0.0615822 0.0120609
946 1.03 0.0541868 0.00971477
947 1.03 0.0615258 0.0131644
948 1.03 0.0512539 0.00881607
949 1.03 0.0508561 0.00908851
950 1.03 0.0577318 0.011749
951 1.03 0.0458909 0.00737131
952 1.03 0.0644128 0.0141272
953 1.03 0.0539704 0.0110191
954 1.03 0.0566522 0.0120521
955 1.03 0.0485984 0.00957684
956 1.03 0.0600004 0.012716
957 1.03 0.0721072 0.0133787
958 1.03 0.0758803 0.0156346
959 1.03 0.0714378 0.0124812
960 1.03 0.0700039 0.0147926
961 1.03 0.0692607 0.0146873
962 1.03 0.0734356 0.0145334
963 1.03 0.0583932 0.0122429
964 1.03 0.0551547 0.0113325
965 1.03 0.0603912 0.0124578
966 1.03 0.0537698 0.00979365
967 1.03 0.0488428 0.00872717
968 1.03 0.051651 0.0104754
969 1.03 0.0559275 0.0105333
970 1.03 0.0485358 0.00830352
971 1.03 0.0460333 0.00733027
972 1.03 0.0502873 0.00850156
973 1.03 0.0501823 0.00836584
974 1.03 0.0588021 0.0121827
975 1.03 0.0569161 0.0116764
976 1.03 0.0578324 0.0102959
977 1.03 0.0518196 0.00945437
978 1.03 0.0503008 0.00803903
979 1.03 0.0516622 0.0100338
980 1.03 0.0535369 0.0108469
981 1.03 0.0432313 0.00771065
982 1.03 0.0564957 0.00988967
983 1.03 0.0596039 0.0124899
984 1.03 0.0558599 0.0117798
985 1.03 0.0686624 0.0144525
986 1.03 0.0483617 0.0108295
987 1.03 0.04357 0.00845121
988 1.03 0.069704 0.0148457
989 1.03 0.0500391 0.0112964
990 1.03 0.0577864 0.0117278
991 1.03 0.0503126 0.00865072
992 1.03 0.0498915 0.00856071
993 1.03 0.0591834 0.0117207
994 1.03 0.0508208 0.00891482
995 1.03 0.060955 0.0122205
996 1.03 0.0524642 0.00997738
997 1.03 0.0521011 0.0111703
998 1.03 0.0492682 0.00831777
999 1.03 0.051774 0.00939125
1000 1.03 0.0639361 0.0123813
