0 0.20617 0.0474803 0.0038538
1 0.24686 0.0257443 0.0025216
2 0.34503 0.0294152 0.00320081
3 0.34503 0.0350361 0.00442288
4 0.34503 0.0255048 0.00230999
5 0.34503 0.027242 0.00235141
6 0.34503 0.0223645 0.00178706
7 0.34503 0.0295761 0.00315026
8 0.34503 0.0309821 0.00306778
9 0.34503 0.0355656 0.00381403
10 0.34503 0.0303996 0.00292613
11 0.34503 0.0342541 0.00387343
12 0.34503 0.0320937 0.00308886
13 0.34503 0.0329547 0.00362766
14 0.34503 0.0327974 0.00317479
15 0.34503 0.0288081 0.00286174
16 0.34503 0.0335274 0.00339761
17 0.34503 0.0323116 0.00355953
18 0.34503 0.0339716 0.00366316
19 0.34503 0.0391111 0.00421361
20 0.34503 0.0373368 0.00411499
21 0.34503 0.0265756 0.00272249
22 0.34503 0.0352672 0.00315471
23 0.34503 0.0334493 0.00368449
24 0.34503 0.0394825 0.00426777
25 0.34503 0.0438291 0.00473709
26 0.34503 0.0406951 0.00434211
27 0.34503 0.031732 0.00333252
28 0.34503 0.0326815 0.00340807
29 0.34503 0.0361723 0.00420258
30 0.34503 0.0368997 0.00372338
31 0.34503 0.0357116 0.00391957
32 0.34503 0.0398017 0.00444036
33 0.34503 0.0370188 0.00385381
34 0.34503 0.0330052 0.00359609
35 0.34503 0.0433418 0.00436149
36 0.34503 0.0390824 0.00409781
37 0.34503 0.0398659 0.00384142
38 0.34503 0.0427088 0.00463784
39 0.34503 0.0419582 0.0047158
40 0.34503 0.0391634 0.00399316
41 0.34503 0.0333933 0.00334196
42 0.34503 0.0418991 0.00418249
43 0.34503 0.0417789 0.00450462
44 0.34503 0.0444996 0.00462558
45 0.34503 0.0438255 0.00493007
46 0.34503 0.0384096 0.00433814
47 0.34503 0.0356438 0.0037132
48 0.34503 0.0411841 0.00429261
49 0.34503 0.0453488 0.00477832
50 0.34503 0.0385781 0.00438361
51 0.34503 0.0364301 0.00382323
52 0.34503 0.0426811 0.00474861
53 0.34503 0.0334445 0.00383515
54 0.34503 0.0327891 0.00338051
55 0.34503 0.0343028 0.003727
56 0.34503 0.0414499 0.00482824
57 0.34503 0.0408598 0.00441677
58 0.34503 0.0310803 0.00340339
59 0.34503 0.0477747 0.00528596
60 0.34503 0.0447319 0.0046241
61 0.34503 0.0408366 0.00475631
62 0.34503 0.0441417 0.00481775
63 0.34503 0.0437415 0.00457028
64 0.34503 0.0369869 0.00403263
65 0.34503 0.0438693 0.0047334
66 0.34503 0.0343933 0.00337878
67 0.34503 0.0395351 0.0042072
68 0.34503 0.0360793 0.00404287
69 0.34503 0.0415324 0.00452165
70 0.34503 0.0405957 0.00451856
71 0.34503 0.0338499 0.00342861
72 0.34503 0.0384139 0.0040218
73 0.34503 0.0375516 0.00442989
74 0.34503 0.0409262 0.00426764
75 0.34503 0.0385437 0.0042454
76 0.34503 0.034045 0.00340419
77 0.34503 0.036823 0.00411226
78 0.34503 0.03623 0.00416482
79 0.34503 0.0401915 0.00446597
80 0.34503 0.0383918 0.00388331
81 0.34503 0.0423762 0.00447064
82 0.34503 0.0409837 0.00446055
83 0.34503 0.0438661 0.00467467
84 0.34503 0.0340962 0.0035185
85 0.34503 0.0394788 0.00470963
86 0.34503 0.0453543 0.00510837
87 0.34503 0.0427037 0.00513013
88 0.34503 0.0404111 0.00433919
89 0.34503 0.0448577 0.00505554
90 0.34503 0.0459255 0.00504943
91 0.34503 0.0389414 0.00399716
92 0.34503 0.0370026 0.0039074
93 0.34503 0.0411495 0.00422552
94 0.34503 0.0464076 0.00497922
95 0.34503 0.0383013 0.00439952
96 0.34503 0.048132 0.00500048
97 0.34503 0.0368821 0.00397749
98 0.34503 0.0483591 0.00496393
99 0.34503 0.0468905 0.00527767
100 0.34503 0.0449029 0.00501253
101 0.36781 0.0431044 0.00546913
102 0.47032 0.048964 0.00579252
103 0.547 0.0497569 0.00582559
104 0.547 0.0429257 0.00454105
105 0.547 0.0459497 0.00533013
106 0.547 0.0454304 0.0063265
107 0.547 0.033571 0.00348437
108 0.547 0.0499716 0.00641563
109 0.547 0.039916 0.00471924
110 0.547 0.0452571 0.0058227
111 0.547 0.0441647 0.00516007
112 0.547 0.0443991 0.0066812
113 0.547 0.0437374 0.00493596
114 0.547 0.0394318 0.00420729
115 0.547 0.0524493 0.00749835
116 0.547 0.0452165 0.00595705
117 0.547 0.0432847 0.00655162
118 0.547 0.039331 0.00576436
119 0.547 0.0449187 0.00665583
120 0.547 0.0459622 0.00600868
121 0.547 0.0517973 0.00779815
122 0.547 0.0496592 0.00759409
123 0.547 0.0444672 0.00624543
124 0.547 0.0499844 0.00721792
125 0.547 0.0560307 0.00858605
126 0.547 0.0508095 0.00639603
127 0.547 0.0529043 0.00654241
128 0.547 0.0483289 0.00733136
129 0.547 0.0417897 0.0052146
130 0.547 0.0438222 0.00566755
131 0.547 0.0508492 0.00711011
132 0.547 0.0488602 0.00668866
133 0.547 0.0401156 0.00589529
134 0.547 0.0510593 0.00829294
135 0.547 0.0430611 0.00675316
136 0.547 0.0410753 0.00656789
137 0.547 0.0510975 0.00727977
138 0.547 0.0483114 0.00748106
139 0.547 0.0503006 0.00815407
140 0.547 0.0481967 0.00860953
141 0.547 0.0519447 0.00864469
142 0.547 0.0466183 0.00796184
143 0.547 0.0499679 0.00906113
144 0.547 0.05581 0.0111277
145 0.547 0.048534 0.00998843
146 0.547 0.0507152 0.00940726
147 0.547 0.0536713 0.010018
148 0.547 0.0660416 0.0137405
149 0.547 0.0440066 0.00644701
150 0.55529 0.0491434 0.00928353
151 0.55529 0.0528786 0.00804347
152 0.55529 0.0512985 0.00821646
153 0.55529 0.0569804 0.00868834
154 0.55529 0.0479542 0.0078365
155 0.55529 0.0452536 0.00686549
156 0.55529 0.0512977 0.0100086
157 0.55529 0.0471746 0.00718402
158 0.55529 0.0496854 0.00863642
159 0.55529 0.0455323 0.00857031
160 0.55529 0.0443725 0.00649597
161 0.55529 0.0480193 0.00755835
162 0.55529 0.0551503 0.0107681
163 0.55529 0.0596035 0.0113592
164 0.55529 0.059797 0.0122814
165 0.55529 0.0643047 0.0145642
166 0.55529 0.0567414 0.0112128
167 0.55529 0.0590855 0.012503
168 0.55529 0.0558529 0.0104389
169 0.55529 0.0597701 0.0122692
170 0.55529 0.062965 0.0124698
171 0.55529 0.061222 0.014195
172 0.55529 0.0540855 0.0107578
173 0.55529 0.0514053 0.0107494
174 0.55529 0.04529 0.00747821
175 0.55529 0.057377 0.0100669
176 0.55529 0.0504469 0.0100323
177 0.58731 0.056497 0.0117844
178 0.58731 0.061113 0.0118662
179 0.58731 0.0409197 0.00618337
180 0.58731 0.0576039 0.011005
181 0.58731 0.0626868 0.0114402
182 0.58731 0.0556414 0.0114249
183 0.58731 0.0513228 0.0087703
184 0.58731 0.0530477 0.00989179
185 0.58731 0.0459184 0.00671089
186 0.58731 0.0419115 0.00649502
187 0.58731 0.0400395 0.00621987
188 0.58731 0.0466235 0.00844991
189 0.58731 0.0530564 0.00855937
190 0.58731 0.0429078 0.00627536
191 0.58731 0.0419853 0.00656507
192 0.58731 0.0384983 0.00543965
193 0.58731 0.047809 0.0097867
194 0.58731 0.048507 0.00725902
195 0.58731 0.041311 0.00616958
196 0.58731 0.0484125 0.00720597
197 0.58731 0.0419702 0.00710884
198 0.58731 0.0542428 0.00939202
199 0.58731 0.0462208 0.00840898
200 0.58731 0.0613051 0.0119128
201 0.58731 0.063007 0.010668
202 0.58731 0.0502436 0.0105727
203 0.58731 0.0424926 0.00671152
204 0.58731 0.0502422 0.00757869
205 0.58731 0.0401501 0.00517927
206 0.58731 0.0483986 0.00759587
207 0.58731 0.0482397 0.00852378
208 0.58731 0.0436802 0.00580635
209 0.58731 0.043144 0.00570899
210 0.58731 0.0446822 0.0067816
211 0.58731 0.0476664 0.00623705
212 0.58731 0.0399763 0.00551168
213 0.58731 0.0524003 0.00907247
214 0.58731 0.0433264 0.00776957
215 0.58731 0.0548292 0.0110971
216 0.58731 0.0388962 0.00495433
217 0.58731 0.0489488 0.00694884
218 0.58731 0.0383335 0.00438462
219 0.58731 0.0474699 0.00806505
220 0.58731 0.0381298 0.00599948
221 0.58731 0.043049 0.00625861
222 0.58731 0.0445566 0.00585068
223 0.58731 0.0365156 0.00488106
224 0.58731 0.0439835 0.00611033
225 0.58731 0.0383431 0.00440169
226 0.58731 0.0427306 0.00664455
227 0.58731 0.0450518 0.00682809
228 0.58731 0.0412198 0.00606465
229 0.58731 0.0407722 0.00555975
230 0.58731 0.0445641 0.00601195
231 0.58731 0.0436193 0.00670792
232 0.58731 0.0453542 0.00694699
233 0.58731 0.050861 0.008897
234 0.58731 0.0430429 0.00628016
235 0.58731 0.0504065 0.00808609
236 0.58731 0.0386995 0.00661057
237 0.58731 0.0572542 0.0101018
238 0.58731 0.0562531 0.0102613
239 0.58731 0.0469511 0.00949449
240 0.58731 0.0432946 0.00677423
241 0.58731 0.0470433 0.00840212
242 0.58731 0.0497226 0.00901501
243 0.58731 0.0495401 0.00779994
244 0.58731 0.0483695 0.00970585
245 0.58731 0.0551364 0.0108222
246 0.58731 0.0465189 0.00696113
247 0.58731 0.0414703 0.00546424
248 0.58731 0.0488824 0.00944831
249 0.58731 0.0448895 0.00820314
250 0.58731 0.0481137 0.00930346
251 0.58731 0.0456642 0.00810532
252 0.58731 0.0484013 0.0089642
253 0.58731 0.0511348 0.010557
254 0.58731 0.0577759 0.0116517
255 0.58731 0.0525902 0.00842254
256 0.58731 0.059405 0.0105246
257 0.58731 0.0499666 0.0113137
258 0.58731 0.0499482 0.00920188
259 0.58731 0.0358315 0.00545493
260 0.58731 0.0357229 0.00488816
261 0.58731 0.0404345 0.00608495
262 0.58731 0.0433704 0.00623249
263 0.58731 0.0468904 0.00743016
264 0.58731 0.0470754 0.00784267
265 0.58731 0.0450239 0.00627669
266 0.58731 0.0478005 0.00703531
267 0.58731 0.0529198 0.00908279
268 0.58731 0.0510319 0.00959609
269 0.58731 0.0550872 0.00929317
270 0.58731 0.0517092 0.00842476
271 0.58731 0.0562505 0.00923397
272 0.58731 0.0474056 0.00669519
273 0.58731 0.0456253 0.00650039
274 0.58731 0.042604 0.00555753
275 0.58731 0.0457642 0.00757288
276 0.58731 0.0424375 0.00575907
277 0.58731 0.0429346 0.0060496
278 0.58731 0.0507049 0.00855023
279 0.58731 0.0427211 0.0077854
280 0.58731 0.0500139 0.00831118
281 0.58731 0.0481746 0.00812286
282 0.58731 0.0402996 0.0064717
283 0.58731 0.0387848 0.00620648
284 0.58731 0.0529161 0.0110243
285 0.58731 0.0542894 0.0106141
286 0.58731 0.0466704 0.00706921
287 0.58731 0.0564942 0.0116637
288 0.58731 0.0527991 0.00954305
289 0.58731 0.0484548 0.00964562
290 0.58731 0.0555987 0.0123112
291 0.58731 0.0479747 0.00852078
292 0.58731 0.0570851 0.00992489
293 0.58731 0.0568806 0.0122948
294 0.58731 0.0504481 0.00910977
295 0.58731 0.0426203 0.00734729
296 0.58731 0.0442537 0.00718366
297 0.58731 0.069151 0.0136145
298 0.58731 0.054855 0.0102581
299 0.58731 0.0480417 0.00759423
300 0.58731 0.0552652 0.0102176
301 0.58731 0.047852 0.00840392
302 0.58731 0.0319301 0.00428838
303 0.58731 0.0480193 0.00909387
304 0.58731 0.0515291 0.00882311
305 0.58731 0.0468181 0.00689077
306 0.58731 0.0503035 0.00761652
307 0.58731 0.0511544 0.00961512
308 0.58731 0.0470811 0.00810769
309 0.58731 0.0641342 0.0129697
310 0.58731 0.0431181 0.00816927
311 0.58731 0.0398423 0.00533784
312 0.58731 0.0563952 0.0106489
313 0.58731 0.063125 0.0134889
314 0.58731 0.0470659 0.00911225
315 0.58731 0.0481928 0.00989061
316 0.58731 0.0552005 0.0107271
317 0.58731 0.0605615 0.0141656
318 0.58731 0.0450194 0.00760716
319 0.58731 0.0513992 0.00966357
320 0.58731 0.0460968 0.00803075
321 0.58731 0.0557439 0.010294
322 0.58731 0.0528486 0.00843105
323 0.58731 0.0462384 0.00951613
324 0.58731 0.0502067 0.00998798
325 0.58731 0.0513773 0.0111719
326 0.58731 0.0518351 0.0119289
327 0.58731 0.0555394 0.00966436
328 0.58731 0.0450386 0.00844436
329 0.58731 0.0484184 0.00888325
330 0.58731 0.0567873 0.0112078
331 0.58731 0.0452255 0.00931434
332 0.58731 0.0547494 0.010843
333 0.58731 0.0662977 0.0124081
334 0.58731 0.0526968 0.00932275
335 0.58731 0.0541467 0.0107204
336 0.58731 0.0533205 0.0105926
337 0.58731 0.0586809 0.0117635
338 0.58731 0.0389686 0.00675833
339 0.58731 0.0609998 0.0105955
340 0.58731 0.0420842 0.00675522
341 0.58731 0.0457839 0.00712601
342 0.58731 0.0457081 0.00778055
343 0.58731 0.0450406 0.00724599
344 0.58731 0.0497097 0.00867909
345 0.58731 0.0462082 0.00899812
346 0.58731 0.0484552 0.0085642
347 0.58731 0.0462255 0.00750121
348 0.58731 0.0400165 0.00682344
349 0.58731 0.0440777 0.00731974
350 0.58731 0.0591391 0.0103641
351 0.58731 0.052025 0.00865132
352 0.58731 0.0462561 0.00827984
353 0.58731 0.0515492 0.00984998
354 0.58731 0.0456203 0.00864048
355 0.58731 0.0596691 0.0139003
356 0.58731 0.0642177 0.0126803
357 0.58731 0.0510249 0.00916932
358 0.58731 0.0515233 0.0109401
359 0.58731 0.0601347 0.0109207
360 0.58731 0.0422753 0.00750632
361 0.58731 0.0418522 0.00850762
362 0.58731 0.0466004 0.00924846
363 0.58731 0.0488182 0.00961936
364 0.58731 0.0472946 0.00889148
365 0.58731 0.0454512 0.00834907
366 0.58731 0.0616357 0.0128299
367 0.58731 0.0521687 0.00952728
368 0.58731 0.0558231 0.0109311
369 0.58731 0.0463872 0.00931114
370 0.58731 0.0488493 0.00887545
371 0.58731 0.0650853 0.0131682
372 0.58731 0.0552401 0.0124239
373 0.58731 0.0576943 0.0113051
374 0.58731 0.0454459 0.00777475
375 0.58731 0.0472879 0.00876732
376 0.58731 0.0513263 0.00927784
377 0.58731 0.0455796 0.00895627
378 0.58731 0.0548089 0.0112598
379 0.58731 0.0561519 0.0118251
380 0.58731 0.0565818 0.0109083
381 0.58731 0.0486035 0.0102812
382 0.58731 0.0547215 0.0102596
383 0.58731 0.0499308 0.00941227
384 0.58731 0.055939 0.0118476
385 0.58731 0.0433621 0.00800036
386 0.58731 0.0573637 0.0118658
387 0.58731 0.0541674 0.00998387
388 0.58731 0.0559921 0.0131648
389 0.58731 0.0537395 0.010326
390 0.58731 0.0645498 0.0123701
391 0.58731 0.0542419 0.0110815
392 0.58731 0.0458285 0.00872908
393 0.58731 0.0476759 0.008612
394 0.58731 0.0531548 0.0112964
395 0.58731 0.0563059 0.0123998
396 0.58731 0.0489648 0.00914617
397 0.58731 0.0497472 0.00814266
398 0.58731 0.0534608 0.00967372
399 0.58731 0.0477748 0.00954586
400 0.58731 0.0478653 0.00910384
401 0.58731 0.0551768 0.0106932
402 0.58731 0.0579558 0.0126982
403 0.58731 0.0461822 0.00800547
404 0.58731 0.0411604 0.00715513
405 0.58731 0.0468916 0.00884303
406 0.58731 0.0556659 0.0123991
407 0.58731 0.0466465 0.00889562
408 0.58731 0.053994 0.0123581
409 0.58731 0.0560679 0.0104182
410 0.58731 0.0559485 0.0112363
411 0.58731 0.0486599 0.00914351
412 0.58731 0.0577957 0.011329
413 0.58731 0.0481957 0.0102295
414 0.58731 0.0512411 0.0094736
415 0.58731 0.062073 0.0115877
416 0.58731 0.0594969 0.0114184
417 0.58731 0.0580141 0.0120068
418 0.58731 0.0473553 0.00912996
419 0.58731 0.0492371 0.00971154
420 0.58731 0.0535249 0.010965
421 0.58731 0.0600697 0.011247
422 0.58731 0.0517333 0.0105676
423 0.58731 0.0566084 0.012812
424 1 0.0645877 0.0160333
424 0.80366 0.0559006 0.0136699
425 0.80366 0.050602 0.0107458
426 0.80366 0.0610703 0.0134757
427 0.80366 0.0457561 0.00758043
428 0.80366 0.0485802 0.0080221
429 0.80366 0.0604535 0.0129723
430 0.80366 0.0538368 0.00973294
431 0.80366 0.0516209 0.0102923
432 0.80366 0.0541618 0.00935996
433 0.80366 0.049284 0.00905885
434 0.80366 0.041913 0.00853898
435 0.80366 0.0505818 0.00977283
436 0.80366 0.0421621 0.00871162
437 0.80366 0.0521194 0.00934156
438 1 0.0650969 0.0170429
438 0.4762 0.0556538 0.0100827
439 0.49207 0.0523464 0.0100429
440 0.49207 0.0452031 0.00777006
441 0.50794 0.0575872 0.0122278
442 0.50794 0.0558969 0.0111059
443 0.50794 0.0569267 0.0106005
444 0.58143 0.0619809 0.0125475
445 0.58143 0.0590294 0.0123832
446 0.69254 0.0640191 0.013723
447 0.69254 0.0395904 0.00528464
448 0.69254 0.0609661 0.0123757
449 0.69254 0.0569144 0.0122218
450 0.69254 0.0524088 0.0116725
451 0.69254 0.0534574 0.00916459
452 0.69254 0.0516539 0.00890872
453 0.69254 0.0446316 0.00847506
454 0.69254 0.0545569 0.0112316
455 0.69254 0.0613334 0.0129562
456 0.69254 0.0400358 0.00561713
457 0.69254 0.0556187 0.0101721
458 0.69254 0.0527187 0.00963127
459 0.69254 0.0519996 0.0093673
460 0.69254 0.0454858 0.00824626
461 0.69254 0.0523762 0.0105801
462 0.69254 0.0522136 0.00963437
463 0.69254 0.055053 0.0109922
464 0.69254 0.0566973 0.011844
465 0.69254 0.0662194 0.0135562
466 0.69254 0.0680506 0.0156333
467 0.69254 0.0510841 0.00855793
468 0.69254 0.0679382 0.0146268
469 0.69254 0.055435 0.00962428
470 0.69254 0.0587579 0.0100845
471 0.69254 0.0500047 0.00772506
472 0.69254 0.0618531 0.011293
473 0.69254 0.0548925 0.0127254
474 0.69254 0.0529976 0.0102693
475 0.69254 0.0590352 0.0104544
476 0.69254 0.0593333 0.0113602
477 0.69254 0.0630335 0.0134038
478 0.69254 0.0665382 0.0137979
479 0.69254 0.0561284 0.010365
480 0.69254 0.0576874 0.0113165
481 0.69254 0.0613296 0.0104656
482 0.69254 0.0520354 0.0105906
483 0.69254 0.0499298 0.00937313
484 0.69254 0.0687077 0.0148994
485 0.69254 0.0533251 0.00964087
486 0.69254 0.0567255 0.0115234
487 0.69254 0.053502 0.010659
488 0.69254 0.0637334 0.0136772
489 0.69254 0.0593004 0.0126887
490 0.69254 0.06796 0.0154109
491 0.69254 0.0622262 0.0130756
492 0.69254 0.0647432 0.0135777
493 0.69254 0.0511845 0.0112298
494 0.69254 0.0599928 0.0114255
495 0.69254 0.0590207 0.0120667
496 0.69254 0.0731822 0.0153221
497 0.69254 0.0635925 0.0115511
498 0.69254 0.0592958 0.00984677
499 0.69254 0.0629325 0.0123649
500 0.69254 0.0503698 0.00789364
501 0.69254 0.0397119 0.00592301
502 0.69254 0.0468568 0.00771349
503 0.69254 0.0459708 0.00878319
504 0.69254 0.0620358 0.0134702
505 0.69254 0.0441078 0.00654497
506 0.69254 0.0447733 0.00788171
507 0.69254 0.0381268 0.0064373
508 0.69254 0.046078 0.00845501
509 0.69254 0.0609994 0.013983
510 0.69254 0.0584447 0.0119511
511 0.69254 0.0496252 0.00981639
512 0.69254 0.0528091 0.00883919
513 0.69254 0.0571389 0.0141859
514 0.69254 0.0615646 0.0126951
515 0.69254 0.0463493 0.00695864
516 0.69254 0.0575162 0.0135081
517 0.69254 0.0595388 0.0140729
518 0.69254 0.0544558 0.0130903
519 0.69254 0.0692879 0.0155472
520 0.69254 0.0527614 0.00988637
521 0.69254 0.064742 0.0156376
522 0.69254 0.0648665 0.0141913
523 0.69254 0.0580775 0.0131226
524 0.69254 0.0514424 0.0104304
525 0.69254 0.0650573 0.0149671
526 0.69254 0.0626171 0.0136393
527 0.69254 0.0537095 0.00986683
528 0.69254 0.0652288 0.0149181
529 0.69254 0.0628577 0.014332
530 0.69254 0.0485728 0.00804183
531 0.69254 0.0584444 0.0105059
532 0.69254 0.0483751 0.00969192
533 0.69254 0.0594201 0.013979
534 0.69254 0.0610156 0.0117581
535 0.69254 0.0501919 0.00892212
536 0.69254 0.0555033 0.0130545
537 0.69254 0.0468563 0.00890256
538 0.69254 0.0577798 0.0122627
539 0.69254 0.0619619 0.0122466
540 0.69254 0.0441558 0.00723111
541 0.69254 0.0454962 0.00897065
542 0.69254 0.060378 0.0133289
543 0.69254 0.0449536 0.0084671
544 0.69254 0.049293 0.0089559
545 0.69254 0.0538126 0.00938524
546 0.69254 0.0542741 0.0107668
547 0.69254 0.0526987 0.0105104
548 0.69254 0.0510917 0.00913782
549 0.69254 0.052869 0.0112642
550 0.69254 0.0502593 0.0102007
551 0.69254 0.049259 0.00852845
552 0.69254 0.0533746 0.0095169
553 0.69254 0.0434177 0.00649848
554 0.69254 0.0487182 0.00749103
555 0.69254 0.0503566 0.00857313
556 0.69254 0.0531587 0.00885821
557 0.69254 0.0532664 0.00925072
558 0.69254 0.0464199 0.00963216
559 0.69254 0.0453809 0.00913808
560 0.69254 0.0434037 0.00817922
561 0.69254 0.0571524 0.0108939
562 0.69254 0.0529879 0.0105713
563 0.69254 0.0437719 0.00846663
564 0.69254 0.0544721 0.0118638
565 0.69254 0.0458558 0.00902554
566 0.69254 0.0553013 0.0112408
567 0.69254 0.0330502 0.00593546
568 0.69254 0.0517339 0.00798777
569 0.69254 0.0525183 0.0091262
570 0.94651 0.0481471 0.0117412
571 0.94651 0.050213 0.0103479
572 0.94651 0.0506093 0.0100319
573 0.94651 0.045478 0.00835095
574 1 0.0567274 0.0141064
574 1.01 0.0478717 0.0136456
574 0.4762 0.0477047 0.00891542
575 0.4762 0.0558333 0.0108886
576 0.51733 0.0563024 0.011744
577 0.51733 0.0495232 0.00897967
578 0.51733 0.0510971 0.0107754
579 0.51733 0.0432519 0.00867769
580 0.51733 0.0640296 0.0144457
581 0.51733 0.0490874 0.00818897
582 0.51733 0.0585565 0.0111886
583 0.51733 0.0500054 0.00832975
584 0.51733 0.046711 0.00919958
585 0.51733 0.0520787 0.00899074
586 0.51733 0.0510285 0.0100254
587 0.51733 0.0506338 0.00817547
588 0.51733 0.0472358 0.00751962
589 0.51733 0.0615912 0.0127078
590 0.51733 0.0472617 0.00927048
591 0.51733 0.0532521 0.0098884
592 0.58143 0.0611987 0.0110241
593 0.58143 0.0378119 0.00465204
594 0.58143 0.0485505 0.00910518
595 0.58143 0.0478978 0.00977441
596 0.58143 0.056955 0.0111698
597 0.58143 0.0632869 0.0143745
598 0.58143 0.047677 0.01138
599 0.58143 0.055032 0.011952
600 0.58143 0.0510072 0.011016
601 0.58143 0.0539524 0.0109842
602 0.58143 0.050105 0.0112844
603 0.58143 0.045213 0.00894479
604 0.58143 0.0556785 0.0110664
605 0.58143 0.0559559 0.00951745
606 0.58143 0.053246 0.010424
607 0.58143 0.0444806 0.00923622
608 0.58143 0.0581041 0.0115109
609 0.58143 0.0504003 0.0102485
610 0.58143 0.047886 0.0107878
611 0.58143 0.0456858 0.00867171
612 0.58143 0.0531402 0.00927304
613 0.58143 0.0441646 0.00682163
614 0.58143 0.0487989 0.00838244
615 0.58143 0.0456797 0.00833941
616 0.58143 0.0417697 0.00870762
617 0.58143 0.0417047 0.00672838
618 0.58143 0.0405078 0.00711792
619 0.58143 0.0402251 0.00741794
620 0.58143 0.0453057 0.00752835
621 0.58143 0.0479241 0.00778939
622 0.58143 0.0510788 0.0106725
623 0.58143 0.0458847 0.00790562
624 0.58143 0.0452827 0.0081546
625 0.58143 0.0424076 0.00581845
626 0.58143 0.0501266 0.0103697
627 0.58143 0.0457492 0.00634826
628 0.58143 0.0506227 0.00916631
629 0.58143 0.0476552 0.00835413
630 0.58143 0.0505844 0.00992229
631 0.58143 0.0442409 0.0082184
632 0.58143 0.0484269 0.00786074
633 0.58143 0.0413062 0.00907042
634 0.58143 0.0463937 0.00594756
635 0.58143 0.0479223 0.00934547
636 0.58731 0.0472507 0.00718087
637 0.58731 0.0564138 0.00954935
638 0.58731 0.0505836 0.00864589
639 0.58731 0.0506982 0.00989448
640 0.58731 0.056532 0.0109315
641 0.58731 0.0486518 0.00836124
642 0.58731 0.0439308 0.00604443
643 0.58731 0.0522568 0.00908839
644 0.58731 0.0438705 0.00773352
645 0.58731 0.0648003 0.0129471
646 0.58731 0.0524638 0.0111772
647 0.58731 0.054506 0.0111185
648 0.58731 0.0597476 0.0139595
649 0.58731 0.0604729 0.0131882
650 0.58731 0.0539444 0.0117532
651 0.58731 0.0443052 0.00691045
652 0.58731 0.0514821 0.00877889
653 0.58731 0.0456038 0.00871123
654 0.58731 0.048104 0.0102843
655 0.58731 0.0555873 0.0109101
656 0.58731 0.0616834 0.0142349
657 0.58731 0.061581 0.011781
658 0.58731 0.0506906 0.0088931
659 0.58731 0.0468668 0.00947368
660 0.58731 0.0574966 0.0134327
661 0.58731 0.0666375 0.0149654
662 0.58731 0.0659548 0.0126867
663 0.58731 0.0474956 0.00999669
664 0.58731 0.0614328 0.0119118
665 0.58731 0.0599249 0.0133572
666 0.58731 0.0479113 0.0108191
667 0.58731 0.0546545 0.0114654
668 0.58731 0.0529858 0.0101864
669 0.58731 0.0534131 0.0101394
670 0.58731 0.0601761 0.0121574
671 0.58731 0.0669346 0.0151658
672 0.58731 0.051804 0.0101757
673 0.58731 0.0610799 0.0130544
674 0.58731 0.0559177 0.0106732
675 0.58731 0.0486369 0.0103633
676 0.58731 0.0623194 0.0134076
677 0.58731 0.0457231 0.0081814
678 0.58731 0.0498553 0.00886325
679 0.58731 0.0526091 0.0117867
680 0.58731 0.0471104 0.00678437
681 0.58731 0.0493242 0.00943937
682 0.58731 0.0642606 0.0125262
683 0.58731 0.0481486 0.00848976
684 0.58731 0.0587431 0.011631
685 0.58731 0.0513938 0.0103597
686 0.58731 0.0499381 0.0100415
687 0.58731 0.0480511 0.00975159
688 0.58731 0.0526015 0.011886
689 0.58731 0.0501042 0.0100595
690 0.58731 0.0616803 0.0117974
691 0.58731 0.056978 0.0110018
692 0.58731 0.0607385 0.0139216
693 0.58731 0.0576361 0.0123464
694 0.58731 0.0520581 0.0100786
695 0.58731 0.0434607 0.00779215
696 0.58731 0.0494905 0.00942855
697 0.58731 0.0515438 0.0100235
698 0.58731 0.0654023 0.0133021
699 0.58731 0.0471147 0.00972369
700 0.58731 0.0424708 0.00791114
701 0.58731 0.0493382 0.00976931
702 0.58731 0.051718 0.00979075
703 0.58731 0.0495386 0.00926525
704 0.58731 0.0388139 0.00610091
705 0.58731 0.0429034 0.00689126
706 0.58731 0.0532606 0.00951948
707 0.58731 0.0516865 0.0102957
708 0.58731 0.0404536 0.0067968
709 0.58731 0.0428702 0.00630784
710 0.58731 0.0509139 0.00923164
711 0.58731 0.0482878 0.00775425
712 0.58731 0.0413931 0.00656125
713 0.58731 0.0528861 0.00851053
714 0.58731 0.0479889 0.00869465
715 0.58731 0.0482415 0.00778884
716 0.58731 0.0504753 0.0106598
717 0.58731 0.0493922 0.00976234
718 0.58731 0.0568938 0.011846
719 0.58731 0.0680096 0.0132333
720 0.58731 0.0510055 0.00947477
721 0.58731 0.0481499 0.00689473
722 0.58731 0.0537766 0.00897761
723 0.58731 0.0503541 0.00881749
724 0.58731 0.0521943 0.0104471
725 0.58731 0.0523596 0.00908709
726 0.58731 0.0470597 0.00867827
727 0.58731 0.052601 0.00924691
728 0.58731 0.0390378 0.00586677
729 0.58731 0.05544 0.00958971
730 0.58731 0.0595641 0.0101742
731 0.58731 0.0591475 0.010741
732 0.58731 0.0496818 0.010649
733 0.58731 0.060819 0.0117664
734 0.58731 0.0483986 0.009548
735 0.58731 0.0553229 0.010094
736 0.58731 0.0507177 0.0101536
737 0.58731 0.052426 0.0100092
738 0.58731 0.0690646 0.0122522
739 0.58731 0.0516963 0.010966
740 0.58731 0.0486353 0.00902878
741 0.58731 0.0560059 0.00922298
742 0.58731 0.0538709 0.0102157
743 0.58731 0.0610915 0.0103553
744 0.58731 0.0482952 0.00915861
745 0.58731 0.0449 0.00851573
746 0.58731 0.0534988 0.0115124
747 0.58731 0.0536313 0.00935142
748 0.58731 0.0445981 0.00915214
749 0.58731 0.049925 0.00959569
750 0.58731 0.0471023 0.0104817
751 0.58731 0.0491134 0.00923411
752 0.58731 0.0583246 0.0105739
753 0.58731 0.0535643 0.0100721
754 0.58731 0.0567262 0.0103136
755 0.58731 0.0591329 0.0101063
756 0.58731 0.0581877 0.0110905
757 0.58731 0.0609183 0.0134453
758 0.58731 0.0676896 0.0139877
759 0.58731 0.0660808 0.0126642
760 0.58731 0.0724752 0.0144128
761 0.58731 0.0596487 0.00997445
762 0.58731 0.0424306 0.00730872
763 0.58731 0.0507536 0.00940344
764 0.58731 0.0490985 0.00921549
765 0.58731 0.060043 0.0111517
766 0.58731 0.0501525 0.0106787
767 0.58731 0.0484162 0.00874294
768 0.58731 0.0514651 0.0118452
769 0.58731 0.0493973 0.010163
770 0.58731 0.0462339 0.00954294
771 0.58731 0.0531219 0.0125451
772 0.58731 0.0513079 0.00909543
773 0.58731 0.0527493 0.0111108
774 0.58731 0.0439799 0.0100787
775 0.58731 0.0495527 0.011399
776 0.58731 0.0500507 0.0118613
777 0.58731 0.0506934 0.00958984
778 0.58731 0.0565851 0.0120194
779 0.58731 0.0572815 0.0120684
780 0.58731 0.0426097 0.00893161
781 0.58731 0.0358755 0.00687583
782 0.58731 0.0538596 0.00982678
783 0.58731 0.0518301 0.00988113
784 0.58731 0.0509118 0.00878809
785 0.58731 0.0594038 0.0116322
786 0.58731 0.0546685 0.0130155
787 0.58731 0.0569585 0.0132621
788 0.58731 0.0558082 0.0131037
789 0.58731 0.0447702 0.00848317
790 0.58731 0.0478444 0.0101682
791 0.58731 0.0458451 0.00954705
792 0.58731 0.0409534 0.00911573
793 0.58731 0.0521764 0.0111938
794 0.58731 0.0529353 0.0104553
795 0.58731 0.0516972 0.00991739
796 0.58731 0.0546688 0.0103783
797 0.58731 0.0499204 0.0100609
798 0.58731 0.0422704 0.00877582
799 0.58731 0.0518096 0.0123806
800 0.58731 0.059627 0.0136317
801 0.58731 0.042246 0.00724637
802 0.58731 0.0559064 0.0119118
803 0.58731 0.0477587 0.00944977
804 0.97689 0.0544017 0.0146198
805 0.97689 0.044672 0.00684642
806 0.97689 0.0480147 0.00897379
807 0.97689 0.0484816 0.00911312
808 0.97689 0.0428085 0.00685649
809 0.97689 0.0414274 0.00686099
810 0.97689 0.0494212 0.00926812
811 0.97689 0.0495391 0.00978146
812 0.97689 0.0541076 0.00866143
813 0.97689 0.0648702 0.0132729
814 0.97689 0.0494484 0.0097326
815 0.97689 0.064728 0.0142685
816 0.97689 0.0458525 0.00823823
817 0.97689 0.0483554 0.0108815
818 0.97689 0.0419132 0.00716218
819 0.97689 0.0445821 0.0070916
820 0.97689 0.0587615 0.0112927
821 0.97689 0.0573732 0.0121322
822 0.97689 0.043282 0.00632971
823 0.97689 0.0568454 0.0110535
824 0.97689 0.0561346 0.0106468
825 0.97689 0.0474633 0.00963484
826 0.97689 0.0501985 0.0102757
827 0.97689 0.0507643 0.0107395
828 0.97689 0.0592697 0.0130784
829 0.97689 0.0482747 0.0101813
830 0.97689 0.0588565 0.0127379
831 0.97689 0.0668706 0.0132059
832 0.97689 0.0597217 0.0116645
833 0.97689 0.0538872 0.00952255
834 0.97689 0.0540219 0.00904557
835 0.97689 0.0635119 0.0127732
836 0.97689 0.0592634 0.012662
837 0.97689 0.0591364 0.0120184
838 0.97689 0.061618 0.0126766
839 0.97689 0.0458796 0.00855479
840 0.97689 0.05287 0.0102768
841 0.97689 0.0427447 0.00768911
842 0.97689 0.0492668 0.00973919
843 0.97689 0.0566187 0.0122699
844 0.97689 0.0481616 0.00878568
845 0.97689 0.0587023 0.0144912
846 0.97689 0.0455317 0.00766339
847 0.97689 0.0560117 0.00969933
848 0.97689 0.0511359 0.00862485
849 0.97689 0.0470681 0.00793935
850 0.97689 0.0540014 0.00914964
851 0.97689 0.0523531 0.00757821
852 0.97689 0.0531185 0.00934591
853 0.97689 0.0546508 0.0110129
854 0.97689 0.0544368 0.0114379
855 0.97689 0.047389 0.00866798
856 0.97689 0.051727 0.00934218
857 0.97689 0.0509643 0.0094474
858 0.97689 0.0583976 0.0111406
859 0.97689 0.0655135 0.0130086
860 0.97689 0.0630915 0.0127129
861 0.97689 0.0563391 0.00950631
862 0.97689 0.0615097 0.0107275
863 0.97689 0.0564758 0.00963836
864 0.97689 0.0516365 0.00909915
865 0.97689 0.0528217 0.0103372
866 0.97689 0.0626002 0.0132204
867 0.97689 0.0587587 0.0116421
868 0.97689 0.0570299 0.0107895
869 0.97689 0.0631494 0.0115204
870 0.97689 0.0610983 0.0115523
871 0.97689 0.0775579 0.015726
872 0.97689 0.0604382 0.0129194
873 0.97689 0.0721946 0.0152715
874 0.97689 0.0655818 0.0137951
875 0.97689 0.0674905 0.0128624
876 0.97689 0.0644644 0.0119883
877 0.97689 0.0615908 0.0143894
878 0.97689 0.061365 0.0120878
879 0.97689 0.0608185 0.0112728
880 0.97689 0.0528105 0.0103406
881 0.97689 0.0667301 0.0124866
882 0.97689 0.0540306 0.00915463
883 0.97689 0.0660314 0.012329
884 0.97689 0.0508835 0.0108034
885 0.97689 0.0506947 0.00819105
886 0.97689 0.0558897 0.0110705
887 0.97689 0.0691556 0.0146984
888 0.97689 0.0483655 0.00965876
889 0.97689 0.0542409 0.00954918
890 0.97689 0.0582731 0.00983136
891 0.97689 0.0521068 0.0105784
892 0.97689 0.0569378 0.0114039
893 0.97689 0.0589875 0.0109213
894 0.97689 0.0496572 0.00836962
895 0.97689 0.0448138 0.00774894
896 0.97689 0.0531811 0.0113079
897 0.97689 0.0631822 0.0128217
898 0.97689 0.0619706 0.0137283
899 0.97689 0.0591047 0.0130069
900 0.97689 0.0589698 0.0125221
901 0.97689 0.070077 0.0154699
902 0.97689 0.0600185 0.0115374
903 0.97689 0.0651086 0.0119884
904 0.97689 0.0554067 0.0116012
905 0.97689 0.0649412 0.014924
906 0.97689 0.058216 0.0107704
907 0.97689 0.0529467 0.0105542
908 0.97689 0.0497727 0.00875464
909 0.97689 0.0504139 0.00855976
910 0.97689 0.0526692 0.00894245
911 0.97689 0.0587481 0.0116779
912 0.97689 0.0539688 0.00964934
913 0.97689 0.0634091 0.0112628
914 0.97689 0.0631122 0.0132312
915 0.97689 0.0519941 0.0097033
916 0.97689 0.0504984 0.00831679
917 0.97689 0.0506181 0.0084674
918 0.97689 0.0447102 0.00737595
919 0.97689 0.0431433 0.00696064
920 0.97689 0.0552297 0.00925958
921 0.97689 0.0520976 0.0104434
922 0.97689 0.0501264 0.0088639
923 0.97689 0.0631982 0.0123489
924 0.97689 0.0524784 0.0100878
925 0.97689 0.0480985 0.0109795
926 0.97689 0.046416 0.0099669
927 0.97689 0.0537922 0.0108
928 1 0.0610209 0.0153717
928 0.59731 0.0526803 0.0105405
929 0.65403 0.0645419 0.0125154
930 0.65403 0.0483604 0.00996695
931 0.65403 0.0612564 0.0108833
932 0.65403 0.0590443 0.0120473
933 0.65403 0.0633876 0.0119274
934 0.65403 0.052294 0.0084219
935 0.65403 0.0566958 0.0118541
936 0.65403 0.0525172 0.00874283
937 0.65403 0.0554315 0.0116887
938 0.65403 0.0472002 0.00818508
939 0.65403 0.0465669 0.00900879
940 0.65403 0.0532542 0.00948258
941 0.65403 0.0468895 0.00938444
942 0.65403 0.0481237 0.0100024
943 0.65403 0.0606994 0.0115153
944 0.65403 0.0351726 0.00582349
945 0.65403 0.0515488 0.00985212
946 0.65403 0.050687 0.00920572
947 0.65403 0.0429186 0.00655647
948 0.65403 0.053757 0.0094783
949 0.65403 0.0412329 0.00667349
950 0.65403 0.0495651 0.0095559
951 0.65403 0.0658453 0.0107278
952 0.65403 0.0586298 0.011943
953 0.65403 0.0470982 0.0090716
954 0.65403 0.0453934 0.00715473
955 0.65403 0.0472386 0.00948663
956 0.65403 0.051889 0.00864019
957 0.65403 0.0494845 0.00765969
958 0.65403 0.0611846 0.0110114
959 0.65403 0.0449642 0.00848472
960 0.65403 0.0533182 0.0104589
961 0.65403 0.0553887 0.00982985
962 0.65403 0.0508747 0.00831111
963 0.65403 0.0509471 0.00966425
964 0.65403 0.0518859 0.00901341
965 0.65403 0.0502609 0.00864825
966 0.65403 0.0488379 0.00866855
967 0.65403 0.0535212 0.0109771
968 0.65403 0.0536573 0.00993526
969 0.65403 0.0539113 0.00946277
970 0.65403 0.0523881 0.0107754
971 0.65403 0.051562 0.00882536
972 0.65403 0.0514214 0.00793123
973 0.65403 0.0417299 0.00580781
974 0.65403 0.048284 0.00704714
975 0.65403 0.0509351 0.00916395
976 0.65403 0.0545656 0.0110665
977 0.65403 0.0626134 0.0140854
978 0.71429 0.0590033 0.013425
979 0.71429 0.0662257 0.0137914
980 0.71429 0.072455 0.0172854
981 0.71429 0.0595213 0.0113933
982 0.71429 0.0573975 0.0103647
983 0.71429 0.0496029 0.00903323
984 0.71429 0.0617307 0.0129035
985 0.71429 0.0504489 0.00836691
986 0.71429 0.0578994 0.0124325
987 0.71429 0.0466426 0.00979632
988 0.71429 0.0563097 0.0119471
989 0.71429 0.0533122 0.0117878
990 0.73016 0.0684319 0.016297
991 1 0.0533114 0.0122793
991 1.01 0.0638717 0.0179616
991 1 0.0555978 0.0145941
991 1 0.0657176 0.0164201
991 0.6608 0.0697837 0.0154615
992 0.6608 0.0550526 0.0117745
993 0.6608 0.0565387 0.010182
994 0.6608 0.0453051 0.00792437
995 0.6608 0.0449941 0.0085942
996 0.6608 0.0467247 0.00722733
997 0.6608 0.0466441 0.00807907
998 0.6608 0.0607359 0.0124788
999 0.6608 0.0478903 0.00892742
1000 0.6608 0.0620435 0.0129274
1000 0.4762 0.0645059 0.0122706
