0 0.25163 0.0385938 0.00343835
1 0.25163 0.017318 0.00129967
2 0.25163 0.0171609 0.00146168
3 0.27502 0.0403973 0.00466305
4 0.27502 0.0244591 0.00199585
5 0.27502 0.0260872 0.00219272
6 0.27502 0.0164061 0.00117312
7 0.27502 0.0364018 0.00391431
8 0.27502 0.0356235 0.00402475
9 0.27721 0.0233035 0.00257112
10 0.41277 0.0322084 0.00380503
11 0.41277 0.0303218 0.00321113
12 0.41277 0.0315824 0.00306328
13 0.58731 0.0365358 0.0054027
14 0.58731 0.0337881 0.0044849
15 0.58731 0.0466954 0.00614486
16 0.58731 0.0435911 0.00551046
17 0.58731 0.0402727 0.00446966
18 0.58731 0.0381402 0.00433182
19 0.58731 0.0353047 0.00425603
20 0.58731 0.0445272 0.00523331
21 0.58731 0.0339974 0.00425019
22 0.58731 0.0322147 0.00348185
23 0.59069 0.0428591 0.00618589
24 0.59069 0.0414261 0.00543175
25 0.59069 0.0336234 0.00349484
26 0.59069 0.0348083 0.0043031
27 0.59092 0.0338199 0.00454435
28 0.59092 0.0424791 0.00522785
29 0.59092 0.0436776 0.00497392
30 0.59092 0.0334409 0.00450937
31 0.59092 0.0369809 0.00402306
32 0.59092 0.0420103 0.00478198
33 0.59092 0.0378808 0.00448551
34 0.59092 0.0363328 0.00536371
35 0.59092 0.0407323 0.00570574
36 0.59092 0.0311737 0.00364076
37 0.59092 0.0383613 0.00481859
38 0.59092 0.040432 0.00497612
39 0.59092 0.0371599 0.0056717
40 0.59092 0.0408158 0.00603572
41 0.59092 0.0440578 0.00733024
42 0.59092 0.0527544 0.00853788
43 0.59092 0.0548476 0.00753742
44 0.59092 0.0392042 0.00513212
45 0.59092 0.042558 0.0054027
46 0.59092 0.0456608 0.00579392
47 0.59092 0.0419484 0.00691557
48 0.59092 0.0569222 0.00972193
49 0.59092 0.0495896 0.00859226
50 0.59092 0.0420085 0.00764525
51 0.59092 0.047404 0.00817464
52 0.59092 0.0548872 0.0107779
53 0.59092 0.0551956 0.00792572
54 0.59092 0.0458975 0.00857604
55 0.59092 0.0561507 0.0104756
56 0.59092 0.0582175 0.0104976
57 0.59092 0.0491209 0.00948304
58 0.59092 0.0515907 0.00845846
59 0.59092 0.0483324 0.0083514
60 0.59092 0.0516724 0.00906786
61 0.59092 0.0556856 0.00909625
62 0.59092 0.0458171 0.00742875
63 0.59092 0.0412189 0.00575143
64 0.59092 0.0421823 0.0069164
65 0.59092 0.0434921 0.00790609
66 0.59092 0.0426426 0.00602042
67 0.59092 0.0449069 0.00719966
68 0.59092 0.0417686 0.0070208
69 0.59092 0.0390088 0.00450453
70 0.59092 0.0536863 0.00870463
71 0.59092 0.0400242 0.00593778
72 0.59092 0.042206 0.00487982
73 0.59092 0.0337786 0.00370875
74 0.59092 0.0532791 0.00841109
75 0.59092 0.0420703 0.00592836
76 0.59092 0.053693 0.00881765
77 0.59092 0.0442735 0.00736091
78 0.59092 0.0529852 0.00818676
79 0.59092 0.0489082 0.00658313
80 0.59092 0.0395776 0.00567818
81 0.59092 0.0531662 0.00889536
82 0.59092 0.04382 0.00673646
83 0.59092 0.05104 0.0101734
84 0.59092 0.0486258 0.00908778
85 0.59092 0.0448951 0.00819676
86 0.59092 0.0378768 0.00668142
87 0.59092 0.0550629 0.0101626
88 0.59092 0.0473888 0.00799695
89 0.59092 0.0699863 0.013311
90 0.59092 0.0587543 0.0120235
91 0.59092 0.0772677 0.0153451
92 0.59092 0.0460477 0.00920664
93 0.59092 0.0544673 0.0112653
94 0.59092 0.0510217 0.00896409
95 0.59092 0.0552288 0.0106808
96 0.59092 0.0508356 0.0106588
97 0.59092 0.066952 0.0146141
98 0.59092 0.0591546 0.01143
99 0.59092 0.0649638 0.0135636
100 0.59092 0.0659201 0.0136962
101 0.59092 0.0713474 0.0149237
102 0.59092 0.0718071 0.0163844
103 0.59092 0.0615265 0.0131412
104 0.59092 0.0734622 0.01456
105 0.59092 0.0618704 0.0118673
106 0.59092 0.0691646 0.0126652
107 0.59092 0.0627336 0.0112226
108 0.59092 0.0570621 0.0102347
109 0.59092 0.0553183 0.00960618
110 0.59092 0.0586774 0.010649
111 0.59092 0.0564332 0.00966674
112 0.59092 0.0700803 0.0135963
113 0.59092 0.0621709 0.0116235
114 0.59092 0.0561334 0.00946027
115 0.59092 0.0588799 0.0106591
116 0.59092 0.0603885 0.012135
117 0.59092 0.0557239 0.00957023
118 0.59092 0.0517093 0.00910736
119 0.59092 0.0555222 0.00996534
120 0.59092 0.0586451 0.0111538
121 0.59092 0.0646786 0.0120416
122 0.59092 0.0538804 0.0097124
123 0.59092 0.0544151 0.0102189
124 0.59092 0.0524508 0.00851602
125 0.59092 0.0677869 0.0099708
126 0.59092 0.0613955 0.0109121
127 0.59092 0.0602177 0.0115626
128 0.59092 0.0632374 0.0134155
129 0.59092 0.0596459 0.0097956
130 0.59092 0.0474158 0.00851414
131 0.59092 0.0595217 0.0117311
132 0.59092 0.0579098 0.0118189
133 0.59092 0.0417834 0.00650238
134 0.59092 0.0604617 0.0129774
135 0.59092 0.0566858 0.0113788
136 0.59092 0.0483414 0.00877092
137 0.59092 0.0572978 0.0107625
138 0.59092 0.0511475 0.00899639
139 0.59092 0.0530011 0.0107944
140 0.59092 0.0664182 0.0153059
141 0.59092 0.0614244 0.0125301
142 0.59092 0.0562801 0.0114226
143 0.59092 0.0693598 0.0137576
144 0.59092 0.0591825 0.0123372
145 0.59092 0.0771754 0.0141754
146 0.59092 0.060699 0.0115713
147 0.59092 0.0580275 0.0133311
148 0.59092 0.0466864 0.00852791
149 0.59092 0.0590166 0.0130474
150 0.59092 0.0526008 0.0106415
151 0.59092 0.0472707 0.00856182
152 0.59092 0.0520346 0.00942902
153 0.59092 0.0578958 0.0117567
154 0.59092 0.0592431 0.0106696
155 0.59092 0.0591055 0.0111344
156 0.59092 0.0505977 0.00968079
157 0.59092 0.0585882 0.0121895
158 0.59092 0.0544994 0.00944239
159 0.59092 0.0463623 0.00784888
160 0.59092 0.0633044 0.0131545
161 0.59092 0.0582648 0.0111341
162 0.59092 0.0709475 0.0136517
163 0.59092 0.0644406 0.0132423
164 0.59092 0.0629803 0.0154829
165 0.59092 0.0666206 0.0149146
166 0.59092 0.0782065 0.0180598
167 0.59092 0.0576129 0.0120613
168 0.59092 0.0771223 0.0174835
169 0.59092 0.0606994 0.0120316
170 0.59092 0.0563 0.0115299
171 0.59092 0.05233 0.0106458
172 0.59092 0.0494611 0.00911244
173 0.59092 0.0691206 0.0135243
174 0.59092 0.0622995 0.0127168
175 0.59092 0.0724414 0.0122156
176 0.59092 0.0604453 0.0112252
177 0.59092 0.0555843 0.0105524
178 0.59092 0.053602 0.0100978
179 0.59092 0.0582484 0.0115471
180 0.59092 0.0520081 0.0114263
181 0.59092 0.0701477 0.0162352
182 0.59092 0.0591355 0.0128829
183 0.59092 0.0552923 0.010923
184 0.59092 0.0587093 0.0120945
185 0.59092 0.0517297 0.0109324
186 0.59092 0.0630783 0.0123485
187 0.59092 0.0558844 0.0122439
188 0.59092 0.0524695 0.0113765
189 0.59092 0.0600415 0.0134065
190 0.59092 0.070023 0.0129384
191 0.59092 0.0440726 0.00736763
192 0.59092 0.061057 0.0119614
193 0.59092 0.0483687 0.00891708
194 0.59092 0.0642312 0.011594
195 0.59092 0.0590512 0.00997762
196 0.59092 0.0645568 0.0112703
197 0.59092 0.0703409 0.0137296
198 0.59092 0.0608539 0.0114225
199 0.59092 0.0568429 0.00943322
200 0.59092 0.0674184 0.0128054
201 0.59092 0.0658563 0.0128041
202 0.61335 0.0586913 0.010477
203 0.61335 0.0685204 0.0151829
204 0.61335 0.0608303 0.0126249
205 0.61335 0.0579192 0.0100966
206 0.61335 0.0664616 0.0131288
207 0.61335 0.0637315 0.0128384
208 0.61335 0.0649014 0.0129451
209 0.61335 0.0635029 0.0136576
210 0.61335 0.0689267 0.0144754
211 0.61335 0.0591797 0.0120157
212 0.61335 0.0568593 0.0107936
213 0.61335 0.0757317 0.0165599
214 0.61335 0.0548676 0.0118206
215 0.61335 0.0672101 0.0145403
216 0.61335 0.0659864 0.0139576
217 0.61335 0.0671438 0.0162035
218 0.61335 0.0756577 0.0150994
219 0.61335 0.0819158 0.0186498
220 0.61335 0.0744834 0.016563
221 0.61335 0.0615862 0.0137479
222 0.61335 0.0625085 0.0125384
223 0.61335 0.0573933 0.0120798
224 0.61335 0.0568854 0.013121
225 0.61335 0.0676263 0.0115846
226 0.61335 0.0603246 0.0120814
227 0.61335 0.0657669 0.0148147
228 0.61335 0.058654 0.0114302
229 0.61335 0.0691618 0.0124405
230 0.61335 0.0537536 0.0104918
231 0.61335 0.0580251 0.0118537
232 0.61335 0.0532738 0.0114073
233 0.61335 0.0538175 0.0110208
234 0.61335 0.0523782 0.00986252
235 0.61335 0.0596946 0.00974614
236 0.61335 0.0602373 0.0116616
237 0.61335 0.0623148 0.0137705
238 0.61335 0.0671725 0.0167111
239 0.61335 0.0480912 0.0100428
240 0.61335 0.0595213 0.0110502
241 0.61335 0.0677848 0.0135156
242 0.61335 0.0576347 0.0122699
243 0.61335 0.0523137 0.00886017
244 0.61335 0.0519721 0.00975469
245 0.61335 0.0455706 0.00754253
246 0.61335 0.0385462 0.00455034
247 0.61335 0.0468139 0.0080652
248 0.61335 0.0487913 0.00736748
249 0.61335 0.0476014 0.00886723
250 0.61335 0.055151 0.0104229
251 0.61335 0.043438 0.00789536
252 0.61335 0.0419936 0.00660222
253 0.61335 0.0538701 0.00885149
254 0.61335 0.0551993 0.00903784
255 0.61335 0.049812 0.00749466
256 0.61335 0.0534368 0.00967938
257 0.61335 0.0594604 0.010794
258 0.61335 0.0616643 0.010677
259 0.61335 0.0595837 0.0111412
260 0.61335 0.0466358 0.00779104
261 0.61335 0.0570221 0.0115228
262 0.61335 0.0496849 0.00842101
263 0.61335 0.0583529 0.0120427
264 0.61335 0.0483521 0.00888837
265 0.61335 0.0516585 0.00936061
266 0.61335 0.060817 0.0117845
267 0.61335 0.0672382 0.0142936
268 0.61335 0.0528893 0.0103995
269 0.61335 0.0457298 0.00702655
270 0.61335 0.0507526 0.00949857
271 0.61335 0.0567212 0.0130051
272 0.61335 0.0598114 0.0111859
273 0.61335 0.0567611 0.0106627
274 0.61335 0.0585368 0.0130462
275 0.61335 0.0551895 0.012109
276 0.61335 0.0595774 0.012299
277 0.61335 0.0589396 0.012529
278 0.61335 0.0705316 0.0141199
279 0.61335 0.0595831 0.0131937
280 0.61335 0.0440903 0.00734528
281 1 0.0744038 0.018422
281 1.01 0.0496282 0.0130119
281 0.69254 0.0538943 0.0100398
282 1 0.0530755 0.0140422
282 1 0.0556132 0.0142446
282 0.97239 0.0671956 0.0168912
283 1.01 0.0622428 0.0171979
283 1 0.0659349 0.0171277
283 0.73429 0.0556215 0.0127495
284 0.73429 0.062498 0.0127305
285 0.73429 0.0587165 0.0123532
286 0.73429 0.052413 0.0104393
287 0.73429 0.0492579 0.00860522
288 0.73429 0.0462018 0.00919874
289 0.73429 0.0478223 0.00925962
290 0.73429 0.0488641 0.00952126
291 0.73429 0.0509559 0.00884834
292 0.73429 0.0592331 0.0119191
293 0.73429 0.0597492 0.0114699
294 0.73429 0.0507247 0.00906923
295 0.73429 0.0613957 0.0113669
296 0.73429 0.0549822 0.0103558
297 0.73429 0.0644723 0.0127654
298 0.73429 0.0690315 0.0126988
299 0.73429 0.0619756 0.0130206
300 0.73429 0.0572355 0.0130205
301 0.73429 0.05389 0.0103441
302 0.73429 0.0476078 0.00842044
303 0.73429 0.0465267 0.00614725
304 0.73429 0.054897 0.00999168
305 0.73429 0.0568564 0.0109923
306 0.73429 0.0491657 0.00799322
307 0.73429 0.0483023 0.00780023
308 0.73429 0.0459206 0.0082521
309 0.73429 0.0463291 0.00844337
310 0.73429 0.0651704 0.0113774
311 0.73429 0.0584917 0.0114008
312 0.73429 0.0608713 0.0115989
313 0.73429 0.056239 0.0102101
314 0.73429 0.0601485 0.0106928
315 0.73429 0.0663877 0.0121067
316 0.73429 0.0721506 0.0170685
317 0.73429 0.0511619 0.0104607
318 0.73429 0.0489183 0.00642626
319 0.73429 0.0611497 0.00998413
320 0.73429 0.058326 0.0121188
321 0.73429 0.0639593 0.0131691
322 0.73429 0.066982 0.0159743
323 0.73429 0.0575659 0.00965232
324 0.73429 0.0507901 0.00937505
325 0.73429 0.0660025 0.0116592
326 0.73429 0.0594353 0.0103588
327 0.73429 0.063847 0.0125391
328 0.73429 0.0591207 0.012562
329 0.73429 0.0517352 0.00840996
330 0.73429 0.0469928 0.00806479
331 0.73429 0.0487127 0.00892446
332 0.73429 0.0499307 0.00865378
333 1.01 0.0607167 0.0137058
333 0.49207 0.0552789 0.00928944
334 0.49207 0.0497059 0.00867001
335 0.49207 0.0529039 0.00741715
336 0.49207 0.0497599 0.00820575
337 0.49207 0.0536635 0.00877258
338 0.49207 0.0526377 0.00947789
339 0.49207 0.0567286 0.00979691
340 0.49207 0.0502064 0.00948841
341 0.49207 0.0450733 0.00824629
342 0.57556 0.0485083 0.00908826
343 0.57556 0.0483541 0.00751
344 1 0.0565444 0.0128326
344 0.49207 0.0668049 0.0134389
345 0.49207 0.0455262 0.0084282
346 0.49207 0.0522954 0.00948098
347 0.49207 0.0619396 0.0111648
348 0.49207 0.0456092 0.00743251
349 0.49207 0.060314 0.0122346
350 0.49207 0.0634701 0.0121453
351 0.49207 0.0477827 0.00917025
352 0.49207 0.0521134 0.00886293
353 0.49207 0.0587215 0.0114319
354 0.49207 0.050311 0.00937386
355 0.49207 0.0670342 0.0126654
356 0.49207 0.062046 0.0122696
357 0.49207 0.062385 0.0123184
358 0.49207 0.0574666 0.0119984
359 0.49207 0.0655696 0.0130462
360 0.49207 0.0606679 0.0119978
361 0.49207 0.0683963 0.0150243
362 0.49207 0.0529245 0.0112845
363 0.49207 0.0681128 0.014039
364 0.58143 0.0712274 0.0170121
365 0.58143 0.0679709 0.0149411
366 0.58143 0.0827279 0.0180778
367 0.58143 0.055764 0.0110032
368 0.58143 0.0649406 0.0127939
369 0.58143 0.0588573 0.0115406
370 0.58143 0.0500067 0.00967096
371 0.58143 0.0746708 0.0168584
372 0.58143 0.0546097 0.0102267
373 0.58143 0.0592306 0.00952858
374 0.58143 0.0561922 0.0109643
375 0.58143 0.0710849 0.0144874
376 0.58143 0.0582335 0.0111071
377 0.58143 0.06717 0.0135414
378 0.58143 0.0610312 0.0112673
379 0.58143 0.0744845 0.0138276
380 0.58143 0.0659178 0.0116736
381 0.58143 0.0582904 0.0114445
382 0.58143 0.0716862 0.0134086
383 0.58143 0.0628651 0.011421
384 0.58143 0.0676822 0.013223
385 0.58143 0.062727 0.0114579
386 0.58143 0.0520115 0.00868907
387 0.58143 0.0559405 0.0106055
388 0.58143 0.0625581 0.0120222
389 0.58143 0.0591074 0.0102251
390 0.58143 0.048832 0.0094033
391 0.58143 0.055143 0.00953004
392 0.58143 0.0656571 0.011626
393 0.58143 0.0569262 0.0100275
394 0.58143 0.0578394 0.00995377
395 0.58143 0.0612398 0.0127657
396 0.58143 0.0571764 0.00920115
397 0.58143 0.048205 0.00883564
398 0.58143 0.051882 0.00888396
399 0.69254 0.0717712 0.0155643
400 0.69254 0.0749341 0.0140237
401 0.69254 0.0565686 0.00924103
402 0.69254 0.0506333 0.00858376
403 0.69254 0.0540077 0.0113029
404 0.69254 0.072269 0.0159339
405 0.69254 0.0559011 0.0116723
406 0.69254 0.0593289 0.0115663
407 0.69254 0.0593719 0.0105613
408 0.69254 0.0603756 0.0100398
409 0.69254 0.0666953 0.0131316
410 0.69254 0.057396 0.0116805
411 0.69254 0.0596853 0.0115334
412 0.69254 0.0571286 0.0109492
413 0.69254 0.0688035 0.0144184
414 0.69254 0.0450156 0.00686206
415 0.69254 0.0548515 0.00928563
416 0.69254 0.0520571 0.0092772
417 0.69254 0.0447143 0.00776741
418 0.69254 0.0568021 0.0104107
419 0.69254 0.0609852 0.0110321
420 0.69254 0.0561967 0.0106135
421 0.69254 0.0645701 0.0130086
422 0.69254 0.0615922 0.0126106
423 0.69254 0.0384248 0.00727012
424 0.69254 0.0394216 0.00659037
425 0.69254 0.0635289 0.0129296
426 0.69254 0.0550557 0.0115805
427 0.69254 0.0468451 0.0089317
428 0.69254 0.0549646 0.0102649
429 0.69254 0.0547431 0.0115545
430 0.69254 0.057518 0.0121647
431 0.69254 0.0771522 0.0151684
432 0.69254 0.065591 0.0132737
433 0.69254 0.0532705 0.0103013
434 0.69254 0.0579737 0.0110614
435 0.69254 0.0618735 0.0134319
436 0.69254 0.0642857 0.0160464
437 0.69254 0.0718876 0.0153332
438 0.69254 0.0563838 0.0105712
439 0.69254 0.0633917 0.0126385
440 0.69254 0.0500207 0.0103304
441 0.69254 0.0518018 0.010664
442 0.69254 0.0647795 0.0123571
443 0.69254 0.0568425 0.0114965
444 0.69254 0.0546503 0.0117742
445 0.69254 0.0718296 0.0130542
446 0.69254 0.057912 0.0116595
447 0.69254 0.0442335 0.0086298
448 0.69254 0.0460528 0.00901709
449 0.69254 0.0559312 0.0133783
450 0.69254 0.0492685 0.00868025
451 0.69254 0.0641533 0.0125828
452 0.69254 0.0652215 0.0156694
453 0.69254 0.051204 0.00994952
454 0.69254 0.0594219 0.0115796
455 0.69254 0.0568862 0.0114862
456 0.69254 0.0461379 0.00857396
457 0.69254 0.0574111 0.0117727
458 0.69254 0.0514103 0.00995659
459 0.69254 0.0589414 0.0107424
460 0.69254 0.0565166 0.010602
461 0.69254 0.067046 0.013397
462 0.69254 0.0568684 0.0125191
463 0.69254 0.0556031 0.008982
464 0.69254 0.039077 0.00590837
465 0.69254 0.0528582 0.0103059
466 0.69254 0.0648616 0.0104685
467 0.69254 0.0698979 0.0125891
468 0.69254 0.0580987 0.011285
469 0.69254 0.0639165 0.0136203
470 0.69254 0.055722 0.0107151
471 0.69254 0.0602565 0.012054
472 0.69254 0.05667 0.0108122
473 0.69254 0.0474079 0.0076337
474 0.69254 0.0405793 0.00730154
475 0.69254 0.0554757 0.0102726
476 0.69254 0.0503761 0.00835169
477 0.69254 0.0465605 0.00878806
478 0.69254 0.0532052 0.0097342
479 0.69254 0.0609872 0.0115023
480 0.69254 0.0635839 0.0120143
481 0.69254 0.0605712 0.0118757
482 0.69254 0.0502322 0.00945543
483 0.69254 0.0453549 0.00866882
484 0.69254 0.05711 0.0108746
485 0.69254 0.0458096 0.00858534
486 0.69254 0.0551469 0.0111354
487 0.69254 0.0581171 0.0123947
488 0.69254 0.0654006 0.0128389
489 0.69254 0.0555851 0.0102705
490 0.69254 0.0607507 0.0117219
491 0.69254 0.0632552 0.0125499
492 0.69254 0.0594703 0.0126039
493 0.69254 0.0636534 0.010571
494 0.69254 0.0531336 0.00836411
495 1.01 0.0541888 0.0148214
495 1 0.0546112 0.0122734
495 0.77191 0.0627857 0.0148858
496 0.77191 0.0611836 0.0115442
497 0.77191 0.0510008 0.00899834
498 0.77191 0.0573633 0.0113569
499 0.77191 0.0638763 0.0117092
500 0.77191 0.0651178 0.0135683
501 0.77191 0.0571506 0.00985749
502 0.77191 0.0550864 0.0106623
503 0.77191 0.0534021 0.0098111
504 0.77191 0.0491231 0.00904244
505 0.77191 0.0515846 0.0098956
506 0.77191 0.0592514 0.0113511
507 0.77191 0.0460823 0.00776859
508 0.77191 0.0546819 0.0113857
509 0.77191 0.0630544 0.0119582
510 0.77191 0.0423632 0.00645084
511 0.77191 0.0610664 0.0112434
512 0.77191 0.0661169 0.0124183
513 0.77191 0.0528899 0.00954464
514 0.77191 0.0539673 0.0113474
515 0.77191 0.0559314 0.00948402
516 0.77191 0.0525454 0.0108588
517 0.77191 0.0532288 0.00955453
518 0.77191 0.0559688 0.00948686
519 0.77191 0.0597272 0.009965
520 0.77191 0.0450715 0.00821129
521 0.77191 0.0603607 0.0118775
522 0.77191 0.0615593 0.0115593
523 0.77191 0.0414409 0.00760791
524 0.77191 0.0571002 0.0106841
525 0.77191 0.0582921 0.011125
526 0.77191 0.0519686 0.00982947
527 0.77191 0.0569108 0.011028
528 0.77191 0.0574246 0.00986937
529 0.77191 0.0634473 0.0128901
530 0.77191 0.0541246 0.0107907
531 0.77191 0.0517476 0.0096995
532 0.77191 0.0428371 0.0072688
533 0.77191 0.0608567 0.0129016
534 0.77191 0.0598091 0.0122399
535 0.77191 0.0590871 0.0113095
536 0.77191 0.0577768 0.0105646
537 0.77191 0.0637318 0.0140032
538 0.77191 0.0649475 0.0133027
539 0.77191 0.0525367 0.0109503
540 0.77191 0.0504642 0.00843693
541 0.77191 0.0526994 0.00892625
542 0.77191 0.0577514 0.0110796
543 0.77191 0.0479894 0.00939411
544 0.77191 0.0487826 0.00754631
545 0.77191 0.0573362 0.0108589
546 0.77191 0.0528044 0.00897099
547 0.77191 0.0553125 0.01014
548 0.77191 0.0527585 0.00864245
549 0.77191 0.0544371 0.0112578
550 0.77191 0.0576186 0.011242
551 0.77191 0.0531341 0.0085881
552 0.77191 0.0530499 0.0102646
553 0.77191 0.0658635 0.0122704
554 0.77191 0.0620554 0.00977119
555 0.77191 0.0739005 0.0159124
556 0.77191 0.0479737 0.00816881
557 0.77191 0.0594981 0.0126672
558 0.77191 0.0638343 0.0145114
559 0.77191 0.0573006 0.0115456
560 0.77191 0.0543955 0.0103651
561 0.77191 0.0682618 0.0129514
562 0.77191 0.0565583 0.0119089
563 0.77191 0.0650838 0.0125787
564 0.77191 0.0646717 0.0144306
565 0.77191 0.0635165 0.0132282
566 0.77191 0.0582792 0.0115511
567 0.77191 0.0503485 0.00920181
568 0.77191 0.0662801 0.0124606
569 0.77191 0.071864 0.0158937
570 0.77191 0.0674014 0.0150894
571 0.77191 0.0682363 0.0140359
572 0.77191 0.0542556 0.0102796
573 0.77191 0.0687782 0.0158809
574 0.77191 0.069386 0.0162364
575 0.77191 0.0671673 0.0143832
576 0.77191 0.0579051 0.0101395
577 0.77191 0.0693826 0.0142166
578 0.77191 0.0528038 0.00999344
579 0.77191 0.0665245 0.0137628
580 0.77191 0.0607134 0.012285
581 0.77191 0.0623022 0.0132839
582 0.77191 0.0674125 0.0145238
583 0.77191 0.0567269 0.0121608
584 0.77191 0.0543108 0.0106099
585 0.77191 0.0510735 0.00959056
586 0.77191 0.050829 0.0100266
587 0.77191 0.0531328 0.0112742
588 0.77191 0.0631309 0.0133971
589 0.77191 0.0676856 0.0122833
590 0.77191 0.0506622 0.0104846
591 0.77191 0.0566952 0.0123317
592 0.77191 0.0564896 0.0114022
593 0.77191 0.056753 0.0119262
594 0.77191 0.067523 0.0138768
595 0.77191 0.0652725 0.0155663
596 0.77191 0.0499061 0.0101219
597 0.77191 0.0599946 0.0122299
598 0.77191 0.0601783 0.0122462
599 0.77191 0.0477869 0.00989407
600 0.77191 0.0593039 0.0126466
601 0.77191 0.0689155 0.015229
602 0.77191 0.0639413 0.012156
603 0.77191 0.0487704 0.00846366
604 0.77191 0.0659629 0.013686
605 0.77191 0.0586385 0.0124777
606 0.77191 0.0601572 0.0128157
607 0.77191 0.0615341 0.0119468
608 0.77191 0.066331 0.013729
609 0.77191 0.0558732 0.00981395
610 0.77191 0.0679052 0.0152918
611 0.77191 0.0496679 0.0111244
612 0.77191 0.0496695 0.010187
613 0.77191 0.0572016 0.0131631
614 0.77191 0.0590999 0.0116875
615 0.77191 0.0581184 0.0140691
616 0.77191 0.0622032 0.0148805
617 0.77191 0.0566459 0.0105547
618 0.77191 0.0670842 0.0125296
619 0.77191 0.0537855 0.010445
620 0.77191 0.0533375 0.00853147
621 0.77191 0.0532973 0.00844129
622 0.77191 0.0634366 0.0118191
623 0.77191 0.064231 0.0118972
624 0.77191 0.0555318 0.0104404
625 0.77191 0.0652434 0.0122082
626 0.77191 0.0571275 0.0120431
627 0.77191 0.0589777 0.00996005
628 0.77191 0.0557952 0.0104086
629 0.77191 0.0481193 0.00961705
630 0.77191 0.0613603 0.0121985
631 0.77191 0.0650007 0.0137234
632 0.77191 0.0642011 0.0120224
633 0.77191 0.0567565 0.00988643
634 0.77191 0.0534621 0.0105572
635 0.77191 0.056762 0.0133717
636 0.77191 0.0771034 0.0168225
637 0.77191 0.0713394 0.0135717
638 0.77191 0.0659517 0.013456
639 0.77191 0.0570468 0.0122527
640 0.77191 0.0669566 0.0126205
641 0.77191 0.0587618 0.0116346
642 0.77191 0.0617141 0.0124049
643 0.77191 0.0590593 0.0123881
644 0.77191 0.0595197 0.0111946
645 0.77191 0.0589567 0.0128343
646 0.77191 0.0433991 0.00841446
647 0.77191 0.0624853 0.0136125
648 0.77191 0.0651914 0.0146781
649 0.77191 0.0618619 0.0125519
650 0.77191 0.0541545 0.0105572
651 0.77191 0.0481171 0.00913446
652 0.77191 0.0614577 0.0122197
653 0.77191 0.0589847 0.010875
654 0.77191 0.0477427 0.00897035
655 0.77191 0.0586369 0.0109164
656 0.77191 0.0699609 0.0141653
657 0.77191 0.0564956 0.010605
658 0.77191 0.0705527 0.0137973
659 0.77191 0.0691695 0.0142986
660 0.77191 0.0475229 0.00892209
661 0.77191 0.0541831 0.0110133
662 0.77191 0.0546144 0.0116518
663 0.77191 0.0684801 0.0166757
664 0.77191 0.0546881 0.0108973
665 0.77191 0.0734264 0.0155856
666 0.77191 0.0601766 0.0126126
667 0.77191 0.0655262 0.0153163
668 0.77191 0.0688772 0.0141104
669 0.77191 0.0775096 0.016652
670 0.77191 0.0662918 0.0128785
671 0.77191 0.0622548 0.0117019
672 0.77191 0.0627043 0.0129484
673 0.77191 0.079822 0.0169283
674 0.82716 0.06079 0.0139849
675 0.82716 0.0680503 0.0124714
676 0.82716 0.0705856 0.0170787
677 1 0.061318 0.0150809
678 1.01 0.0757369 0.0173398
679 1.01 0.0705264 0.0193615
680 1.01 0.0656907 0.0158134
681 1.01 0.0594468 0.0182389
682 1.01 0.0756367 0.0287425
683 1.01 0.0638672 0.0185209
684 1.01 0.0744021 0.0291422
685 1.01 0.0640999 0.0194081
686 1.01 0.0697572 0.026972
687 1.01 0.0409458 0.00665415
688 1.01 0.068952 0.0245277
689 1.01 0.100914 0.0368617
690 1.01 0.0692765 0.0234918
691 1.01 0.0642549 0.0237755
692 1.01 0.0759803 0.0238251
693 1.01 0.0863427 0.0322983
694 1.01 0.084837 0.034527
695 1.01 0.0908975 0.0398981
696 1.01 0.0754266 0.0239573
697 1.01 0.0857926 0.0316071
698 1.01 0.0778976 0.0252808
699 1.01 0.0882073 0.027648
700 1.01 0.0864413 0.0339317
701 1.01 0.0791859 0.0245468
702 1.01 0.0810336 0.0220841
703 1.01 0.0778182 0.0323415
704 1.01 0.0703701 0.0233691
705 1.01 0.0844772 0.0283899
706 1.01 0.0896007 0.029166
707 1.01 0.0906612 0.0251416
708 1.01 0.0859392 0.03038
709 1.01 0.0786007 0.0238729
710 1.01 0.0970347 0.038448
711 1.01 0.0991177 0.0409189
712 1.01 0.0993145 0.0376455
713 1.01 0.0920941 0.0365514
714 1.01 0.0830496 0.0218368
715 1.02 0.0788405 0.0204939
716 1.02 0.0900454 0.0351676
717 1.02 0.0777489 0.0282096
718 1.02 0.0808518 0.0361023
719 1.02 0.0783122 0.0305348
720 1.02 0.0538477 0.0128286
721 1.02 0.0779098 0.0229737
722 1.02 0.0854205 0.0286589
723 1.02 0.087219 0.0289645
724 1.02 0.0836818 0.0290219
725 1.02 0.0675219 0.0246565
726 1.02 0.0872027 0.0337715
727 1.03 0.0716936 0.0270335
728 1.03 0.0773753 0.0250759
729 1.03 0.0711291 0.0222984
730 1.03 0.063398 0.019913
731 1.03 0.0763368 0.0262676
732 1.03 0.0826602 0.0300467
733 1.03 0.0791733 0.0332473
734 1.03 0.0795293 0.0293241
735 1.03 0.0781357 0.0351237
736 1.03 0.063107 0.024276
737 1.03 0.0934239 0.035179
738 1.03 0.081088 0.0333797
739 1.03 0.0829688 0.0367302
740 1.03 0.075638 0.0229975
741 1.03 0.063904 0.0195728
742 1.03 0.0750279 0.0266731
743 1.03 0.0827775 0.0351828
744 1.03 0.0726171 0.0318805
745 1.03 0.0765353 0.0335282
746 1.03 0.0832714 0.035738
747 1.03 0.088636 0.042878
748 1.03 0.0714503 0.0336466
749 1.03 0.0761969 0.0309413
750 1.03 0.0638242 0.0254813
751 1.03 0.0904591 0.0428377
752 1.03 0.0689292 0.0240347
753 1.03 0.0851526 0.0431981
754 1.03 0.0815452 0.0339105
755 1.03 0.0693424 0.0320135
756 1.03 0.0693178 0.0250285
757 1.03 0.066808 0.0211118
758 1.03 0.0931776 0.0367029
759 1.03 0.070972 0.0243945
760 1.03 0.0867309 0.0312082
761 1.03 0.0798197 0.0341153
762 1.03 0.0832241 0.0269924
763 1.03 0.087279 0.0312755
764 1.03 0.0724643 0.0266004
765 1.03 0.0652913 0.0254133
766 1.03 0.0682238 0.0232455
767 1.03 0.0911264 0.0347385
768 1.03 0.0681586 0.024332
769 1.03 0.0789991 0.0330396
770 1.03 0.0867668 0.0385559
771 1.03 0.0740493 0.0281152
772 1.03 0.0625916 0.0221386
773 1.03 0.0756349 0.0346141
774 1.03 0.0812077 0.0337749
775 1.03 0.0953972 0.0400981
776 1.03 0.0702266 0.0269091
777 1.03 0.0866694 0.0362637
778 1.03 0.0887485 0.0403618
779 1.03 0.0785783 0.0327502
780 1.03 0.0988092 0.040936
781 1.03 0.0783471 0.0339513
782 1.03 0.0958263 0.0414695
783 1.03 0.0880166 0.0364077
784 1.03 0.111754 0.0484884
785 1.03 0.0723619 0.0272452
786 1.03 0.0850798 0.0376284
787 1.03 0.0804693 0.0319723
788 1.03 0.081328 0.0333812
789 1.03 0.0842261 0.0364588
790 1.03 0.0792531 0.0338257
791 1.03 0.0843926 0.0318432
792 1.03 0.0782153 0.0323326
793 1.03 0.0614532 0.0203468
794 1.03 0.0715007 0.0222682
795 1.03 0.0768997 0.0334545
796 1.03 0.0852432 0.0305151
797 1.03 0.0834452 0.0284548
798 1.03 0.0681319 0.0230733
799 1.03 0.0811877 0.0340072
800 1.03 0.0775418 0.0262753
801 1.03 0.0683115 0.0185077
802 1.03 0.057319 0.0144563
803 1.03 0.0740413 0.0213297
804 1.03 0.0733449 0.019891
805 1.03 0.0706013 0.0167619
806 1.03 0.0741743 0.0214833
807 1.03 0.0678684 0.0139733
808 1.03 0.0933314 0.0300179
809 1.03 0.0446163 0.00811687
810 1.03 0.0652971 0.0157898
811 1.03 0.0596766 0.0120854
812 1.03 0.0710348 0.0187365
813 1.03 0.0631617 0.0189284
814 1.03 0.0581938 0.00888104
815 1.03 0.0585883 0.0130504
816 1.03 0.0744697 0.0274453
817 1.03 0.0854967 0.0262193
818 1.03 0.0755781 0.0203815
819 1.03 0.0683552 0.0266203
820 1.03 0.0642838 0.0128549
821 1.03 0.0691091 0.0243381
822 1.03 0.0649221 0.0225018
823 1.03 0.074704 0.0265818
824 1.03 0.0689551 0.0266402
825 1.03 0.079869 0.027833
826 1.03 0.0784396 0.0269163
827 1.03 0.0661083 0.0146022
828 1.03 0.0736564 0.0266799
829 1.03 0.0758433 0.0287155
830 1.03 0.0743041 0.0298526
831 1.03 0.0835837 0.0288022
832 1.03 0.0691943 0.0215534
833 1.03 0.0827513 0.0280802
834 1.03 0.0593098 0.0140503
835 1.03 0.0883432 0.0266203
836 1.03 0.0617016 0.0146188
837 1.03 0.0729001 0.0230971
838 1.03 0.085677 0.02473
839 1.03 0.0614153 0.0173667
840 1.03 0.0950194 0.0278261
841 1.03 0.0825264 0.0334492
842 1.03 0.0674272 0.0218405
843 1.03 0.0598955 0.0160949
844 1.03 0.0629157 0.0148823
845 1.03 0.0553847 0.0138766
846 1.03 0.0694287 0.0244889
847 1.03 0.0813042 0.0292976
848 1.03 0.0617963 0.02026
849 1.03 0.0753027 0.0235024
850 1.03 0.0603582 0.0152575
851 1.03 0.0806269 0.0159184
852 1.03 0.0782808 0.0258595
853 1.03 0.0612469 0.0155129
854 1.03 0.0813481 0.0205257
855 1.03 0.0602312 0.0103046
856 1.03 0.0681781 0.016446
857 1.03 0.0728042 0.0190104
858 1.03 0.0811011 0.0273228
859 1.03 0.0657996 0.0117823
860 1.03 0.0592238 0.0158672
861 1.03 0.0754933 0.014598
862 1.03 0.0493667 0.0074648
863 1.03 0.0610593 0.0114219
864 1.03 0.0546247 0.0106743
865 1.03 0.04881 0.00760175
866 1.03 0.0620687 0.014693
867 1.03 0.0512717 0.00857697
868 1.03 0.0589408 0.01061
869 1.03 0.0620998 0.0116148
870 1.03 0.0484523 0.0061376
871 1.03 0.0554176 0.00856622
872 1.03 0.0526409 0.00888198
873 1.03 0.0550269 0.00949995
874 1.03 0.0458909 0.00656454
875 1.03 0.0589702 0.00883137
876 1.03 0.0653371 0.0106748
877 1.03 0.0655577 0.0122184
878 1.03 0.0488368 0.00744807
879 1.03 0.0562195 0.010125
880 1.03 0.0547856 0.00873339
881 1.03 0.0458876 0.00637085
882 1.03 0.0475976 0.0082467
883 1.03 0.0529884 0.00820552
884 1.03 0.0512926 0.00861615
885 1.03 0.061289 0.00953574
886 1.03 0.0504897 0.00889423
887 1.03 0.0500901 0.011946
888 1.03 0.0618052 0.0170271
889 1.03 0.0701264 0.0195431
890 1.03 0.062843 0.0192293
891 1.03 0.0576318 0.0164778
892 1.03 0.0696938 0.0146997
893 1.03 0.0473764 0.0061711
894 1.03 0.0560044 0.016516
895 1.03 0.0418953 0.00667598
896 1.03 0.0599382 0.0111056
897 1.03 0.0598217 0.0102898
898 1.03 0.0651837 0.0114804
899 1.03 0.0653494 0.0187143
900 1.03 0.0657838 0.0159872
901 1.03 0.0508172 0.0109295
902 1.03 0.0503394 0.0092008
903 1.03 0.0604821 0.0102198
904 1.03 0.0582251 0.0153021
905 1.03 0.0489829 0.00799912
906 1.03 0.0524864 0.00970454
907 1.03 0.0557649 0.00895482
908 1.03 0.0551614 0.00970991
909 1.03 0.0620474 0.0111934
910 1.03 0.0537445 0.00909524
911 1.03 0.0464517 0.00750539
912 1.03 0.0541109 0.00980868
913 1.03 0.0550409 0.0111028
914 1.03 0.0506225 0.00964405
915 1.03 0.0594391 0.010318
916 1.03 0.0639435 0.0110206
917 1.03 0.055375 0.00997222
918 1.03 0.0567664 0.0123882
919 1.03 0.0656199 0.0154928
920 1.03 0.0581001 0.0127843
921 1.03 0.0603257 0.0142186
922 1.03 0.0430117 0.00745746
923 1.03 0.0545545 0.0144385
924 1.03 0.0646821 0.0189681
925 1.03 0.0508578 0.0115317
926 1.03 0.0596098 0.0144118
927 1.03 0.0605561 0.015122
928 1.03 0.0561376 0.00931223
929 1.03 0.0576505 0.00980711
930 1.03 0.0667598 0.0142895
931 1.03 0.0567039 0.0140544
932 1.03 0.0530237 0.0109703
933 1.03 0.0641583 0.0130854
934 1.03 0.0520496 0.0121393
935 1.03 0.0708439 0.0236058
936 1.03 0.0728672 0.0252986
937 1.03 0.061451 0.0142316
938 1.03 0.071143 0.0226835
939 1.03 0.0685244 0.0237599
940 1.03 0.078462 0.0285326
941 1.03 0.0774367 0.0348252
942 1.03 0.0648751 0.0220145
943 1.03 0.0570807 0.0120791
944 1.03 0.0755813 0.0286876
945 1.03 0.0746208 0.0253581
946 1.03 0.0901948 0.0375612
947 1.03 0.0636665 0.0200167
948 1.03 0.0765815 0.027228
949 1.03 0.0544643 0.0116039
950 1.03 0.0711244 0.0266148
951 1.03 0.0807331 0.033042
952 1.03 0.0602286 0.017113
953 1.03 0.080052 0.0332768
954 1.03 0.0629099 0.0176064
955 1.03 0.0665505 0.0210652
956 1.03 0.087249 0.0387197
957 1.03 0.0728459 0.0222931
958 1.03 0.0868264 0.0344724
959 1.03 0.0813378 0.0317361
960 1.03 0.0850949 0.0281519
961 1.03 0.0828653 0.0311685
962 1.03 0.0908514 0.0404763
963 1.03 0.0735732 0.022367
964 1.03 0.0885689 0.0363604
965 1.03 0.0657072 0.0195705
966 1.03 0.0818197 0.0265171
967 1.03 0.0970664 0.034435
968 1.03 0.0756578 0.029057
969 1.03 0.063574 0.0139687
970 1.03 0.0746483 0.0212233
971 1.03 0.0635474 0.0154476
972 1.03 0.0679656 0.0222843
973 1.03 0.0787631 0.0323436
974 1.03 0.102099 0.0414406
975 1.03 0.0809484 0.0337232
976 1.03 0.0710283 0.020052
977 1.03 0.0640183 0.0201739
978 1.03 0.0556919 0.0150069
979 1.03 0.0552848 0.0157102
980 1.03 0.0645362 0.0263385
981 1.03 0.0771176 0.024841
982 1.03 0.0666878 0.0224927
983 1.03 0.0859601 0.0351204
984 1.03 0.0610804 0.0218065
985 1.03 0.0706663 0.0197158
986 1.03 0.0856308 0.0333856
987 1.03 0.068296 0.0201
988 1.03 0.0672779 0.0292199
989 1.03 0.0615466 0.0196909
990 1.03 0.0713607 0.0210598
991 1.03 0.0571364 0.0138258
992 1.03 0.0675448 0.0159885
993 1.03 0.0772433 0.0279599
994 1.03 0.0716779 0.0235826
995 1.03 0.0968006 0.0372058
996 1.03 0.0829898 0.0279105
997 1.03 0.0770705 0.0229072
998 1.03 0.0704439 0.0259454
999 1.03 0.0800657 0.0309382
1000 1.03 0.0679433 0.021295
