0 0.20866 0.0401255 0.00341702
1 0.20866 0.0171611 0.00123519
2 0.22292 0.0240698 0.00222075
3 0.3004 0.0417792 0.00527707
4 0.3004 0.0278899 0.0024251
5 0.3067 0.0274106 0.00286853
6 0.3067 0.0245722 0.0023561
7 0.3067 0.0343886 0.00386301
8 0.3067 0.033159 0.00356417
9 0.3067 0.024677 0.00264851
10 0.3067 0.0247804 0.00214036
11 0.3067 0.0404597 0.00443473
12 0.32604 0.0316653 0.00355476
13 0.32604 0.0283201 0.00274881
14 0.32604 0.0369454 0.00393602
15 0.32604 0.0328275 0.0035402
16 0.32906 0.042251 0.00474625
17 0.32906 0.0316845 0.0033334
18 0.32906 0.0323846 0.00338736
19 0.32906 0.0414959 0.00413579
20 0.32906 0.0375026 0.00350703
21 0.32906 0.0295935 0.00310175
22 0.32906 0.0288679 0.00285455
23 0.32906 0.0331861 0.0032545
24 0.32906 0.0293897 0.00322691
25 0.32906 0.0369753 0.00370219
26 0.32906 0.0378248 0.00445991
27 0.32906 0.0358041 0.00415842
28 0.32906 0.0344303 0.0038367
29 0.32906 0.0392518 0.00401574
30 0.32906 0.0353103 0.00375937
31 0.32906 0.0394644 0.00400816
32 0.32906 0.0346856 0.00367691
33 0.32906 0.0387854 0.00393453
34 0.32906 0.0441739 0.00508123
35 0.34897 0.0410334 0.00468227
36 0.34897 0.0399366 0.00432767
37 0.34897 0.0378139 0.00417564
38 0.34897 0.0407197 0.00404833
39 0.34897 0.0450648 0.00474065
40 0.48095 0.0472789 0.00577311
41 0.48095 0.0410695 0.00452375
42 0.48095 0.0394587 0.00449476
43 0.48095 0.0327529 0.00373935
44 0.48095 0.034977 0.00394664
45 0.48095 0.0416658 0.00459019
46 0.48095 0.0380421 0.00447788
47 0.48095 0.0451052 0.00591985
48 0.48095 0.0413598 0.00549533
49 0.48095 0.0383757 0.0050721
50 0.48095 0.0459242 0.00615114
51 0.48095 0.0370529 0.00469524
52 0.48095 0.037608 0.00493018
53 0.48095 0.0399946 0.00507786
54 0.48095 0.043104 0.00570743
55 0.48095 0.0383464 0.00456356
56 0.48095 0.0510795 0.00777137
57 0.48095 0.0459788 0.00682271
58 0.48095 0.0536948 0.00726759
59 0.48095 0.042159 0.00593319
60 0.48095 0.0418962 0.00495945
61 0.48095 0.0321416 0.00422515
62 0.48095 0.0375996 0.00500526
63 0.48095 0.0470317 0.00699329
64 0.48095 0.037298 0.00458315
65 0.48095 0.0449654 0.00689416
66 0.48095 0.0492805 0.00692288
67 0.48095 0.0445718 0.0058238
68 0.48095 0.0466708 0.0067095
69 0.48095 0.0370885 0.0049318
70 0.48095 0.0413381 0.00613959
71 0.48095 0.0451829 0.00712144
72 0.48095 0.0490261 0.00686172
73 0.48095 0.0504264 0.0081866
74 0.48095 0.0515852 0.00848319
75 0.48095 0.0434754 0.00574202
76 0.48095 0.0471677 0.00697754
77 0.48095 0.0441325 0.00651334
78 0.48095 0.0465864 0.00761818
79 0.51047 0.0523757 0.00934719
80 0.51047 0.0582982 0.00932871
81 0.51047 0.048045 0.00660755
82 0.51047 0.0438793 0.00740872
83 0.51047 0.0431471 0.00685109
84 0.51047 0.0486313 0.00880127
85 0.51047 0.044695 0.00704192
86 0.51047 0.0501266 0.00772712
87 0.51047 0.0469197 0.00719811
88 0.51047 0.0532771 0.00799078
89 0.51047 0.05263 0.00840629
90 0.51047 0.0492864 0.00792208
91 0.51047 0.0482706 0.0075746
92 0.51047 0.0485321 0.0076982
93 0.51047 0.0490171 0.00944609
94 0.51047 0.0498317 0.00762981
95 0.56359 0.0431175 0.00749445
96 0.56359 0.0497444 0.00818726
97 0.56359 0.0575892 0.010287
98 0.56359 0.0425057 0.00794594
99 0.56359 0.0411102 0.0055472
100 0.56359 0.0501057 0.00874244
101 0.56359 0.0430801 0.00564188
102 0.56359 0.0374909 0.00433426
103 0.56359 0.0412967 0.00551748
104 0.56359 0.0470107 0.00683001
105 0.56359 0.0392032 0.00509103
106 0.56359 0.0372695 0.00546562
107 0.57043 0.0468259 0.00692942
108 0.57043 0.0448359 0.00636726
109 0.57043 0.0512934 0.00750631
110 0.57043 0.0471888 0.00771266
111 0.57043 0.0486293 0.0079048
112 0.57043 0.0440152 0.00653913
113 0.57043 0.0456985 0.00682723
114 0.57043 0.0474195 0.00659838
115 0.57043 0.0450379 0.00564657
116 0.57043 0.0412326 0.00606734
117 0.57043 0.0468884 0.00743364
118 0.57043 0.0432309 0.00640103
119 0.57043 0.0444357 0.00658873
120 0.57043 0.0411728 0.0062725
121 0.57043 0.0493775 0.00679337
122 0.57043 0.0317968 0.00436049
123 0.57043 0.0430722 0.00606667
124 0.57043 0.0447774 0.00767427
125 0.57043 0.0428112 0.00582325
126 0.57043 0.0426652 0.00578796
127 0.57043 0.0507927 0.00842875
128 0.57043 0.0628331 0.0096283
129 0.57043 0.0493161 0.00682633
130 0.57043 0.0450089 0.00686838
131 0.57043 0.0478739 0.00659308
132 0.57043 0.0489984 0.00613459
133 0.57043 0.0551199 0.00741145
134 0.57043 0.0517591 0.00757243
135 0.57043 0.05461 0.00740847
136 0.57043 0.0553957 0.008712
137 0.57043 0.0468489 0.00704595
138 0.57043 0.0348495 0.00365531
139 0.57043 0.0452153 0.00719641
140 0.57043 0.0508371 0.00690351
141 0.57043 0.0474245 0.00722271
142 0.57043 0.0425263 0.00658598
143 0.57043 0.0448356 0.00691959
144 0.57043 0.0448542 0.00792519
145 0.57043 0.0398151 0.00653758
146 0.57043 0.0409986 0.0061531
147 0.57043 0.0439285 0.00707404
148 0.57043 0.0453192 0.0057816
149 0.57043 0.037835 0.00545085
150 0.57043 0.0631913 0.0108591
151 0.57043 0.0527146 0.00864558
152 0.69254 0.048949 0.00898813
153 0.69254 0.0418318 0.00796546
154 0.69254 0.0409531 0.00679259
155 0.69254 0.0551042 0.0094236
156 0.79778 0.0547164 0.0108717
157 0.79778 0.0451544 0.00657986
158 0.79778 0.0577971 0.0109935
159 1.01 0.0567229 0.0122487
159 0.57556 0.0512067 0.0085623
160 0.80366 0.0478563 0.00912585
161 0.80366 0.0544853 0.00874241
162 1.01 0.0465046 0.0109918
162 0.50909 0.0459065 0.00792269
163 0.50909 0.0596014 0.00995431
164 0.50909 0.0563844 0.00876632
165 0.50909 0.0496612 0.00876898
166 0.50909 0.0529568 0.00862751
167 0.50909 0.0486456 0.00759489
168 0.50909 0.0546679 0.00994583
169 0.50909 0.0548111 0.0093694
170 0.50909 0.064133 0.0110414
171 0.50909 0.0597916 0.00954647
172 0.51344 0.0573708 0.00990891
173 0.54936 0.0514617 0.0110205
174 0.54936 0.0570608 0.0102977
175 0.54936 0.058133 0.0101021
176 0.54936 0.0779089 0.0136672
177 0.54936 0.063458 0.0115576
178 0.54936 0.0544975 0.00945412
179 0.54936 0.0614064 0.01163
180 0.54936 0.0498441 0.00854049
181 0.54936 0.068516 0.0129631
182 0.54936 0.050936 0.0079181
183 0.54936 0.058389 0.00937095
184 0.54936 0.0643953 0.011502
185 0.69254 0.0590792 0.0126383
186 0.69254 0.0648472 0.0123424
187 0.69254 0.0669416 0.0134433
188 0.69254 0.0475572 0.0077159
189 0.69254 0.0531508 0.00924393
190 0.69254 0.0502846 0.00857751
191 0.69254 0.0569085 0.00841688
192 0.69254 0.051144 0.00750999
193 0.69254 0.0530895 0.0110884
194 0.69254 0.059555 0.0110243
195 0.69254 0.050101 0.00677695
196 0.69254 0.0523132 0.00934978
197 0.69254 0.0512258 0.00857807
198 0.69254 0.0556943 0.0104679
199 0.69254 0.0536869 0.00988323
200 0.69254 0.0531731 0.00900732
201 0.69254 0.0589831 0.00967366
202 0.69254 0.0567317 0.0100478
203 0.69254 0.061837 0.0110665
204 0.69254 0.0559249 0.00986999
205 0.69254 0.059444 0.0116302
206 0.69254 0.0570022 0.00920038
207 0.69254 0.0610756 0.0116151
208 0.69254 0.0580879 0.00853049
209 0.69254 0.0451099 0.00910699
210 0.69254 0.0505518 0.00770062
211 0.69254 0.051729 0.00771369
212 0.69254 0.0583557 0.0101436
213 0.69254 0.0630914 0.0118554
214 0.69254 0.0589244 0.00989243
215 0.69254 0.0589607 0.0100037
216 0.69254 0.0517535 0.00812588
217 0.69254 0.0605162 0.0105259
218 0.69254 0.0585629 0.00952494
219 0.69254 0.0735234 0.0146693
220 0.69254 0.063123 0.0113386
221 0.69254 0.0702229 0.0128517
222 0.69254 0.0672982 0.0134198
223 0.69254 0.0570833 0.0103816
224 0.69254 0.0552657 0.00944837
225 0.69254 0.0498932 0.00825099
226 0.69254 0.0662542 0.0125711
227 0.69254 0.0534775 0.00929363
228 0.69254 0.062359 0.00938091
229 0.69254 0.067991 0.0133239
230 0.69254 0.0613835 0.0101522
231 0.69254 0.0648755 0.0129864
232 0.69254 0.0501809 0.00825833
233 0.69254 0.0571797 0.0107543
234 0.69254 0.0687 0.0115521
235 0.69254 0.0649043 0.0108523
236 0.69254 0.0426331 0.00679056
237 0.69254 0.0493207 0.00786773
238 0.69254 0.0555215 0.00782046
239 0.69254 0.046669 0.00795455
240 0.69254 0.0463103 0.00732897
241 0.69254 0.0446794 0.00695902
242 0.69254 0.0567495 0.00952585
243 0.69254 0.0466209 0.00984799
244 0.69254 0.0435891 0.00609813
245 0.69254 0.0619678 0.0118254
246 0.69254 0.052601 0.00755209
247 0.69254 0.0604607 0.0117369
248 0.69254 0.0476702 0.00755756
249 0.69254 0.0479549 0.00695677
250 0.69254 0.0451403 0.00735539
251 0.69254 0.0594745 0.010273
252 0.69254 0.0588458 0.0110084
253 0.69254 0.0476575 0.00783994
254 0.69254 0.0626985 0.00900451
255 0.69254 0.0592938 0.00983039
256 0.69254 0.0633012 0.0110536
257 0.69254 0.0527708 0.00759973
258 0.69254 0.0517315 0.00798095
259 0.69254 0.0515061 0.00984311
260 0.69254 0.0639758 0.0117338
261 0.69254 0.0640985 0.0108873
262 0.69254 0.058555 0.00949929
263 0.69254 0.0578905 0.00942056
264 0.69254 0.0520285 0.00886195
265 0.69254 0.0549719 0.00979203
266 0.69254 0.0493565 0.00775845
267 0.69254 0.0583192 0.00862909
268 0.69254 0.0681305 0.0121588
269 0.69254 0.0508074 0.00969137
270 0.69254 0.0583282 0.00994514
271 0.69254 0.0636386 0.0128894
272 0.69254 0.0607697 0.0108078
273 0.69254 0.0597143 0.0101859
274 0.69254 0.0588985 0.0116681
275 0.69254 0.0621134 0.0111304
276 0.69254 0.0456665 0.00840133
277 0.69254 0.0593758 0.00959882
278 0.69254 0.0514963 0.00907975
279 0.69254 0.0425635 0.00787326
280 0.69254 0.054029 0.00842229
281 0.69254 0.0614622 0.0105142
282 0.69254 0.0440274 0.0070956
283 0.69254 0.051064 0.0103406
284 0.69254 0.0593766 0.0104993
285 0.69254 0.0625354 0.0102752
286 0.69254 0.0512818 0.00803756
287 0.69254 0.0501466 0.00713995
288 0.69254 0.0449827 0.00623854
289 0.69254 0.0443198 0.00683608
290 0.69254 0.0530103 0.00832338
291 0.69254 0.0520249 0.00798272
292 0.69254 0.0380963 0.00559899
293 0.69254 0.0474251 0.00690119
294 0.69254 0.0543102 0.00825333
295 0.69254 0.0542303 0.00854323
296 0.69254 0.0594525 0.00895967
297 0.69254 0.0461957 0.00790145
298 0.69254 0.0609988 0.0121341
299 0.69254 0.0469155 0.00594296
300 0.69254 0.0619467 0.0122908
301 0.69254 0.057597 0.0108252
302 0.69254 0.0608095 0.00790251
303 0.69254 0.0470689 0.00744179
304 0.69254 0.0489632 0.00616766
305 0.69254 0.0647303 0.0108242
306 0.69254 0.0534215 0.0082532
307 0.69254 0.0643269 0.0108069
308 0.69254 0.0553507 0.00961445
309 0.69254 0.0488253 0.00962607
310 0.69254 0.0565629 0.00952326
311 0.69254 0.0521435 0.00939742
312 0.69254 0.0558758 0.0089
313 0.69254 0.0505403 0.00785549
314 0.69254 0.0630233 0.0115929
315 0.69254 0.0609893 0.0104413
316 0.69254 0.0804391 0.0140592
317 0.69254 0.0518765 0.00700364
318 0.69254 0.0517386 0.0111432
319 0.69254 0.0640918 0.0119094
320 0.69254 0.0545965 0.00991044
321 0.69254 0.0605109 0.0103294
322 0.69254 0.0559993 0.0106371
323 0.69254 0.062413 0.0116631
324 0.69254 0.0597562 0.0108192
325 0.69254 0.059602 0.0112616
326 0.69254 0.0654999 0.0111509
327 0.69254 0.068781 0.0138705
328 0.69254 0.062137 0.0124528
329 0.69254 0.0692814 0.0141407
330 0.69254 0.0602525 0.0100926
331 0.69254 0.0768238 0.0145361
332 0.69254 0.0648111 0.0119822
333 0.69254 0.0724866 0.0146415
334 0.69254 0.0554124 0.00994315
335 0.69254 0.0598551 0.0110257
336 0.69254 0.062287 0.0110218
337 0.69254 0.0677732 0.013154
338 0.69254 0.071154 0.0137418
339 0.69254 0.0537566 0.00924466
340 0.69488 0.0684694 0.0143065
341 0.69488 0.0681401 0.0110538
342 0.69488 0.0533722 0.00786537
343 0.69488 0.0704838 0.0108347
344 0.69488 0.0539904 0.00903276
345 0.69488 0.0679645 0.0129925
346 0.69488 0.060857 0.00931118
347 0.69488 0.0560436 0.00986122
348 0.69488 0.0642541 0.0125082
349 0.69488 0.0633255 0.010582
350 0.69488 0.0555561 0.00976271
351 0.69488 0.0697109 0.0132135
352 0.69488 0.0611091 0.0109533
353 0.69488 0.0657045 0.0117896
354 0.69488 0.0531646 0.00965987
355 0.69488 0.0580448 0.00949442
356 0.69488 0.0720827 0.0114341
357 0.69488 0.0648404 0.0109526
358 0.69488 0.0622024 0.0117318
359 0.69488 0.0578151 0.0103242
360 0.79824 0.0706876 0.0164008
361 0.79824 0.0621268 0.0116001
362 0.79824 0.0509314 0.0084269
363 0.79824 0.0544196 0.0089725
364 0.79824 0.0664397 0.0109958
365 0.79824 0.0583283 0.00926036
366 0.79824 0.0589746 0.0103442
367 0.79824 0.0613963 0.0116996
368 0.79824 0.0563999 0.0106528
369 0.79824 0.0680713 0.0134648
370 0.79824 0.0642575 0.0123273
371 0.79824 0.0578324 0.00910396
372 0.79824 0.0560564 0.00949342
373 0.79824 0.0487336 0.0075823
374 0.79824 0.0594451 0.00949776
375 0.79824 0.061198 0.0114427
376 0.79824 0.0619752 0.0107084
377 0.79824 0.0595643 0.0104097
378 0.79824 0.0509974 0.00873808
379 0.79824 0.0510673 0.00935942
380 0.79824 0.0583247 0.00984052
381 0.79824 0.0530788 0.009862
382 0.79824 0.0554591 0.00905555
383 0.79824 0.0662344 0.0119312
384 0.79824 0.049626 0.00830633
385 0.79824 0.061332 0.0109505
386 0.79824 0.056957 0.00918881
387 0.79824 0.0588591 0.0110896
388 0.79824 0.0562915 0.00957379
389 0.79824 0.0617493 0.0107507
390 0.79824 0.0515863 0.0084663
391 0.79824 0.0495735 0.00827731
392 0.79824 0.0645149 0.011647
393 0.79824 0.0481827 0.00902243
394 0.79824 0.0505013 0.00889881
395 0.79824 0.0420246 0.00666763
396 0.79824 0.0357974 0.00526526
397 0.79824 0.0538047 0.00938713
398 0.79824 0.0495506 0.0077337
399 0.79824 0.0578501 0.00978956
400 0.79824 0.0352921 0.0047482
401 0.79824 0.0563429 0.0105382
402 0.79824 0.0552459 0.00882484
403 0.79824 0.0427996 0.00664186
404 0.79824 0.0570011 0.0108996
405 0.79824 0.0505395 0.00817113
406 0.79824 0.0596563 0.0108371
407 0.79824 0.0390189 0.0062167
408 0.79824 0.0625035 0.0122514
409 0.79824 0.0620618 0.0102854
410 0.79824 0.0593862 0.0106645
411 0.79824 0.062003 0.0111853
412 0.79824 0.0553889 0.00943735
413 0.79824 0.0541306 0.00820567
414 0.79824 0.0560359 0.00980593
415 0.79824 0.055711 0.00771806
416 0.79824 0.063945 0.00973867
417 0.79824 0.0572128 0.00850405
418 0.79824 0.0693349 0.0122471
419 0.79824 0.0689022 0.0122818
420 0.79824 0.047733 0.00874227
421 0.79824 0.0644608 0.0142393
422 0.79824 0.0649558 0.0116051
423 0.79824 0.0480571 0.00754039
424 0.79824 0.0509409 0.00850093
425 0.79824 0.0539497 0.00904554
426 0.79824 0.0489245 0.00842616
427 0.79824 0.0510417 0.00939249
428 0.79824 0.0568685 0.0110803
429 0.79824 0.0510244 0.00851007
430 0.79824 0.0489538 0.00729948
431 0.79824 0.0619457 0.00995593
432 0.79824 0.0533225 0.0086784
433 0.79824 0.0498071 0.00840313
434 0.79824 0.0622688 0.0130252
435 0.79824 0.0478275 0.00842301
436 0.79824 0.0578911 0.0104
437 0.79824 0.0458115 0.0090501
438 0.79824 0.0512546 0.0104139
439 0.79824 0.0504128 0.00875627
440 0.79824 0.0541102 0.0106644
441 0.79824 0.0593361 0.00987318
442 0.79824 0.0553339 0.0105512
443 0.79824 0.0459913 0.00776629
444 0.79824 0.0574305 0.00993489
445 0.79824 0.0612015 0.00960628
446 0.79824 0.0496202 0.00854136
447 0.79824 0.0380547 0.00535788
448 0.79824 0.0677598 0.0128308
449 0.79824 0.0596112 0.0109787
450 0.79824 0.0627018 0.0107449
451 0.79824 0.072938 0.0128071
452 0.79824 0.0604118 0.0107394
453 0.79824 0.0709427 0.0165687
454 0.79824 0.0650644 0.0116746
455 0.79824 0.0543769 0.00964538
456 0.79824 0.0739092 0.0153986
457 0.79824 0.071645 0.0122644
458 0.79824 0.0625257 0.0139335
459 0.79824 0.0589958 0.0111563
460 0.79824 0.0583232 0.00949685
461 0.79824 0.0576705 0.00882262
462 0.79824 0.0458556 0.00626511
463 0.79824 0.0534976 0.00871866
464 1.01 0.0449683 0.0111063
464 0.44825 0.0486036 0.00689755
465 0.4762 0.0634928 0.0102069
466 0.4762 0.0639741 0.00973733
467 0.4762 0.0593348 0.0110573
468 0.9177 0.0616813 0.0130452
469 0.9177 0.0496129 0.00783636
470 0.9177 0.0693025 0.0127384
471 0.9177 0.0603838 0.0105306
472 0.9177 0.0678681 0.0107761
473 0.9177 0.0608602 0.0133236
474 0.9177 0.0631783 0.0114743
475 0.9177 0.0538397 0.00930624
476 0.9177 0.0416358 0.0058168
477 0.9177 0.0603118 0.0102962
478 0.9177 0.0486723 0.00760456
479 0.9177 0.0542308 0.00953348
480 0.9177 0.0528615 0.00944922
481 0.9177 0.0439102 0.00729937
482 0.9177 0.0554328 0.0100882
483 0.9177 0.0504997 0.00978961
484 0.9177 0.053565 0.0101673
485 0.9177 0.0572612 0.0101662
486 0.9177 0.0468901 0.00640041
487 0.9177 0.0507773 0.0103313
488 0.9177 0.0516261 0.00942293
489 0.9177 0.0458764 0.00695575
490 0.9177 0.0634969 0.0106297
491 0.9177 0.061827 0.00979035
492 0.9177 0.0579449 0.00852012
493 0.9177 0.0563196 0.0101339
494 0.9177 0.0616612 0.00962227
495 0.9177 0.0468938 0.00867875
496 0.9177 0.0561009 0.00983133
497 0.9177 0.0518753 0.00892852
498 0.9177 0.0536814 0.00921163
499 0.9177 0.0545476 0.00931727
500 0.9177 0.05234 0.00884038
501 0.9177 0.0566325 0.0100427
502 0.9177 0.0600857 0.00969771
503 0.9177 0.0531324 0.00918031
504 0.9177 0.0575196 0.0105794
505 0.9177 0.0580518 0.0106887
506 0.9177 0.0565689 0.0122775
507 0.9177 0.0545898 0.010047
508 0.9177 0.0626466 0.0131086
509 0.9177 0.0634099 0.0113356
510 0.9177 0.052168 0.00822539
511 0.9177 0.0656098 0.0123386
512 0.9177 0.0643136 0.0123986
513 0.9177 0.0618672 0.0124473
514 0.9177 0.0711612 0.0132921
515 0.9177 0.0558412 0.0104302
516 0.9177 0.0603271 0.0117282
517 0.9177 0.0670518 0.0134914
518 0.9177 0.068795 0.0128029
519 0.9177 0.0663497 0.0146627
520 0.9177 0.0661797 0.0123481
521 0.9177 0.0611487 0.0142851
522 0.9177 0.0643621 0.015191
523 0.9177 0.0665174 0.0130825
524 0.9177 0.0656575 0.0124755
525 0.9177 0.0689683 0.014563
526 0.9177 0.0585568 0.0130522
527 0.9177 0.0681888 0.0135165
528 0.9177 0.0646608 0.0131261
529 0.9177 0.0640827 0.0118069
530 0.9177 0.0662606 0.0133327
531 0.9177 0.0559481 0.0102011
532 0.9177 0.0529751 0.0099134
533 0.9177 0.0648318 0.0132594
534 0.9177 0.059456 0.0123265
535 0.9177 0.0578776 0.00893475
536 0.9177 0.0556835 0.0111707
537 0.9177 0.05421 0.0099317
538 0.9177 0.0646382 0.0129497
539 0.9177 0.0531335 0.00828227
540 0.9177 0.0635351 0.0124712
541 0.9177 0.0602262 0.0117619
542 0.9177 0.0514026 0.0118116
543 0.9177 0.0516574 0.0113436
544 0.9177 0.0525519 0.0104285
545 0.9177 0.05862 0.0108367
546 0.9177 0.048527 0.00867337
547 0.9177 0.0632422 0.0127838
548 0.9177 0.0598851 0.0112955
549 0.9177 0.0615173 0.0133386
550 0.9177 0.0593927 0.0130929
551 0.9177 0.061388 0.0148161
552 0.9177 0.0473997 0.00858255
553 0.9177 0.063808 0.0141782
554 0.9177 0.0566701 0.0111632
555 0.9177 0.0570939 0.0116655
556 0.9177 0.069753 0.0132453
557 0.9177 0.0429504 0.00657155
558 0.9177 0.0655271 0.0134486
559 0.9177 0.0449398 0.00692171
560 0.9177 0.0725443 0.0136374
561 0.9177 0.0529498 0.0101216
562 0.9177 0.0632802 0.0132618
563 0.9177 0.0586785 0.0117986
564 0.9177 0.0536161 0.0107791
565 0.9177 0.0531534 0.00948083
566 0.9177 0.0552206 0.010648
567 0.9177 0.0512077 0.0111255
568 0.9177 0.0506307 0.0102909
569 0.9177 0.0728824 0.0143086
570 0.9177 0.0592735 0.0111007
571 0.9177 0.0588048 0.00906728
572 0.9177 0.0603978 0.0112012
573 0.9177 0.0625019 0.011132
574 0.9177 0.0558966 0.0104389
575 0.9177 0.0571839 0.00988918
576 0.9177 0.0575674 0.0112446
577 0.9177 0.0457754 0.00708795
578 0.9177 0.0655104 0.0115731
579 0.9177 0.0631062 0.0120002
580 0.9177 0.0591826 0.0117519
581 0.9177 0.0562859 0.00967821
582 0.9177 0.0509626 0.00922065
583 0.9177 0.0501557 0.00658913
584 0.9177 0.0648992 0.0107861
585 0.9177 0.0561463 0.00921175
586 0.9177 0.0590114 0.010828
587 0.9177 0.0591213 0.0111667
588 0.9177 0.0663808 0.0114634
589 0.9177 0.0654722 0.0111585
590 0.9177 0.0653381 0.0118352
591 0.9177 0.0525573 0.00875336
592 0.9177 0.0531943 0.00921269
593 0.9177 0.0557786 0.00891496
594 0.9177 0.0518689 0.00953047
595 0.9177 0.0614034 0.0113296
596 0.9177 0.0552096 0.0104535
597 0.9177 0.0490217 0.00996844
598 0.9177 0.0524192 0.00984833
599 0.9177 0.0568653 0.01051
600 0.9177 0.0726564 0.0139875
601 0.9177 0.0414713 0.00660253
602 0.9177 0.0594574 0.00979632
603 0.9177 0.054305 0.0101409
604 0.9177 0.0677809 0.0114846
605 0.9177 0.0609738 0.0101485
606 0.9177 0.0560071 0.0101832
607 0.9177 0.0517637 0.00960918
608 0.9177 0.0507963 0.00860145
609 0.9177 0.0464885 0.00830802
610 0.9177 0.0471099 0.00820146
611 0.9177 0.0501358 0.00846148
612 0.9177 0.0614995 0.0110885
613 0.9177 0.0357906 0.00516759
614 0.9177 0.0549187 0.00986632
615 0.9177 0.0643914 0.0118801
616 0.9177 0.0635404 0.0120754
617 0.9177 0.0583268 0.0103262
618 0.9177 0.0578426 0.00959948
619 0.9177 0.0518186 0.00829285
620 0.9177 0.0583548 0.0105516
621 0.9177 0.0622878 0.0113604
622 0.9177 0.0578041 0.0105668
623 0.9177 0.0669931 0.0118967
624 0.9177 0.0615477 0.0123727
625 0.9177 0.0645868 0.0116641
626 0.9177 0.0646105 0.012834
627 0.9177 0.0597001 0.0121543
628 0.9177 0.0549822 0.00985328
629 0.9177 0.0634694 0.0126585
630 0.9177 0.0523709 0.00849185
631 0.9177 0.0704897 0.0139744
632 0.9177 0.0641122 0.0124675
633 0.9177 0.0555275 0.0105509
634 0.9177 0.0628909 0.0116951
635 0.9177 0.0511608 0.0103339
636 0.9177 0.060894 0.0107519
637 0.9177 0.0700141 0.0129466
638 0.9177 0.0749778 0.0148159
639 0.9177 0.055863 0.00880492
640 0.9177 0.0528495 0.00946295
641 0.9177 0.0666498 0.0133757
642 0.9177 0.0687806 0.0148295
643 0.9177 0.0715659 0.0136165
644 0.9177 0.0750293 0.0135332
645 0.9177 0.058388 0.00876432
646 0.9177 0.0606112 0.011004
647 0.9177 0.069365 0.0117648
648 0.9177 0.0669969 0.0121064
649 0.9177 0.0648044 0.0127115
650 0.9177 0.0646065 0.0121332
651 0.9177 0.0669295 0.0120907
652 0.9177 0.061885 0.00989033
653 0.9177 0.0620066 0.0127395
654 0.9177 0.063003 0.0124646
655 0.9177 0.0679226 0.013352
656 0.9177 0.0666957 0.0140824
657 0.9177 0.0488203 0.00808603
658 0.9177 0.0558763 0.0103455
659 0.9177 0.0488541 0.00864928
660 0.9177 0.0705382 0.0142432
661 0.9177 0.0558085 0.0101329
662 0.9177 0.0595757 0.0105509
663 0.9177 0.0522359 0.00911216
664 0.9177 0.0594061 0.0110818
665 0.9177 0.0535122 0.00943503
666 0.9177 0.0514906 0.00862563
667 0.9177 0.0554509 0.0081385
668 0.9177 0.0535897 0.00901782
669 0.9177 0.0561759 0.0100028
670 0.9177 0.0628058 0.0106724
671 0.9177 0.0481666 0.00854599
672 0.9177 0.0553549 0.0102663
673 0.9177 0.0519704 0.00929373
674 0.9177 0.0571264 0.009799
675 0.9177 0.0579267 0.0091695
676 0.9177 0.072641 0.0134038
677 0.9177 0.0675486 0.0126653
678 0.9177 0.0630963 0.0120914
679 0.9177 0.0474928 0.00781535
680 0.9177 0.0532847 0.0103955
681 0.9177 0.0615493 0.013459
682 0.9177 0.0580369 0.0105046
683 0.9177 0.0570993 0.0100724
684 0.9177 0.0586337 0.0109173
685 0.9177 0.0616268 0.0109443
686 0.9177 0.0526144 0.00949778
687 0.9177 0.061559 0.0124768
688 0.9177 0.0498728 0.00930613
689 0.9177 0.0586404 0.0126046
690 0.9177 0.0596836 0.0106194
691 0.9177 0.0540295 0.00911323
692 0.9177 0.0540072 0.00887628
693 0.9177 0.0498266 0.00812471
694 0.9177 0.0686116 0.0128796
695 0.9177 0.0461047 0.00931945
696 0.9177 0.0567187 0.00978404
697 0.9177 0.0605305 0.00963832
698 0.9177 0.0543043 0.00905845
699 0.9177 0.054747 0.00885482
700 0.9177 0.0479628 0.00934546
701 0.9177 0.0533484 0.0094514
702 0.9177 0.0554031 0.00907031
703 0.9177 0.0646682 0.0131944
704 0.9177 0.0517817 0.00881856
705 0.9177 0.0593756 0.0112193
706 0.9177 0.049989 0.00833577
707 0.9177 0.0471565 0.00696389
708 0.9177 0.0541735 0.009512
709 0.9177 0.05834 0.00967187
710 0.9177 0.0488281 0.00854918
711 0.9177 0.0677344 0.0112993
712 0.9177 0.0566563 0.0108349
713 0.9177 0.0576788 0.0121842
714 0.9177 0.0692213 0.0131357
715 0.9177 0.0650912 0.0124164
716 0.9177 0.0568998 0.00992488
717 0.9177 0.0539339 0.00802068
718 0.9177 0.0545375 0.00880067
719 0.9177 0.0535511 0.0102263
720 0.9177 0.0582926 0.0112827
721 0.9177 0.0537771 0.00983997
722 0.9177 0.055782 0.0100525
723 0.9177 0.0620776 0.0120525
724 0.9177 0.0667659 0.0145043
725 0.9177 0.0507798 0.00789267
726 0.9177 0.0632811 0.0115323
727 0.9177 0.0531992 0.00984346
728 0.9177 0.0781595 0.0164707
729 0.9177 0.0416824 0.00661912
730 0.9177 0.0574796 0.0112774
731 0.9177 0.0633227 0.0129375
732 0.9177 0.0746471 0.0143248
733 0.9177 0.0628263 0.0113389
734 0.9177 0.0661381 0.0100684
735 0.9177 0.0474418 0.0078706
736 0.9177 0.058425 0.0109996
737 0.9177 0.0577932 0.00940394
738 0.9177 0.0617074 0.0111722
739 0.9177 0.0537469 0.00950888
740 0.9177 0.0570465 0.00932692
741 0.9177 0.0622181 0.0112585
742 0.9177 0.057064 0.010484
743 0.9177 0.0611837 0.00919606
744 0.9177 0.0562364 0.00989005
745 0.9177 0.0429532 0.00648232
746 0.9177 0.049981 0.00827196
747 0.9177 0.0475123 0.00754027
748 0.9177 0.0626821 0.0115001
749 0.9177 0.0520474 0.0085501
750 0.9177 0.0515345 0.0083323
751 0.9177 0.0470675 0.00745878
752 0.9177 0.0605389 0.0122986
753 1 0.0642198 0.0173294
753 0.69254 0.0558752 0.0113
754 0.69254 0.060708 0.0120661
755 0.69254 0.0537998 0.00980247
756 0.69254 0.05801 0.0117133
757 0.69254 0.0755216 0.0159574
758 0.69254 0.0584127 0.0123662
759 0.69254 0.0622848 0.0115976
760 0.69254 0.0632639 0.0136338
761 0.69254 0.0701085 0.0121949
762 0.69254 0.074045 0.0147828
763 0.69254 0.0580926 0.0113055
764 0.69254 0.0525772 0.0105523
765 0.69254 0.0728641 0.0144492
766 0.69254 0.0539979 0.0105571
767 0.69254 0.0652624 0.0120589
768 0.69254 0.0624463 0.0108049
769 0.69254 0.0502928 0.00806792
770 0.69254 0.0619193 0.0105231
771 0.69254 0.0518358 0.00898223
772 0.69254 0.0502635 0.00928116
773 0.69254 0.0508031 0.00815004
774 0.69254 0.0578928 0.0107954
775 0.69254 0.0577162 0.0114496
776 0.69254 0.0512003 0.00813971
777 0.69254 0.0567277 0.0109428
778 0.69254 0.0605694 0.012345
779 0.69254 0.0494845 0.00888683
780 0.69254 0.0520127 0.00904052
781 0.69254 0.0574921 0.0111081
782 0.69254 0.0608183 0.0101354
783 0.69254 0.0550533 0.0101128
784 0.69254 0.0560541 0.00866893
785 0.69254 0.0694693 0.0136318
786 0.69254 0.0598529 0.0109532
787 0.69254 0.0521461 0.00907454
788 0.69254 0.0533296 0.00969859
789 0.69254 0.0540414 0.00949193
790 0.69254 0.0512622 0.00872141
791 0.95018 0.0660388 0.0146846
792 0.95018 0.0588913 0.0097828
793 0.95018 0.0577611 0.00885539
794 0.95018 0.0577274 0.0100078
795 0.95018 0.066757 0.0133042
796 0.95018 0.0625822 0.0120317
797 0.95018 0.0610195 0.0109532
798 0.95018 0.0648396 0.0118096
799 0.95018 0.0524957 0.00862457
800 0.95018 0.0587822 0.010431
801 0.95018 0.0625944 0.0101956
802 0.95018 0.0544941 0.00979833
803 0.95018 0.0564796 0.00999346
804 0.95018 0.055244 0.0103697
805 0.95018 0.0441348 0.00731163
806 0.95018 0.0532188 0.00875159
807 0.95018 0.0638219 0.0126331
808 0.95018 0.0458529 0.00750961
809 0.95018 0.0535535 0.00989239
810 0.95018 0.0684924 0.0125017
811 0.95018 0.0601534 0.0108302
812 0.95018 0.0609872 0.0120718
813 0.95018 0.0668655 0.0130668
814 0.95018 0.0580433 0.0102817
815 0.95018 0.057427 0.0090017
816 0.95018 0.059385 0.0107314
817 0.95018 0.058196 0.0113469
818 0.95018 0.0584713 0.00954556
819 0.95018 0.0621434 0.0104877
820 0.95018 0.0567245 0.0107844
821 1 0.0594151 0.0153449
821 1 0.0609702 0.0160438
821 0.68667 0.0586968 0.0143778
822 0.68667 0.057345 0.0114429
823 0.68667 0.0549025 0.00961629
824 0.68667 0.0598419 0.0123997
825 0.68667 0.0546789 0.00899392
826 0.68667 0.0565963 0.0101181
827 0.68667 0.0548757 0.0093127
828 0.80953 0.0619581 0.0145376
829 0.80953 0.0659165 0.0151235
830 0.80953 0.0603799 0.0136676
831 0.80953 0.0643967 0.0135172
832 0.80953 0.0550491 0.0125346
833 0.80953 0.0601744 0.0113001
834 0.80953 0.05345 0.00964304
835 0.80953 0.0547876 0.0109956
836 0.80953 0.0528486 0.0106367
837 0.80953 0.0619471 0.0120651
838 0.80953 0.0484982 0.00832742
839 0.80953 0.0653927 0.0132263
840 0.80953 0.052947 0.010773
841 0.80953 0.0613028 0.0121243
842 0.80953 0.0597926 0.0109225
843 0.80953 0.0564116 0.0112291
844 0.80953 0.0592485 0.0110928
845 0.80953 0.0649489 0.0130236
846 0.80953 0.0643796 0.0128183
847 0.80953 0.0545643 0.0100369
848 0.80953 0.058237 0.011759
849 0.80953 0.0601474 0.0116032
850 0.80953 0.053652 0.0109145
851 0.80953 0.06202 0.011158
852 0.80953 0.0592784 0.011234
853 0.80953 0.0560239 0.0118423
854 0.80953 0.0527204 0.0119696
855 0.80953 0.0558785 0.0123208
856 0.80953 0.0572366 0.0130632
857 0.80953 0.0520679 0.00892586
858 0.80953 0.0564612 0.0123426
859 0.80953 0.0626383 0.0136181
860 0.80953 0.0664353 0.0145229
861 0.80953 0.0702446 0.0142925
862 0.80953 0.0699104 0.0149076
863 0.80953 0.0755589 0.0147862
864 0.80953 0.0612599 0.0130624
865 0.80953 0.0723599 0.014672
866 0.80953 0.0597611 0.0117861
867 0.80953 0.0509829 0.00986188
868 0.80953 0.0572241 0.0118085
869 0.80953 0.0493337 0.00957867
870 0.80953 0.0661462 0.0119186
871 0.80953 0.0558442 0.0113856
872 0.80953 0.0646108 0.0132683
873 0.80953 0.0611527 0.0134014
874 0.80953 0.0607354 0.0142262
875 0.80953 0.0679296 0.0150096
876 0.80953 0.055911 0.0108419
877 0.80953 0.0455551 0.00809509
878 0.80953 0.0562904 0.0105745
879 0.80953 0.0631047 0.0138695
880 0.80953 0.0534375 0.0102396
881 0.80953 0.0639865 0.0132477
882 0.80953 0.0622806 0.0101822
883 0.80953 0.0553596 0.0104228
884 0.80953 0.0640156 0.0134743
885 0.80953 0.0726189 0.0161523
886 0.80953 0.0598508 0.0111959
887 0.80953 0.0566924 0.00967925
888 0.80953 0.0717363 0.0144026
889 0.80953 0.0593099 0.0104715
890 0.80953 0.057588 0.0102297
891 0.80953 0.0649579 0.011684
892 0.80953 0.0583544 0.0120014
893 0.80953 0.0627545 0.0129126
894 0.80953 0.0647444 0.0129374
895 0.80953 0.0614317 0.0127367
896 0.80953 0.0642882 0.0143474
897 0.80953 0.0675173 0.0138729
898 0.80953 0.0608106 0.0116942
899 0.80953 0.0657651 0.0148559
900 0.80953 0.0599436 0.0131548
901 0.80953 0.0549707 0.00932307
902 0.80953 0.0525851 0.00798434
903 0.80953 0.0529307 0.0105059
904 0.80953 0.0585741 0.011012
905 0.80953 0.0523337 0.00878854
906 0.80953 0.0476986 0.00872589
907 0.80953 0.06583 0.0140123
908 0.80953 0.0588402 0.0100071
909 0.80953 0.0660734 0.012591
910 0.80953 0.055879 0.00903869
911 0.80953 0.0619031 0.0112639
912 0.80953 0.053411 0.00896187
913 0.80953 0.0535868 0.00916356
914 0.80953 0.0425459 0.00708023
915 0.80953 0.0574798 0.0101034
916 0.80953 0.0483159 0.00858708
917 1 0.0589763 0.0143711
917 0.80366 0.0607125 0.01284
918 0.80366 0.0633998 0.0119066
919 0.80366 0.0487407 0.00829847
920 0.80366 0.0483791 0.0101925
921 1.01 0.0665709 0.019396
921 0.4762 0.0532402 0.0107183
922 0.91477 0.0656061 0.0162096
923 1 0.0570809 0.0144647
923 0.4762 0.0481706 0.00843852
924 1.01 0.0524267 0.012813
924 0.52381 0.0521561 0.00905041
925 0.52381 0.0542973 0.00917648
926 0.53969 0.0556383 0.0106166
927 0.53969 0.0562721 0.0099765
928 0.53969 0.0571793 0.0111178
929 0.53969 0.0449544 0.00819527
930 0.53969 0.0706456 0.0126796
931 0.53969 0.058431 0.0113765
932 0.53969 0.0548242 0.00863964
933 0.53969 0.0581384 0.010693
934 0.53969 0.0584751 0.0105844
935 0.53969 0.0668368 0.0109256
936 0.53969 0.046748 0.00806083
937 0.53969 0.0487518 0.00867303
938 0.53969 0.04518 0.00755309
939 0.57143 0.0559033 0.010917
940 0.57143 0.0604929 0.0109974
941 0.57143 0.0715884 0.01392
942 0.57143 0.0702553 0.0135118
943 0.57143 0.0633748 0.0127024
944 0.57143 0.0584187 0.0119219
945 0.57143 0.0550098 0.0114481
946 1.01 0.0612538 0.0145447
947 1.01 0.0622839 0.0140331
948 1.01 0.0499292 0.0120911
949 1.01 0.0472757 0.0106574
950 1.01 0.0643979 0.0203715
951 1.01 0.0540162 0.0179148
952 1.02 0.0717351 0.0277477
953 1.02 0.0614242 0.017993
954 1.02 0.0655517 0.024702
955 1.02 0.0615378 0.0237292
956 1.02 0.0533261 0.0214631
957 1.02 0.0613329 0.0169711
958 1.02 0.0595045 0.0216126
959 1.02 0.063301 0.0158727
960 1.02 0.0661306 0.0187678
961 1.02 0.0750839 0.0325247
962 1.02 0.0703948 0.0267194
963 1.02 0.0842853 0.0338521
964 1.02 0.094517 0.0413789
965 1.02 0.0902031 0.0405384
966 1.02 0.0621391 0.0161557
967 1.02 0.0763909 0.032105
968 1.02 0.0661166 0.025337
969 1.02 0.0705384 0.0298239
970 1.02 0.0696917 0.0257831
971 1.02 0.0795977 0.0370537
972 1.02 0.0812228 0.0400813
973 1.02 0.0923035 0.0420738
974 1.02 0.0860041 0.0433487
975 1.02 0.0588198 0.0233935
976 1.02 0.0541364 0.019212
977 1.02 0.0826785 0.0333375
978 1.02 0.0736826 0.027281
979 1.02 0.073715 0.0346423
980 1.02 0.0986804 0.0477806
981 1.02 0.0730341 0.0311561
982 1.02 0.079809 0.0344488
983 1.02 0.0816429 0.0344237
984 1.02 0.0743608 0.0260629
985 1.02 0.0861442 0.0307416
986 1.02 0.0625448 0.0232913
987 1.02 0.0666722 0.0270229
988 1.02 0.0809505 0.0351221
989 1.02 0.082196 0.0384928
990 1.02 0.0706859 0.0244752
991 1.02 0.0730696 0.0286772
992 1.02 0.0681995 0.024447
993 1.02 0.0729743 0.0227324
994 1.02 0.0812372 0.0320043
995 1.02 0.0740353 0.0240217
996 1.02 0.0553654 0.0130645
997 1.02 0.0862635 0.0342432
998 1.02 0.094975 0.0375147
999 1.02 0.0796752 0.0326952
1000 1.02 0.0808497 0.0343377
