0 0.2315 0.0345766 0.00280703
1 0.29914 0.0238529 0.00261179
2 0.29914 0.0187495 0.00202524
3 0.37508 0.0315598 0.00378442
4 0.37508 0.0344691 0.00356492
5 0.37508 0.0339103 0.00327879
6 0.41403 0.0318179 0.00387341
7 0.41403 0.0230006 0.00284836
8 0.41403 0.0308734 0.00275132
9 0.41403 0.0335026 0.00463403
10 0.41403 0.0345815 0.00408009
11 0.41403 0.0315484 0.00381761
12 0.41403 0.0311219 0.0029732
13 0.41403 0.0399281 0.00479369
14 0.41403 0.0392285 0.00419873
15 0.41403 0.0378864 0.00423635
16 0.41403 0.035583 0.00383718
17 0.41403 0.0362294 0.00397701
18 0.41403 0.0262582 0.00277626
19 0.41403 0.036409 0.00393524
20 0.41403 0.0377854 0.00416387
21 0.41403 0.0393327 0.00416046
22 0.41403 0.0407253 0.00464322
23 0.41403 0.0371877 0.00417039
24 0.41403 0.0397149 0.00414287
25 0.41403 0.0324456 0.00387651
26 0.41403 0.0311723 0.00289265
27 0.41403 0.0326705 0.0033108
28 0.41403 0.0304918 0.00350715
29 0.41403 0.0377688 0.00458615
30 0.41403 0.0445551 0.00506345
31 0.41403 0.0318081 0.00294118
32 0.41403 0.0398125 0.00478224
33 0.41403 0.0350701 0.0039926
34 0.41403 0.0411452 0.00497422
35 0.41403 0.0479115 0.00541913
36 0.41403 0.0406325 0.00453144
37 0.47966 0.0424358 0.00554958
38 0.47966 0.0395339 0.00426054
39 0.47966 0.0378111 0.00423346
40 0.47966 0.0385436 0.00346751
41 0.47966 0.0359409 0.00395073
42 0.47966 0.0412097 0.00410834
43 0.47966 0.0375393 0.00370589
44 0.47966 0.0394942 0.00409838
45 0.47966 0.0334585 0.00362658
46 0.47966 0.0360123 0.00372132
47 0.47966 0.0405262 0.00473878
48 0.47966 0.0383808 0.0037538
49 0.47966 0.0381623 0.00416194
50 0.47966 0.0393215 0.00412953
51 0.47966 0.0406875 0.00375461
52 0.47966 0.033394 0.00378764
53 0.47966 0.0452122 0.00523503
54 0.47966 0.0404753 0.00533651
55 0.47966 0.0337117 0.00371778
56 0.47966 0.0351239 0.00372058
57 0.47966 0.0322499 0.00338876
58 0.47966 0.0437489 0.00518847
59 0.47966 0.0365338 0.00380952
60 0.47966 0.0486557 0.00517511
61 0.47966 0.0368922 0.00425311
62 0.47966 0.0407835 0.00495149
63 0.47966 0.0361726 0.00400368
64 0.47966 0.0452459 0.00426424
65 0.47966 0.0342234 0.00367793
66 0.47966 0.0345343 0.00397193
67 0.47966 0.0380179 0.00414213
68 0.47966 0.0427735 0.00509546
69 0.47966 0.0324788 0.00403991
70 0.47966 0.0322931 0.00318445
71 0.47966 0.0373382 0.00397146
72 0.47966 0.0356993 0.00371805
73 0.47966 0.0352934 0.00363061
74 0.47966 0.0465944 0.00478691
75 0.47966 0.0339167 0.0035476
76 0.47966 0.0404129 0.00424119
77 0.47966 0.0477334 0.00560525
78 0.47966 0.0360552 0.00377289
79 0.47966 0.0443975 0.00490357
80 0.47966 0.036845 0.00428743
81 0.47966 0.0332635 0.00330814
82 0.47966 0.0384231 0.0045481
83 0.47966 0.0339291 0.00380567
84 0.47966 0.0385435 0.00416434
85 0.47966 0.0348058 0.00425737
86 0.47966 0.0469692 0.00559499
87 0.47966 0.0409194 0.00529066
88 0.47966 0.0488593 0.00530111
89 0.47966 0.0386667 0.0046156
90 0.47966 0.0397972 0.00509227
91 0.47966 0.0383926 0.00440694
92 0.47966 0.0430519 0.00460269
93 0.47966 0.0421305 0.00507696
94 0.47966 0.03664 0.00477866
95 0.47966 0.0395824 0.00519637
96 0.47966 0.0352575 0.00425364
97 0.47966 0.0451449 0.00632716
98 0.47966 0.0479547 0.00735145
99 0.47966 0.0535149 0.00786134
100 0.47966 0.0393247 0.0050271
101 0.47966 0.0492235 0.00752587
102 0.47966 0.0527429 0.00862516
103 0.47966 0.043349 0.00636047
104 0.47966 0.039971 0.00558751
105 0.47966 0.048818 0.00681363
106 0.47966 0.0462529 0.00667347
107 0.47966 0.0330199 0.00454598
108 0.47966 0.042327 0.00710612
109 0.47966 0.0451048 0.00675632
110 0.47966 0.0413936 0.00638412
111 0.47966 0.0521201 0.00816528
112 0.47966 0.0416492 0.00550537
113 0.47966 0.0386895 0.00585753
114 0.47966 0.0375862 0.00551195
115 0.47966 0.0485433 0.00729184
116 0.47966 0.0539229 0.00879165
117 0.47966 0.0433176 0.00732383
118 0.47966 0.0578657 0.00933166
119 0.47966 0.0494881 0.00866962
120 0.47966 0.0493904 0.00831508
121 0.51043 0.0594465 0.011129
122 0.51043 0.0513433 0.0107476
123 0.58376 0.0574997 0.0110429
124 0.58376 0.0529862 0.00906316
125 0.58376 0.0547066 0.00849942
126 0.58731 0.0536575 0.0107983
127 0.58731 0.0489399 0.00950488
128 0.58731 0.053175 0.0104968
129 0.58731 0.0522273 0.00983538
130 0.58731 0.0539566 0.00933819
131 0.58731 0.0516074 0.00875603
132 0.58731 0.0471337 0.00759432
133 0.58731 0.0566617 0.010697
134 0.58731 0.0527616 0.00942406
135 0.58731 0.0410471 0.00585072
136 0.58731 0.0484883 0.00898893
137 0.58731 0.051197 0.00771098
138 0.58731 0.0528063 0.00783032
139 0.58731 0.0588295 0.0106181
140 0.58731 0.0482026 0.00660126
141 0.58731 0.0482759 0.00689266
142 0.58731 0.0449736 0.00705774
143 0.58731 0.0442001 0.00588479
144 0.58731 0.046743 0.00836854
145 0.58731 0.0474879 0.00677561
146 0.58731 0.0501256 0.00721862
147 0.58731 0.0424161 0.00723519
148 0.58731 0.0480806 0.00654824
149 0.58731 0.0570992 0.00997854
150 0.58731 0.0586471 0.0109692
151 0.58731 0.0514739 0.0102795
152 0.58731 0.0538346 0.00944106
153 0.58731 0.0448591 0.00739063
154 0.58731 0.0480174 0.00823702
155 0.58731 0.0466297 0.00701164
156 0.58731 0.0555142 0.00820704
157 0.58731 0.0464668 0.00757279
158 0.58731 0.0408235 0.0056584
159 0.58731 0.0529179 0.0084088
160 0.58731 0.0434974 0.00685674
161 0.58731 0.0483729 0.00729162
162 0.58731 0.0340516 0.00416949
163 0.58731 0.040444 0.0063813
164 0.58731 0.0562523 0.0094763
165 0.58731 0.0528785 0.00727333
166 0.58731 0.0440616 0.00809629
167 0.58731 0.0416107 0.00546284
168 0.58731 0.0573801 0.00893875
169 0.58731 0.0473537 0.00734156
170 0.58731 0.0480509 0.00737762
171 0.58731 0.0482304 0.00756811
172 0.58731 0.053647 0.00905213
173 0.58731 0.0453802 0.00597978
174 0.58731 0.0473592 0.00727174
175 0.58731 0.0433941 0.00620149
176 0.58731 0.0387997 0.00517162
177 0.58731 0.0452586 0.00733308
178 0.58731 0.0468433 0.00762689
179 0.58731 0.0561371 0.010856
180 0.58731 0.0411253 0.00619095
181 0.58731 0.0476232 0.00714826
182 0.60527 0.0581181 0.00953909
183 0.60527 0.0537533 0.00831093
184 0.60527 0.0516414 0.00892494
185 0.68084 0.0488186 0.00855189
186 0.68084 0.0426375 0.00652785
187 0.68084 0.054457 0.00825346
188 0.68084 0.0555641 0.00825884
189 0.68084 0.0572426 0.0120039
190 0.68084 0.0560348 0.00861515
191 0.68084 0.0464961 0.00946437
192 0.68084 0.0503417 0.00836237
193 0.68084 0.064177 0.0118189
194 0.68084 0.0622196 0.0121642
195 0.68084 0.0602731 0.0127155
196 0.68084 0.0556842 0.00949665
197 0.68084 0.060224 0.0118728
198 0.68084 0.0485814 0.00942406
199 0.68084 0.0652889 0.0122218
200 0.68084 0.0592102 0.0106407
201 0.68084 0.0580954 0.0119891
202 0.68084 0.0505263 0.0109874
203 0.68084 0.0511034 0.00967131
204 0.68084 0.0526055 0.00910314
205 0.68084 0.0529703 0.00898175
206 0.68084 0.0540723 0.00844824
207 0.68084 0.0659536 0.0129501
208 0.68084 0.0556141 0.010009
209 0.68084 0.0625657 0.013077
210 0.68084 0.0568606 0.0117566
211 0.68084 0.0654463 0.0128832
212 0.68084 0.0577822 0.0102705
213 0.68084 0.0608735 0.0111092
214 0.68084 0.0507447 0.0100663
215 0.68084 0.039426 0.00782647
216 0.68084 0.049692 0.00840515
217 0.68084 0.0457583 0.00892772
218 0.68084 0.0514239 0.0104205
219 0.68084 0.0416845 0.00748209
220 0.68084 0.05401 0.0100003
221 0.68084 0.0580791 0.0105871
222 0.68084 0.0543473 0.0108444
223 0.68084 0.0605938 0.0110416
224 0.68084 0.0495555 0.00933017
225 0.68084 0.0523153 0.00940189
226 0.68084 0.0476957 0.00835896
227 0.68084 0.0585692 0.0103364
228 0.68084 0.0571489 0.00949934
229 0.68084 0.0509504 0.0101523
230 0.68084 0.0634927 0.0135424
231 0.68084 0.0630262 0.0142193
232 0.68084 0.0431348 0.00720722
233 0.68084 0.0617158 0.0126717
234 0.68084 0.0585403 0.0121909
235 0.68084 0.0516288 0.0088795
236 0.68084 0.0578747 0.00965513
237 0.68084 0.0576241 0.00990606
238 0.68084 0.0710903 0.0142658
239 0.68084 0.0682525 0.0140405
240 0.68084 0.0657378 0.0130694
241 0.68084 0.0591461 0.0118557
242 0.68084 0.0524514 0.0110538
243 0.68084 0.0637137 0.0133902
244 0.68084 0.060274 0.0118466
245 0.68084 0.0479153 0.00870503
246 0.90889 0.0558957 0.0139301
247 0.90889 0.063186 0.012924
248 0.90889 0.0558264 0.0104652
249 0.90889 0.0619099 0.0114786
250 0.90889 0.061415 0.0129125
251 0.90889 0.06396 0.0147724
252 0.90889 0.0520665 0.0103534
253 0.90889 0.0633459 0.014184
254 0.90889 0.0546315 0.0125755
255 0.90889 0.0607006 0.0119151
256 0.90889 0.0575308 0.012328
257 0.90889 0.0528909 0.00853817
258 0.90889 0.056709 0.00964866
259 0.90889 0.0431066 0.00638773
260 0.90889 0.0529049 0.010376
261 0.90889 0.0555334 0.0118614
262 0.90889 0.0638058 0.0129058
263 0.90889 0.0596442 0.0127489
264 0.90889 0.0629383 0.0134223
265 0.90889 0.0431221 0.00749099
266 0.90889 0.0534574 0.00954689
267 0.90889 0.0526484 0.00943097
268 0.90889 0.0537102 0.0102075
269 0.90889 0.0479932 0.00797602
270 0.90889 0.0462167 0.00880882
271 0.90889 0.0448081 0.00706413
272 0.90889 0.0605526 0.0103224
273 0.90889 0.0557621 0.00913699
274 0.90889 0.0542884 0.0108522
275 0.90889 0.0562492 0.00848736
276 0.90889 0.0520233 0.00873058
277 0.90889 0.0597255 0.0107225
278 0.90889 0.0478351 0.00819788
279 0.90889 0.0580849 0.00962451
280 0.90889 0.0491157 0.00985128
281 0.90889 0.0495214 0.00890176
282 0.90889 0.0551375 0.00914895
283 0.90889 0.0532133 0.00982774
284 0.90889 0.0394067 0.00685256
285 0.90889 0.0529778 0.00948765
286 0.90889 0.0473783 0.00844557
287 0.90889 0.0562556 0.0113807
288 0.90889 0.0630661 0.0118699
289 0.90889 0.055293 0.00975855
290 0.90889 0.0532673 0.010174
291 0.90889 0.0607653 0.0109004
292 0.90889 0.041368 0.00626181
293 0.90889 0.0506238 0.00760281
294 0.90889 0.0374923 0.00597642
295 0.90889 0.0496902 0.0065768
296 0.90889 0.0488043 0.00735411
297 0.90889 0.0502158 0.00780437
298 0.90889 0.0532997 0.00959174
299 0.90889 0.0553669 0.0108209
300 0.90889 0.0470204 0.00786434
301 0.90889 0.0640805 0.0135305
302 0.90889 0.0410988 0.00590661
303 0.90889 0.0565637 0.00844617
304 0.90889 0.0377035 0.00567997
305 0.90889 0.0504199 0.00822279
306 0.90889 0.0574663 0.00995862
307 0.90889 0.0471181 0.00672122
308 0.90889 0.0430408 0.00818092
309 0.90889 0.0503666 0.00847196
310 0.90889 0.0500769 0.00823102
311 0.90889 0.050157 0.00905141
312 0.90889 0.0403787 0.00601776
313 0.90889 0.0489559 0.00807083
314 0.90889 0.0542058 0.00909203
315 0.90889 0.0613137 0.0123584
316 0.90889 0.05376 0.0075611
317 0.90889 0.0595584 0.0102377
318 0.90889 0.0533984 0.00816881
319 0.90889 0.0491256 0.0090222
320 0.90889 0.0502506 0.008567
321 0.90889 0.0560301 0.00982773
322 0.90889 0.050374 0.0108441
323 0.90889 0.054833 0.0105025
324 0.90889 0.0571797 0.00954492
325 0.90889 0.0482499 0.00900767
326 0.90889 0.0523197 0.0109684
327 0.90889 0.0502412 0.00894032
328 0.90889 0.0529041 0.00887459
329 0.90889 0.068444 0.0138837
330 0.90889 0.043689 0.00846781
331 0.90889 0.0449743 0.00755082
332 0.90889 0.0482906 0.0102135
333 0.90889 0.0618556 0.014367
334 0.90889 0.0560761 0.012539
335 0.90889 0.0563634 0.0113297
336 0.90889 0.061125 0.0108322
337 0.90889 0.0661485 0.0140338
338 0.90889 0.0520875 0.00913528
339 0.90889 0.0555231 0.0110275
340 0.90889 0.05572 0.0122927
341 0.90889 0.0675961 0.014227
342 0.90889 0.0709595 0.0152376
343 0.90889 0.0623319 0.0108358
344 0.90889 0.0585711 0.0107406
345 0.90889 0.0566791 0.0105409
346 0.90889 0.0542757 0.00949576
347 0.90889 0.0484884 0.00711872
348 0.90889 0.0528426 0.0102117
349 0.90889 0.0540902 0.0100203
350 0.90889 0.0478805 0.00846068
351 0.90889 0.0506717 0.00675593
352 0.90889 0.0562322 0.010131
353 0.90889 0.0544944 0.0091699
354 0.90889 0.0622884 0.0116692
355 0.90889 0.054584 0.00877417
356 0.90889 0.0594491 0.010837
357 0.90889 0.0548299 0.00945878
358 0.90889 0.0697216 0.0138269
359 0.90889 0.0533209 0.0118316
360 0.90889 0.05482 0.0100069
361 0.90889 0.0357649 0.00612472
362 0.90889 0.0583263 0.0105142
363 0.90889 0.0393839 0.00720007
364 0.90889 0.0515961 0.00972321
365 0.90889 0.0538797 0.00974715
366 0.90889 0.0473666 0.00858538
367 0.90889 0.0474334 0.00860051
368 0.90889 0.0569566 0.0106148
369 0.90889 0.0533668 0.00944702
370 0.90889 0.0513672 0.010048
371 0.90889 0.059006 0.0115854
372 0.90889 0.0524169 0.00976126
373 0.90889 0.0415767 0.00693242
374 0.90889 0.0471376 0.00681217
375 0.90889 0.0503953 0.00907899
376 0.90889 0.0473994 0.00742858
377 0.90889 0.0477591 0.00782776
378 0.90889 0.0414819 0.0056177
379 0.90889 0.0486351 0.00804788
380 0.90889 0.042986 0.00665247
381 0.90889 0.0470214 0.00628304
382 0.90889 0.0485264 0.0081687
383 0.90889 0.0580753 0.0104358
384 0.90889 0.0580985 0.010397
385 0.90889 0.0563574 0.00859344
386 0.90889 0.0499317 0.00915615
387 0.90889 0.0422948 0.00623775
388 0.90889 0.0513865 0.00751902
389 0.90889 0.0493808 0.00741909
390 0.90889 0.0528732 0.0084418
391 0.90889 0.0514081 0.00908514
392 0.90889 0.0468702 0.00892229
393 0.90889 0.049211 0.00811238
394 0.90889 0.0591395 0.0101708
395 0.90889 0.0544967 0.0102973
396 0.90889 0.0586233 0.00930459
397 0.90889 0.0536516 0.00946947
398 0.90889 0.0624429 0.012871
399 0.90889 0.0560492 0.0097603
400 0.90889 0.0492267 0.00955756
401 0.90889 0.050314 0.00850941
402 0.90889 0.0498786 0.00834452
403 0.90889 0.0520988 0.00926934
404 0.90889 0.0458108 0.0068609
405 0.90889 0.0523981 0.00801676
406 0.90889 0.0477373 0.00832212
407 0.90889 0.0540408 0.0101437
408 0.90889 0.0530023 0.00863973
409 0.90889 0.055279 0.00886395
410 0.90889 0.0629185 0.0107037
411 0.90889 0.0600876 0.0108581
412 0.90889 0.0578493 0.0126722
413 0.90889 0.0406162 0.00592115
414 0.90889 0.0530472 0.0095287
415 0.90889 0.060955 0.0122943
416 0.90889 0.0508874 0.00916727
417 0.90889 0.0628994 0.0116822
418 0.90889 0.061857 0.0100112
419 0.90889 0.0525723 0.0076895
420 0.90889 0.0582173 0.00995191
421 0.90889 0.0456853 0.00643813
422 0.90889 0.0435807 0.00650968
423 0.90889 0.048668 0.008129
424 0.90889 0.039367 0.00512358
425 0.90889 0.0490211 0.00809694
426 0.90889 0.0462162 0.00633312
427 0.90889 0.0705349 0.0121582
428 0.90889 0.0573034 0.00891644
429 0.90889 0.0524448 0.00928154
430 0.90889 0.0476478 0.0082498
431 0.90889 0.0586163 0.00963873
432 0.90889 0.0464476 0.00779101
433 0.90889 0.0503572 0.00876181
434 0.90889 0.04722 0.00762938
435 0.90889 0.0566465 0.0122893
436 0.90889 0.0475168 0.00595651
437 0.90889 0.0508714 0.00864295
438 0.90889 0.0516975 0.00773512
439 0.90889 0.0463838 0.00749485
440 0.90889 0.0514473 0.00803638
441 0.90889 0.0620086 0.0102416
442 0.90889 0.046819 0.00703125
443 0.90889 0.0476775 0.00734826
444 0.90889 0.0512602 0.00815944
445 0.90889 0.0471859 0.00778597
446 0.90889 0.0552977 0.00926934
447 0.90889 0.0521876 0.00939945
448 0.90889 0.0528165 0.00953691
449 0.90889 0.0563454 0.00937183
450 0.90889 0.047309 0.00697026
451 0.90889 0.0458156 0.00763864
452 0.90889 0.0474093 0.00794548
453 0.90889 0.0522976 0.00839263
454 0.90889 0.0519508 0.00954469
455 0.90889 0.0380166 0.006356
456 0.90889 0.0482256 0.00662139
457 0.90889 0.0613744 0.0121659
458 0.90889 0.0541731 0.0094296
459 0.90889 0.0492105 0.00773045
460 0.90889 0.0508474 0.00861855
461 0.90889 0.0576626 0.0106798
462 0.90889 0.0514827 0.00978147
463 0.90889 0.0640668 0.0123497
464 0.90889 0.0662526 0.0119482
465 0.90889 0.0556166 0.0106106
466 0.90889 0.059256 0.0110873
467 0.90889 0.0531048 0.00827632
468 0.90889 0.0589644 0.00901984
469 1.01 0.0620174 0.0137134
469 0.4762 0.0581987 0.00814284
470 0.4762 0.0526611 0.00832806
471 0.4762 0.0494711 0.00831558
472 0.4762 0.051729 0.00883984
473 0.62773 0.0575059 0.0107822
474 0.65539 0.0569587 0.0124933
475 0.65539 0.0488745 0.00792921
476 1 0.0610737 0.0135237
476 1.01 0.0527537 0.0131973
476 0.4762 0.0560758 0.00921158
477 0.4762 0.0481069 0.0077002
478 0.4762 0.0597008 0.0108883
479 0.4762 0.064947 0.0112459
480 0.4762 0.0592795 0.0113651
481 0.58143 0.0607146 0.0112175
482 0.58143 0.0593102 0.0112562
483 0.58143 0.0659522 0.0121202
484 0.58143 0.0495497 0.00864841
485 0.58143 0.0594272 0.0112163
486 0.58143 0.0650584 0.0128996
487 0.58143 0.0557524 0.00889549
488 0.58143 0.0651083 0.0108651
489 0.58143 0.0570855 0.0106434
490 0.58143 0.0639039 0.0129599
491 0.58143 0.0511826 0.0112311
492 0.58143 0.0590596 0.0098163
493 0.58143 0.0570503 0.0125788
494 0.58143 0.062424 0.0125642
495 0.58143 0.0544931 0.011083
496 0.58143 0.0599729 0.00885205
497 0.58143 0.0576262 0.0118181
498 0.58143 0.0569637 0.00829136
499 0.58143 0.0631887 0.0104657
500 0.58143 0.0653178 0.0129561
501 0.58143 0.0636803 0.0122194
502 1.01 0.0631292 0.0147881
502 0.4762 0.05703 0.00877161
503 0.4762 0.0502498 0.00843542
504 0.4762 0.0637197 0.0102665
505 0.48765 0.0663786 0.012451
506 0.48765 0.0548011 0.00826388
507 0.48765 0.0660582 0.01219
508 0.48765 0.0567925 0.0119918
509 0.48765 0.0468566 0.00656388
510 0.48765 0.0491872 0.00847463
511 0.48765 0.0528779 0.0104218
512 0.48765 0.0609785 0.00988959
513 0.48765 0.0708898 0.0104641
514 0.58679 0.0611489 0.0132386
515 0.58679 0.0492399 0.00785821
516 0.58679 0.0519428 0.00854425
517 0.63087 0.0478013 0.00887282
518 0.63087 0.0552064 0.00901063
519 0.63087 0.0556651 0.00968814
520 0.63087 0.0548946 0.00902425
521 0.63087 0.0590628 0.0115549
522 0.63087 0.0586142 0.0113151
523 0.63087 0.0677227 0.0132587
524 0.63087 0.0709001 0.0149684
525 0.63087 0.0733423 0.0149534
526 0.63087 0.0692361 0.0139654
527 0.63087 0.0571517 0.0106197
528 0.63087 0.0751297 0.0163842
529 0.63087 0.0695891 0.0129201
530 0.63087 0.0631009 0.011004
531 0.63087 0.0610492 0.011895
532 0.63087 0.0563988 0.0100843
533 0.63087 0.0523634 0.00968581
534 0.63087 0.0534679 0.0087518
535 0.63087 0.0663595 0.0135751
536 0.63087 0.0624833 0.0123741
537 0.63087 0.0622553 0.010717
538 0.63087 0.0585358 0.0115982
539 0.63087 0.0607044 0.0112647
540 0.63087 0.0557156 0.00930286
541 0.63087 0.0708138 0.0142763
542 0.63087 0.0626812 0.0116397
543 0.63087 0.0720232 0.0140695
544 0.63087 0.0573155 0.0110014
545 0.63087 0.0593353 0.0113006
546 0.63087 0.0558438 0.0104012
547 0.63087 0.0699444 0.0133262
548 0.63087 0.0679155 0.0133171
549 0.63087 0.0651584 0.0147298
550 0.63087 0.0670319 0.0141298
551 0.63087 0.067941 0.016215
552 0.63087 0.0621944 0.0136113
553 0.63087 0.0567775 0.0124713
554 0.63087 0.0663817 0.0138866
555 0.63087 0.0702338 0.0166407
556 0.63087 0.0538804 0.0100016
557 0.63087 0.059481 0.0121548
558 0.63087 0.0702745 0.0148219
559 0.63087 0.0587102 0.0131857
560 0.63087 0.0625585 0.0123208
561 0.63087 0.053714 0.0120008
562 0.63087 0.0721579 0.0157471
563 0.63087 0.068227 0.0148798
564 0.63087 0.0687427 0.0131867
565 0.63087 0.0630996 0.0124286
566 1 0.0678671 0.015956
566 0.4762 0.0560902 0.0111626
567 0.4762 0.0614657 0.0109536
568 0.4762 0.0598409 0.010713
569 0.4762 0.045434 0.0084282
570 0.4762 0.0625299 0.0112069
571 0.4762 0.063136 0.0137159
572 0.4762 0.0631066 0.0126551
573 0.4762 0.0698704 0.0150931
574 0.4762 0.0587506 0.0125387
575 0.4762 0.0720235 0.0159301
576 0.4762 0.0703322 0.014521
577 0.4762 0.0752758 0.0174334
578 0.49207 0.0802149 0.0182745
579 0.49207 0.0777646 0.0179984
580 0.49207 0.0776396 0.0148961
581 0.49207 0.079829 0.0155934
582 0.49207 0.0802943 0.0167236
583 0.53969 0.0740179 0.0143657
584 0.53969 0.0695396 0.0146207
585 0.53969 0.0827265 0.0187016
586 0.53969 0.0777159 0.0148528
587 0.58731 0.0708324 0.0147947
588 0.58731 0.0693744 0.0136993
589 0.58731 0.0734225 0.0146365
590 0.58731 0.0713139 0.0142531
591 0.58731 0.0607815 0.0120731
592 0.58731 0.0746203 0.0160964
593 0.58731 0.0781008 0.0155099
594 0.58731 0.072528 0.0152184
595 0.58731 0.0661227 0.0151791
596 0.58731 0.0732629 0.0143305
597 0.58731 0.0777392 0.0171758
598 0.58731 0.0716133 0.0129213
599 0.58731 0.0545991 0.00878886
600 0.58731 0.0570916 0.0114522
601 1.01 0.0673439 0.0180873
601 0.4762 0.0767427 0.0157807
602 0.521 0.0701193 0.0148917
603 0.521 0.0767602 0.0163153
604 0.521 0.0696943 0.0152809
605 0.521 0.0765822 0.0170379
606 0.521 0.0716408 0.014069
607 0.521 0.0850645 0.0147235
608 0.521 0.0711793 0.0138474
609 0.521 0.0691415 0.0139805
610 0.521 0.0837742 0.0146206
611 0.521 0.0620821 0.0113764
612 0.521 0.0749632 0.0145418
613 0.521 0.075242 0.0149195
614 0.521 0.0650677 0.0133139
615 0.521 0.0752737 0.0174029
616 0.521 0.0771735 0.0154219
617 0.521 0.0718769 0.0151451
618 0.521 0.0700322 0.0132398
619 0.521 0.066732 0.014043
620 0.521 0.0590603 0.0118682
621 0.521 0.0679464 0.0128335
622 0.521 0.0778784 0.014572
623 0.521 0.0716021 0.0129864
624 0.521 0.0678539 0.0134059
625 0.521 0.0772142 0.014718
626 0.521 0.0589467 0.0101883
627 0.521 0.0782187 0.0164197
628 0.521 0.0871518 0.0147093
629 0.521 0.0704211 0.0151652
630 0.521 0.0658449 0.0122465
631 0.521 0.0683996 0.0128013
632 0.521 0.0694946 0.0129948
633 0.521 0.0534763 0.00994501
634 0.521 0.0725748 0.0156542
635 0.521 0.0629821 0.0119263
636 0.58923 0.0656126 0.0137998
637 0.58923 0.0641091 0.011485
638 0.58923 0.0627233 0.0116976
639 0.58923 0.0601624 0.00986776
640 0.58923 0.0580479 0.0109746
641 0.58923 0.0573173 0.0108365
642 0.58923 0.0506809 0.00919194
643 0.58923 0.0547455 0.0092796
644 0.80366 0.0635667 0.0165232
645 1 0.0655323 0.0127849
645 0.58143 0.0445285 0.00800213
646 1 0.075288 0.0215118
646 1 0.0684433 0.0161515
646 1 0.0852657 0.0191825
646 0.57991 0.0685345 0.0136918
647 0.86715 0.0609835 0.0134685
648 0.86715 0.0644523 0.0122997
649 1.01 0.0577324 0.0122616
650 1.01 0.0611527 0.01399
651 1.01 0.0570294 0.0143497
652 1.01 0.0542983 0.0163431
653 1.01 0.0639195 0.011162
654 1.01 0.0483652 0.008101
655 1.01 0.0485192 0.00744138
656 1.01 0.0439465 0.00747527
657 1.01 0.0448016 0.00691359
658 1.01 0.0430044 0.0066215
659 1.01 0.056226 0.00898397
660 1.01 0.0580173 0.0103174
661 1.01 0.0618403 0.0113162
662 1.01 0.0670499 0.0122412
663 1.01 0.0631832 0.0106409
664 1.01 0.0548534 0.0106903
665 1.01 0.0555767 0.00960104
666 1.01 0.059987 0.00948838
667 1.01 0.0602148 0.0114545
668 1.01 0.0596527 0.0107915
669 1.01 0.069909 0.0143558
670 1.01 0.0623319 0.0121892
671 1.01 0.0553214 0.0098974
672 1.01 0.0563114 0.0119116
673 1.01 0.0500975 0.00869627
674 1.01 0.0451288 0.00749229
675 1.01 0.0605928 0.0116646
676 1.01 0.0600542 0.013144
677 1.01 0.0678223 0.0125376
678 1.01 0.0617391 0.0104808
679 1.01 0.0699853 0.0135586
680 1.01 0.0556489 0.0122245
681 1.01 0.0444817 0.00863932
682 1.01 0.0501953 0.0114817
683 1.01 0.0559507 0.010554
684 1.01 0.0696803 0.0136104
685 1.01 0.0592345 0.0114487
686 1.01 0.048556 0.0088048
687 1.01 0.0544508 0.0109301
688 1.01 0.0572072 0.0125165
689 1.01 0.0582407 0.0105909
690 1.01 0.0551214 0.00872194
691 1.01 0.0513562 0.00948766
692 1.01 0.0592979 0.011395
693 1.01 0.0733262 0.0164863
694 1.01 0.0610444 0.0121615
695 1.01 0.0581381 0.0121708
696 1.01 0.0655138 0.0131201
697 1.01 0.0543504 0.010937
698 1.01 0.057978 0.0102289
699 1.01 0.0634558 0.0132067
700 1.01 0.0696691 0.0123525
701 1.01 0.0614332 0.0118469
702 1.01 0.0618802 0.0122571
703 1.01 0.0642361 0.0122316
704 1.01 0.0638482 0.0130675
705 1.01 0.0690706 0.0147361
706 1.01 0.0679748 0.0146676
707 1.01 0.0624646 0.0116801
708 1.01 0.0648911 0.0133955
709 1.01 0.0584728 0.0110901
710 1.01 0.0624693 0.0142019
711 1.01 0.0765732 0.0159419
712 1.01 0.0613256 0.0122636
713 1.01 0.0683735 0.0130917
714 1.01 0.0530697 0.00950114
715 1.01 0.0511086 0.0108528
716 1.01 0.065135 0.0116195
717 1.01 0.0631994 0.0132481
718 1.01 0.0566589 0.0104505
719 1.01 0.067336 0.0150439
720 1.01 0.0747233 0.0149382
721 1.01 0.0566679 0.0119482
722 1.01 0.0639742 0.0146136
723 1.01 0.0550288 0.0102044
724 1.01 0.0489958 0.00875041
725 1.01 0.0603054 0.011204
726 1.01 0.0489632 0.00909902
727 1.01 0.056354 0.00914331
728 1.01 0.0516707 0.00806475
729 1.01 0.051075 0.00970149
730 1.01 0.0500286 0.0095511
731 1.01 0.0587736 0.0104993
732 1.01 0.0646048 0.0135189
733 1.01 0.0727679 0.0170373
734 1.01 0.0643819 0.013334
735 1.01 0.0612173 0.0128505
736 1.01 0.056795 0.0115845
737 1.01 0.0631625 0.0137654
738 1.01 0.0611527 0.0113196
739 1.01 0.068623 0.014915
740 1.01 0.0569707 0.0109351
741 1.01 0.0531555 0.00893436
742 1.01 0.0695775 0.0158006
743 1.01 0.0628723 0.0137324
744 1.01 0.0618795 0.0146243
745 1.01 0.0659744 0.0129191
746 1.01 0.0634237 0.0137745
747 1.01 0.0538968 0.0110684
748 1.01 0.0593328 0.0112667
749 1.01 0.0692246 0.0158166
750 1.01 0.0659953 0.0138044
751 1.01 0.0680308 0.0131252
752 1.01 0.0657663 0.0133231
753 1.01 0.0583852 0.0110613
754 1.01 0.0650274 0.014097
755 1.01 0.0604592 0.0139667
756 1.01 0.0704347 0.013797
757 1.01 0.0704942 0.0163371
758 1.01 0.0563415 0.0121113
759 1.01 0.047854 0.00736171
760 1.01 0.0621008 0.0116685
761 1.01 0.0580513 0.0128094
762 1.01 0.0576087 0.0105629
763 1.01 0.075333 0.015007
764 1.01 0.0637624 0.0129424
765 1.01 0.0527777 0.00983634
766 1.01 0.063056 0.0119704
767 1.01 0.0575004 0.0104553
768 1.01 0.0764724 0.0153779
769 1.01 0.0625199 0.0139839
770 1.01 0.0667294 0.0145788
771 1.01 0.0671362 0.0156632
772 1.01 0.0706244 0.0166199
773 1.01 0.0681051 0.0153029
774 1.01 0.0746193 0.0149665
775 1.01 0.056246 0.011014
776 1.01 0.0651337 0.0137995
777 1.01 0.0577229 0.0110494
778 1.01 0.0488926 0.00911705
779 1.01 0.0602428 0.0125721
780 1.01 0.060796 0.0122739
781 1.01 0.0535878 0.0104222
782 1.01 0.0547713 0.0105473
783 1.01 0.0589282 0.0113917
784 1.01 0.054231 0.0120523
785 1.01 0.0550503 0.010704
786 1.01 0.0517908 0.00957241
787 1.01 0.0608071 0.0113776
788 1.01 0.0648705 0.0138564
789 1.01 0.0439099 0.00783611
790 1.01 0.0604363 0.0137764
791 1.01 0.0508219 0.00904622
792 1.01 0.0538029 0.00809753
793 1.01 0.0574673 0.0110224
794 1.01 0.0560579 0.0098328
795 1.01 0.0536342 0.00946413
796 1.01 0.0621446 0.011597
797 1.01 0.0568473 0.0126798
798 1.01 0.0511852 0.0111319
799 1.01 0.0613363 0.0123929
800 1.01 0.0578519 0.0102044
801 1.01 0.0481716 0.00928842
802 1.01 0.0715644 0.0117572
803 1.01 0.0620374 0.0116834
804 1.01 0.0557507 0.0107749
805 1.01 0.0556525 0.00934154
806 1.01 0.0522568 0.00859411
807 1.01 0.0535159 0.00855956
808 1.01 0.0467593 0.00645025
809 1.01 0.0575893 0.011071
810 1.01 0.0484482 0.00792649
811 1.01 0.062298 0.0125111
812 1.01 0.0566446 0.00911534
813 1.01 0.0507202 0.00848586
814 1.01 0.0448062 0.00705856
815 1.01 0.0484485 0.00699066
816 1.01 0.0417921 0.00640811
817 1.01 0.0468037 0.00758324
818 1.01 0.0593848 0.0132143
819 1.01 0.0522446 0.00847368
820 1.01 0.0418703 0.00617615
821 1.01 0.0439675 0.00654113
822 1.01 0.047613 0.00684127
823 1.01 0.044432 0.00760979
824 1.01 0.0526581 0.00960996
825 1.01 0.0543173 0.0109346
826 1.01 0.0609339 0.0100803
827 1.01 0.0470708 0.00857096
828 1.01 0.0633326 0.0118963
829 1.01 0.0588223 0.0110329
830 1.01 0.0556219 0.0102619
831 1.01 0.0501164 0.00842901
832 1.01 0.0561081 0.0124345
833 1.01 0.061088 0.0125622
834 1.01 0.0631957 0.0131589
835 1.01 0.0679904 0.0131089
836 1.01 0.059746 0.012835
837 1.01 0.0665073 0.0124571
838 1.01 0.0662623 0.0131164
839 1.01 0.0595151 0.0119828
840 1.01 0.0551481 0.0108639
841 1.01 0.0539161 0.00866037
842 1.01 0.0493534 0.0104602
843 1.01 0.0404855 0.0081747
844 1.01 0.0498086 0.0091021
845 1.01 0.060201 0.0122428
846 1.01 0.0504827 0.00974002
847 1.01 0.0607731 0.0128731
848 1.01 0.0567076 0.0106162
849 1.01 0.0505717 0.00986989
850 1.01 0.0572008 0.0137415
851 1.01 0.0503002 0.00844187
852 1.01 0.0525094 0.011171
853 1.01 0.0584166 0.00958674
854 1.01 0.0575519 0.00992699
855 1.01 0.0552107 0.00866038
856 1.01 0.0537192 0.0105124
857 1.01 0.0547148 0.00964414
858 1.01 0.0468546 0.00783529
859 1.01 0.0592805 0.0119945
860 1.01 0.0518959 0.00937446
861 1.01 0.0555661 0.010678
862 1.01 0.0662032 0.0142664
863 1.01 0.0644284 0.0132833
864 1.01 0.0661497 0.0130831
865 1.01 0.0484431 0.00863868
866 1.01 0.0537811 0.00910754
867 1.01 0.0603554 0.0117914
868 1.01 0.0519765 0.00963501
869 1.01 0.0547476 0.010521
870 1.01 0.043799 0.00635462
871 1.01 0.0527545 0.00829536
872 1.01 0.054389 0.0105025
873 1.01 0.0475246 0.00726978
874 1.01 0.0651767 0.0133112
875 1.01 0.0647327 0.0135388
876 1.01 0.0487253 0.0100756
877 1.01 0.0610735 0.0119447
878 1.01 0.0593734 0.00989979
879 1.01 0.0608769 0.0129926
880 1.01 0.0633969 0.0136173
881 1.01 0.064388 0.0124241
882 1.01 0.0529866 0.00835034
883 1.01 0.0697477 0.0134023
884 1.01 0.0617335 0.0126559
885 1.01 0.0491701 0.00862728
886 1.01 0.066188 0.0119542
887 1.01 0.0530415 0.0092375
888 1.01 0.0563122 0.0101424
889 1.01 0.0565005 0.0107233
890 1.01 0.0473382 0.0089004
891 1.01 0.0603656 0.011781
892 1.01 0.0570195 0.0106578
893 1.01 0.056944 0.0134907
894 1.01 0.0546807 0.0102427
895 1.01 0.0554324 0.00992901
896 1.01 0.0576208 0.0112645
897 1.01 0.0587375 0.00984163
898 1.01 0.0459873 0.00822128
899 1.01 0.0641376 0.0119083
900 1.01 0.0479207 0.00882622
901 1.01 0.0475355 0.00920574
902 1.01 0.0545974 0.0110584
903 1.01 0.0543495 0.0104843
904 1.01 0.0557189 0.0100066
905 1.01 0.0512064 0.00996708
906 1.01 0.0612539 0.0114334
907 1.01 0.0427311 0.00676085
908 1.01 0.0591806 0.00862352
909 1.01 0.051662 0.00834407
910 1.01 0.0516656 0.00857052
911 1.01 0.0559949 0.0107124
912 1.01 0.0579182 0.00999981
913 1.01 0.0645054 0.0134014
914 1.01 0.0638355 0.0128482
915 1.01 0.0775656 0.0143923
916 1.01 0.0456097 0.00684043
917 1.01 0.0574555 0.0108763
918 1.01 0.0559934 0.0116195
919 1.01 0.066952 0.016251
920 1.01 0.0512161 0.00928064
921 1.01 0.0616301 0.0116811
922 1.01 0.0525188 0.0105276
923 1.01 0.0626769 0.0103382
924 1.01 0.063078 0.0121265
925 1.01 0.0654694 0.014209
926 1.01 0.0570126 0.0106401
927 1.01 0.0678042 0.0146686
928 1.01 0.055502 0.0111523
929 1.01 0.0517027 0.00955276
930 1.01 0.0813379 0.0161633
931 1.01 0.0529879 0.009551
932 1.01 0.0680203 0.0161392
933 1.01 0.0650574 0.0166006
934 1.01 0.0492015 0.00946943
935 1.01 0.0506472 0.00829651
936 1.01 0.0613799 0.0150413
937 1.01 0.0618407 0.0146276
938 1.01 0.0550463 0.00999775
939 1.01 0.0751006 0.013595
940 1.01 0.0607286 0.0124146
941 1.01 0.068778 0.0139705
942 1.01 0.0581876 0.0150284
943 1.01 0.0732071 0.0229937
944 1.01 0.07892 0.0210804
945 1.01 0.0633569 0.0158963
946 1.01 0.0761935 0.0204066
947 1.01 0.0740111 0.020227
948 1.01 0.0667796 0.0133025
949 1.01 0.0649575 0.0140406
950 1.01 0.0616567 0.0142753
951 1.01 0.0789115 0.0221772
952 1.01 0.0648667 0.0156725
953 1.01 0.0610978 0.0122997
954 1.01 0.0686405 0.0132679
955 1.01 0.0733732 0.0200629
956 1.01 0.0716066 0.0153879
957 1.01 0.0728379 0.0211366
958 1.01 0.0630591 0.0168228
959 1.01 0.0667 0.0186151
960 1.01 0.0758498 0.0168597
961 1.01 0.0628401 0.0157209
962 1.01 0.0837285 0.0202117
963 1.01 0.0736121 0.0146464
964 1.01 0.0801877 0.030619
965 1.01 0.0693984 0.0231097
966 1.02 0.0812208 0.0248297
967 1.02 0.0788504 0.0310729
968 1.02 0.0792006 0.0316336
969 1.02 0.0790716 0.0193762
970 1.02 0.0792437 0.0296061
971 1.02 0.0851977 0.0332684
972 1.02 0.0822721 0.0239242
973 1.02 0.0757595 0.0296883
974 1.02 0.0874821 0.0283393
975 1.02 0.0833543 0.0341311
976 1.02 0.0667791 0.0228036
977 1.02 0.0710266 0.0280369
978 1.02 0.103036 0.0458001
979 1.02 0.0847256 0.0316142
980 1.02 0.0903639 0.0352542
981 1.02 0.0714004 0.0267003
982 1.02 0.0796252 0.0324729
983 1.02 0.0805983 0.0237715
984 1.02 0.0980167 0.0412249
985 1.02 0.0878073 0.0386754
986 1.02 0.102394 0.043974
987 1.02 0.0989214 0.0403639
988 1.02 0.0719196 0.0267815
989 1.02 0.0908644 0.0400694
990 1.02 0.071589 0.0300106
991 1.02 0.0916528 0.0434513
992 1.02 0.0682419 0.0237314
993 1.02 0.0827628 0.0281678
994 1.02 0.0783606 0.0180484
995 1.02 0.0739525 0.021955
996 1.02 0.076567 0.0343032
997 1.02 0.0829309 0.0296105
998 1.02 0.0608274 0.0147022
999 1.02 0.0666472 0.0221942
1000 1.02 0.0655997 0.0211283
